# Blender v2.79 (sub 0) OBJ File: ''
# www.blender.org
v -5.000000 0.000000 5.000000
v -5.000000 0.000000 4.655172
v -5.000000 0.000000 4.310345
v -5.000000 0.000000 3.965517
v -5.000000 0.000000 3.620689
v -5.000000 0.000000 3.275862
v -5.000000 0.000000 2.931035
v -5.000000 0.000000 2.586207
v -5.000000 0.000000 2.241379
v -5.000000 0.000000 1.896552
v -5.000000 0.000000 1.551724
v -5.000000 0.000000 1.206897
v -5.000000 0.000000 0.862069
v -5.000000 0.000000 0.517241
v -5.000000 0.000000 0.172414
v -5.000000 0.000000 -0.172414
v -5.000000 0.000000 -0.517241
v -5.000000 0.000000 -0.862069
v -5.000000 0.000000 -1.206897
v -5.000000 0.000000 -1.551724
v -5.000000 0.000000 -1.896552
v -5.000000 0.000000 -2.241379
v -5.000000 0.000000 -2.586207
v -5.000000 0.000000 -2.931035
v -5.000000 0.000000 -3.275862
v -5.000000 0.000000 -3.620689
v -5.000000 0.000000 -3.965517
v -5.000000 0.000000 -4.310345
v -5.000000 0.000000 -4.655172
v -5.000000 0.000000 -5.000000
v -4.655172 0.000000 5.000000
v -4.655172 0.000000 4.655172
v -4.655172 0.000000 4.310345
v -4.655172 0.000000 3.965517
v -4.655172 0.000000 3.620689
v -4.655172 -0.010567 3.275862
v -4.655172 -0.042128 2.931035
v -4.655172 -0.069369 2.586207
v -4.655172 -0.081357 2.241379
v -4.655172 -0.099903 1.896552
v -4.655172 -0.104807 1.551724
v -4.655172 -0.098348 1.206897
v -4.655172 -0.095547 0.862069
v -4.655172 -0.092348 0.517241
v -4.655172 -0.089988 0.172414
v -4.655172 -0.066720 -0.172414
v -4.655172 -0.042731 -0.517241
v -4.655172 -0.034139 -0.862069
v -4.655172 -0.009816 -1.206897
v -4.655172 0.011121 -1.551724
v -4.655172 0.009383 -1.896552
v -4.655172 0.009502 -2.241379
v -4.655172 0.006741 -2.586207
v -4.655172 0.005523 -2.931035
v -4.655172 0.002098 -3.275862
v -4.655172 0.000000 -3.620689
v -4.655172 0.000000 -3.965517
v -4.655172 0.000000 -4.310345
v -4.655172 0.000000 -4.655172
v -4.655172 0.000000 -5.000000
v -4.310345 0.000000 5.000000
v -4.310345 0.000000 4.655172
v -4.310345 0.000000 4.310345
v -4.310345 -0.006352 3.965517
v -4.310345 -0.070429 3.620689
v -4.310345 -0.158753 3.275862
v -4.310345 -0.250481 2.931035
v -4.310345 -0.301808 2.586207
v -4.310345 -0.335075 2.241379
v -4.310345 -0.372011 1.896552
v -4.310345 -0.364859 1.551724
v -4.310345 -0.341039 1.206897
v -4.310345 -0.340063 0.862069
v -4.310345 -0.291085 0.517241
v -4.310345 -0.276783 0.172414
v -4.310345 -0.204111 -0.172414
v -4.310345 -0.131667 -0.517241
v -4.310345 -0.079556 -0.862069
v -4.310345 -0.001353 -1.206897
v -4.310345 0.042478 -1.551724
v -4.310345 0.081306 -1.896552
v -4.310345 0.047077 -2.241379
v -4.310345 0.051860 -2.586207
v -4.310345 0.044148 -2.931035
v -4.310345 0.050014 -3.275862
v -4.310345 0.029599 -3.620689
v -4.310345 0.002597 -3.965517
v -4.310345 0.000000 -4.310345
v -4.310345 0.000000 -4.655172
v -4.310345 0.000000 -5.000000
v -3.965517 0.000000 5.000000
v -3.965517 0.000000 4.655172
v -3.965517 -0.004868 4.310345
v -3.965517 -0.085478 3.965517
v -3.965517 -0.229371 3.620689
v -3.965517 -0.389424 3.275862
v -3.965517 -0.490356 2.931035
v -3.965517 -0.590027 2.586207
v -3.965517 -0.603257 2.241379
v -3.965517 -0.702065 1.896552
v -3.965517 -0.710165 1.551724
v -3.965517 -0.654890 1.206897
v -3.965517 -0.601837 0.862069
v -3.965517 -0.539361 0.517241
v -3.965517 -0.504591 0.172414
v -3.965517 -0.331263 -0.172414
v -3.965517 -0.177191 -0.517241
v -3.965517 -0.111965 -0.862069
v -3.965517 0.061443 -1.206897
v -3.965517 0.193806 -1.551724
v -3.965517 0.208033 -1.896552
v -3.965517 0.199173 -2.241379
v -3.965517 0.194090 -2.586207
v -3.965517 0.175197 -2.931035
v -3.965517 0.167681 -3.275862
v -3.965517 0.130255 -3.620689
v -3.965517 0.057715 -3.965517
v -3.965517 0.003114 -4.310345
v -3.965517 0.000000 -4.655172
v -3.965517 0.000000 -5.000000
v -3.620689 0.000000 5.000000
v -3.620689 0.000000 4.655172
v -3.620689 -0.051078 4.310345
v -3.620689 -0.195884 3.965517
v -3.620689 -0.411261 3.620689
v -3.620689 -0.686556 3.275862
v -3.620689 -0.771298 2.931035
v -3.620689 -0.860498 2.586207
v -3.620689 -0.815863 2.241379
v -3.620689 -0.866075 1.896552
v -3.620689 -0.881248 1.551724
v -3.620689 -0.847135 1.206897
v -3.620689 -0.727051 0.862069
v -3.620689 -0.696513 0.517241
v -3.620689 -0.609876 0.172414
v -3.620689 -0.392033 -0.172414
v -3.620689 -0.229706 -0.517241
v -3.620689 -0.064750 -0.862069
v -3.620689 0.069383 -1.206897
v -3.620689 0.297900 -1.551724
v -3.620689 0.337280 -1.896552
v -3.620689 0.328819 -2.241379
v -3.620689 0.280851 -2.586207
v -3.620689 0.262129 -2.931035
v -3.620689 0.242818 -3.275862
v -3.620689 0.246963 -3.620689
v -3.620689 0.131848 -3.965517
v -3.620689 0.034833 -4.310345
v -3.620689 0.000000 -4.655172
v -3.620689 0.000000 -5.000000
v -3.275862 0.000000 5.000000
v -3.275862 -0.007409 4.655172
v -3.275862 -0.120915 4.310345
v -3.275862 -0.297006 3.965517
v -3.275862 -0.546578 3.620689
v -3.275862 -0.849670 3.275862
v -3.275862 -1.062143 2.931035
v -3.275862 -1.079495 2.586207
v -3.275862 -0.986118 2.241379
v -3.275862 -0.884669 1.896552
v -3.275862 -0.908510 1.551724
v -3.275862 -0.767350 1.206897
v -3.275862 -0.708990 0.862069
v -3.275862 -0.508521 0.517241
v -3.275862 -0.506715 0.172414
v -3.275862 -0.450023 -0.172414
v -3.275862 -0.259263 -0.517241
v -3.275862 -0.095665 -0.862069
v -3.275862 0.214881 -1.206897
v -3.275862 0.311304 -1.551724
v -3.275862 0.528063 -1.896552
v -3.275862 0.449875 -2.241379
v -3.275862 0.314881 -2.586207
v -3.275862 0.333053 -2.931035
v -3.275862 0.326373 -3.275862
v -3.275862 0.313006 -3.620689
v -3.275862 0.228144 -3.965517
v -3.275862 0.088558 -4.310345
v -3.275862 0.004497 -4.655172
v -3.275862 0.000000 -5.000000
v -2.931035 0.000000 5.000000
v -2.931035 -0.030999 4.655172
v -2.931035 -0.193642 4.310345
v -2.931035 -0.424364 3.965517
v -2.931035 -0.675400 3.620689
v -2.931035 -0.925920 3.275862
v -2.931035 -1.132220 2.931035
v -2.931035 -1.061288 2.586207
v -2.931035 -0.884332 2.241379
v -2.931035 -0.979472 1.896552
v -2.931035 -0.906040 1.551724
v -2.931035 -0.631568 1.206897
v -2.931035 -0.421529 0.862069
v -2.931035 -0.264377 0.517241
v -2.931035 -0.276169 0.172414
v -2.931035 -0.196873 -0.172414
v -2.931035 -0.175166 -0.517241
v -2.931035 0.064247 -0.862069
v -2.931035 0.339182 -1.206897
v -2.931035 0.570815 -1.551724
v -2.931035 0.595254 -1.896552
v -2.931035 0.429679 -2.241379
v -2.931035 0.434881 -2.586207
v -2.931035 0.495622 -2.931035
v -2.931035 0.448051 -3.275862
v -2.931035 0.349911 -3.620689
v -2.931035 0.281078 -3.965517
v -2.931035 0.116791 -4.310345
v -2.931035 0.014351 -4.655172
v -2.931035 0.000000 -5.000000
v -2.586207 0.000000 5.000000
v -2.586207 -0.054169 4.655172
v -2.586207 -0.249930 4.310345
v -2.586207 -0.536805 3.965517
v -2.586207 -0.768226 3.620689
v -2.586207 -0.997509 3.275862
v -2.586207 -1.030032 2.931035
v -2.586207 -1.072955 2.586207
v -2.586207 -0.848076 2.241379
v -2.586207 -0.921046 1.896552
v -2.586207 -0.738576 1.551724
v -2.586207 -0.321949 1.206897
v -2.586207 -0.046670 0.862069
v -2.586207 0.002707 0.517241
v -2.586207 0.135361 0.172414
v -2.586207 -0.055858 -0.172414
v -2.586207 -0.023023 -0.517241
v -2.586207 0.305270 -0.862069
v -2.586207 0.421957 -1.206897
v -2.586207 0.741459 -1.551724
v -2.586207 0.680209 -1.896552
v -2.586207 0.606769 -2.241379
v -2.586207 0.724729 -2.586207
v -2.586207 0.632123 -2.931035
v -2.586207 0.564063 -3.275862
v -2.586207 0.430791 -3.620689
v -2.586207 0.355174 -3.965517
v -2.586207 0.153549 -4.310345
v -2.586207 0.031051 -4.655172
v -2.586207 0.000000 -5.000000
v -2.241379 0.000000 5.000000
v -2.241379 -0.067697 4.655172
v -2.241379 -0.272524 4.310345
v -2.241379 -0.591194 3.965517
v -2.241379 -0.852281 3.620689
v -2.241379 -1.058173 3.275862
v -2.241379 -1.128263 2.931035
v -2.241379 -1.022096 2.586207
v -2.241379 -0.916698 2.241379
v -2.241379 -0.729675 1.896552
v -2.241379 -0.487712 1.551724
v -2.241379 -0.275431 1.206897
v -2.241379 0.056234 0.862069
v -2.241379 0.246645 0.517241
v -2.241379 0.366467 0.172414
v -2.241379 0.190274 -0.172414
v -2.241379 0.327088 -0.517241
v -2.241379 0.668218 -0.862069
v -2.241379 0.536153 -1.206897
v -2.241379 0.711384 -1.551724
v -2.241379 0.742323 -1.896552
v -2.241379 0.813501 -2.241379
v -2.241379 0.890602 -2.586207
v -2.241379 0.913387 -2.931035
v -2.241379 0.749040 -3.275862
v -2.241379 0.606622 -3.620689
v -2.241379 0.459922 -3.965517
v -2.241379 0.216572 -4.310345
v -2.241379 0.054982 -4.655172
v -2.241379 0.000000 -5.000000
v -1.896552 0.000000 5.000000
v -1.896552 -0.063715 4.655172
v -1.896552 -0.221883 4.310345
v -1.896552 -0.525839 3.965517
v -1.896552 -0.869534 3.620689
v -1.896552 -1.059655 3.275862
v -1.896552 -1.041057 2.931035
v -1.896552 -0.903230 2.586207
v -1.896552 -0.949158 2.241379
v -1.896552 -0.538560 1.896552
v -1.896552 -0.065965 1.551724
v -1.896552 0.086407 1.206897
v -1.896552 0.162638 0.862069
v -1.896552 0.535752 0.517241
v -1.896552 0.630780 0.172414
v -1.896552 0.601932 -0.172414
v -1.896552 0.851742 -0.517241
v -1.896552 0.878899 -0.862069
v -1.896552 0.829326 -1.206897
v -1.896552 0.675155 -1.551724
v -1.896552 0.709381 -1.896552
v -1.896552 0.924368 -2.241379
v -1.896552 1.114678 -2.586207
v -1.896552 1.085525 -2.931035
v -1.896552 0.669503 -3.275862
v -1.896552 0.604081 -3.620689
v -1.896552 0.508449 -3.965517
v -1.896552 0.258320 -4.310345
v -1.896552 0.070621 -4.655172
v -1.896552 0.000000 -5.000000
v -1.551724 0.000000 5.000000
v -1.551724 -0.055123 4.655172
v -1.551724 -0.197446 4.310345
v -1.551724 -0.440851 3.965517
v -1.551724 -0.695874 3.620689
v -1.551724 -0.832694 3.275862
v -1.551724 -0.847489 2.931035
v -1.551724 -0.900112 2.586207
v -1.551724 -0.705681 2.241379
v -1.551724 -0.320912 1.896552
v -1.551724 0.143183 1.551724
v -1.551724 0.340839 1.206897
v -1.551724 0.403662 0.862069
v -1.551724 0.548028 0.517241
v -1.551724 0.995667 0.172414
v -1.551724 1.139761 -0.172414
v -1.551724 1.114230 -0.517241
v -1.551724 1.078403 -0.862069
v -1.551724 0.831446 -1.206897
v -1.551724 0.693091 -1.551724
v -1.551724 0.737709 -1.896552
v -1.551724 0.867318 -2.241379
v -1.551724 0.840997 -2.586207
v -1.551724 0.849295 -2.931035
v -1.551724 0.521364 -3.275862
v -1.551724 0.530128 -3.620689
v -1.551724 0.513883 -3.965517
v -1.551724 0.256804 -4.310345
v -1.551724 0.072226 -4.655172
v -1.551724 0.000000 -5.000000
v -1.206897 0.000000 5.000000
v -1.206897 -0.046944 4.655172
v -1.206897 -0.170398 4.310345
v -1.206897 -0.360985 3.965517
v -1.206897 -0.561009 3.620689
v -1.206897 -0.721421 3.275862
v -1.206897 -0.889626 2.931035
v -1.206897 -0.813984 2.586207
v -1.206897 -0.426308 2.241379
v -1.206897 -0.217313 1.896552
v -1.206897 0.297676 1.551724
v -1.206897 0.513756 1.206897
v -1.206897 0.752993 0.862069
v -1.206897 0.882450 0.517241
v -1.206897 1.132094 0.172414
v -1.206897 1.453997 -0.172414
v -1.206897 1.252526 -0.517241
v -1.206897 0.961778 -0.862069
v -1.206897 0.625798 -1.206897
v -1.206897 0.581125 -1.551724
v -1.206897 0.373694 -1.896552
v -1.206897 0.410738 -2.241379
v -1.206897 0.571178 -2.586207
v -1.206897 0.550931 -2.931035
v -1.206897 0.448097 -3.275862
v -1.206897 0.535744 -3.620689
v -1.206897 0.511324 -3.965517
v -1.206897 0.272165 -4.310345
v -1.206897 0.077663 -4.655172
v -1.206897 0.000000 -5.000000
v -0.862069 0.000000 5.000000
v -0.862069 -0.037818 4.655172
v -0.862069 -0.110590 4.310345
v -0.862069 -0.283746 3.965517
v -0.862069 -0.379757 3.620689
v -0.862069 -0.497625 3.275862
v -0.862069 -0.695888 2.931035
v -0.862069 -0.495177 2.586207
v -0.862069 -0.154448 2.241379
v -0.862069 -0.030240 1.896552
v -0.862069 0.224065 1.551724
v -0.862069 0.541081 1.206897
v -0.862069 0.768903 0.862069
v -0.862069 1.037739 0.517241
v -0.862069 1.241290 0.172414
v -0.862069 1.254471 -0.172414
v -0.862069 1.029210 -0.517241
v -0.862069 0.776604 -0.862069
v -0.862069 0.485470 -1.206897
v -0.862069 0.261058 -1.551724
v -0.862069 0.300982 -1.896552
v -0.862069 0.224839 -2.241379
v -0.862069 0.359735 -2.586207
v -0.862069 0.454451 -2.931035
v -0.862069 0.392269 -3.275862
v -0.862069 0.468684 -3.620689
v -0.862069 0.439864 -3.965517
v -0.862069 0.285946 -4.310345
v -0.862069 0.083318 -4.655172
v -0.862069 0.000000 -5.000000
v -0.517241 0.000000 5.000000
v -0.517241 -0.013072 4.655172
v -0.517241 -0.041666 4.310345
v -0.517241 -0.074520 3.965517
v -0.517241 -0.045297 3.620689
v -0.517241 -0.153371 3.275862
v -0.517241 -0.219846 2.931035
v -0.517241 0.007218 2.586207
v -0.517241 0.361729 2.241379
v -0.517241 0.360525 1.896552
v -0.517241 0.566786 1.551724
v -0.517241 0.736079 1.206897
v -0.517241 0.849432 0.862069
v -0.517241 0.827783 0.517241
v -0.517241 1.170033 0.172414
v -0.517241 0.987719 -0.172414
v -0.517241 0.754872 -0.517241
v -0.517241 0.669893 -0.862069
v -0.517241 0.277109 -1.206897
v -0.517241 0.063831 -1.551724
v -0.517241 -0.010558 -1.896552
v -0.517241 0.005227 -2.241379
v -0.517241 0.074582 -2.586207
v -0.517241 0.431059 -2.931035
v -0.517241 0.457148 -3.275862
v -0.517241 0.415927 -3.620689
v -0.517241 0.356015 -3.965517
v -0.517241 0.228087 -4.310345
v -0.517241 0.079180 -4.655172
v -0.517241 0.000000 -5.000000
v -0.172414 0.000000 5.000000
v -0.172414 -0.007567 4.655172
v -0.172414 -0.007921 4.310345
v -0.172414 0.068905 3.965517
v -0.172414 0.121660 3.620689
v -0.172414 0.072937 3.275862
v -0.172414 0.164069 2.931035
v -0.172414 0.485393 2.586207
v -0.172414 0.647402 2.241379
v -0.172414 0.759435 1.896552
v -0.172414 0.759979 1.551724
v -0.172414 0.731458 1.206897
v -0.172414 0.824695 0.862069
v -0.172414 0.841727 0.517241
v -0.172414 1.103538 0.172414
v -0.172414 0.988776 -0.172414
v -0.172414 0.740863 -0.517241
v -0.172414 0.561825 -0.862069
v -0.172414 0.011224 -1.206897
v -0.172414 -0.044598 -1.551724
v -0.172414 -0.136026 -1.896552
v -0.172414 -0.297781 -2.241379
v -0.172414 -0.229869 -2.586207
v -0.172414 0.187256 -2.931035
v -0.172414 0.391287 -3.275862
v -0.172414 0.367241 -3.620689
v -0.172414 0.297502 -3.965517
v -0.172414 0.155929 -4.310345
v -0.172414 0.062863 -4.655172
v -0.172414 0.000000 -5.000000
v 0.172414 0.000000 5.000000
v 0.172414 -0.013692 4.655172
v 0.172414 -0.007190 4.310345
v 0.172414 0.109972 3.965517
v 0.172414 0.178532 3.620689
v 0.172414 0.281790 3.275862
v 0.172414 0.463594 2.931035
v 0.172414 0.642732 2.586207
v 0.172414 0.884312 2.241379
v 0.172414 0.859177 1.896552
v 0.172414 0.694367 1.551724
v 0.172414 0.652029 1.206897
v 0.172414 0.503133 0.862069
v 0.172414 0.720791 0.517241
v 0.172414 0.818793 0.172414
v 0.172414 0.573162 -0.172414
v 0.172414 0.306828 -0.517241
v 0.172414 0.110542 -0.862069
v 0.172414 -0.169248 -1.206897
v 0.172414 -0.196739 -1.551724
v 0.172414 -0.377763 -1.896552
v 0.172414 -0.477934 -2.241379
v 0.172414 -0.315244 -2.586207
v 0.172414 -0.057735 -2.931035
v 0.172414 0.178258 -3.275862
v 0.172414 0.211703 -3.620689
v 0.172414 0.198122 -3.965517
v 0.172414 0.131115 -4.310345
v 0.172414 0.055515 -4.655172
v 0.172414 0.000000 -5.000000
v 0.517241 0.000000 5.000000
v 0.517241 -0.004650 4.655172
v 0.517241 0.008359 4.310345
v 0.517241 0.137844 3.965517
v 0.517241 0.168605 3.620689
v 0.517241 0.249020 3.275862
v 0.517241 0.603297 2.931035
v 0.517241 0.931071 2.586207
v 0.517241 1.022025 2.241379
v 0.517241 1.122622 1.896552
v 0.517241 1.075024 1.551724
v 0.517241 0.806184 1.206897
v 0.517241 0.735176 0.862069
v 0.517241 0.954188 0.517241
v 0.517241 0.666547 0.172414
v 0.517241 0.336134 -0.172414
v 0.517241 0.057651 -0.517241
v 0.517241 -0.296538 -0.862069
v 0.517241 -0.429276 -1.206897
v 0.517241 -0.506704 -1.551724
v 0.517241 -0.872886 -1.896552
v 0.517241 -0.849397 -2.241379
v 0.517241 -0.458354 -2.586207
v 0.517241 -0.258353 -2.931035
v 0.517241 -0.060144 -3.275862
v 0.517241 0.035875 -3.620689
v 0.517241 0.055090 -3.965517
v 0.517241 0.080457 -4.310345
v 0.517241 0.039864 -4.655172
v 0.517241 0.000000 -5.000000
v 0.862069 0.000000 5.000000
v 0.862069 -0.002912 4.655172
v 0.862069 0.019712 4.310345
v 0.862069 0.090557 3.965517
v 0.862069 0.192058 3.620689
v 0.862069 0.358750 3.275862
v 0.862069 0.750783 2.931035
v 0.862069 1.130671 2.586207
v 0.862069 1.323237 2.241379
v 0.862069 1.531054 1.896552
v 0.862069 1.376039 1.551724
v 0.862069 1.157587 1.206897
v 0.862069 0.791509 0.862069
v 0.862069 0.665641 0.517241
v 0.862069 0.666403 0.172414
v 0.862069 0.393206 -0.172414
v 0.862069 -0.188726 -0.517241
v 0.862069 -0.538885 -0.862069
v 0.862069 -0.833828 -1.206897
v 0.862069 -0.944863 -1.551724
v 0.862069 -0.956941 -1.896552
v 0.862069 -0.979390 -2.241379
v 0.862069 -0.686027 -2.586207
v 0.862069 -0.420476 -2.931035
v 0.862069 -0.132589 -3.275862
v 0.862069 -0.083505 -3.620689
v 0.862069 -0.019322 -3.965517
v 0.862069 0.019980 -4.310345
v 0.862069 0.022148 -4.655172
v 0.862069 0.000000 -5.000000
v 1.206897 0.000000 5.000000
v 1.206897 -0.000150 4.655172
v 1.206897 0.024845 4.310345
v 1.206897 0.091749 3.965517
v 1.206897 0.199386 3.620689
v 1.206897 0.420447 3.275862
v 1.206897 0.754949 2.931035
v 1.206897 1.053242 2.586207
v 1.206897 1.481657 2.241379
v 1.206897 1.599092 1.896552
v 1.206897 1.385005 1.551724
v 1.206897 1.131262 1.206897
v 1.206897 0.814997 0.862069
v 1.206897 0.517628 0.517241
v 1.206897 0.380754 0.172414
v 1.206897 0.067692 -0.172414
v 1.206897 -0.428788 -0.517241
v 1.206897 -0.846512 -0.862069
v 1.206897 -0.982476 -1.206897
v 1.206897 -1.122728 -1.551724
v 1.206897 -1.313737 -1.896552
v 1.206897 -1.235593 -2.241379
v 1.206897 -0.838424 -2.586207
v 1.206897 -0.492998 -2.931035
v 1.206897 -0.356327 -3.275862
v 1.206897 -0.244247 -3.620689
v 1.206897 -0.109564 -3.965517
v 1.206897 -0.027908 -4.310345
v 1.206897 -0.003582 -4.655172
v 1.206897 0.000000 -5.000000
v 1.551724 0.000000 5.000000
v 1.551724 0.003663 4.655172
v 1.551724 0.013576 4.310345
v 1.551724 0.040043 3.965517
v 1.551724 0.211680 3.620689
v 1.551724 0.432977 3.275862
v 1.551724 0.570288 2.931035
v 1.551724 0.915867 2.586207
v 1.551724 1.291679 2.241379
v 1.551724 1.258060 1.896552
v 1.551724 1.255420 1.551724
v 1.551724 1.138121 1.206897
v 1.551724 0.859603 0.862069
v 1.551724 0.354692 0.517241
v 1.551724 -0.036972 0.172414
v 1.551724 -0.283421 -0.172414
v 1.551724 -0.444104 -0.517241
v 1.551724 -0.927632 -0.862069
v 1.551724 -0.991753 -1.206897
v 1.551724 -1.088523 -1.551724
v 1.551724 -1.365017 -1.896552
v 1.551724 -1.520474 -2.241379
v 1.551724 -1.316699 -2.586207
v 1.551724 -1.049636 -2.931035
v 1.551724 -0.800584 -3.275862
v 1.551724 -0.460073 -3.620689
v 1.551724 -0.289962 -3.965517
v 1.551724 -0.130820 -4.310345
v 1.551724 -0.032879 -4.655172
v 1.551724 0.000000 -5.000000
v 1.896552 0.000000 5.000000
v 1.896552 0.011424 4.655172
v 1.896552 0.032580 4.310345
v 1.896552 0.016770 3.965517
v 1.896552 0.148247 3.620689
v 1.896552 0.389413 3.275862
v 1.896552 0.527470 2.931035
v 1.896552 0.811335 2.586207
v 1.896552 1.016057 2.241379
v 1.896552 1.219732 1.896552
v 1.896552 1.115929 1.551724
v 1.896552 0.832067 1.206897
v 1.896552 0.465281 0.862069
v 1.896552 0.056664 0.517241
v 1.896552 -0.036261 0.172414
v 1.896552 -0.484216 -0.172414
v 1.896552 -0.868296 -0.517241
v 1.896552 -1.156917 -0.862069
v 1.896552 -1.173198 -1.206897
v 1.896552 -1.172507 -1.551724
v 1.896552 -1.586349 -1.896552
v 1.896552 -1.564476 -2.241379
v 1.896552 -1.502683 -2.586207
v 1.896552 -1.332281 -2.931035
v 1.896552 -1.070307 -3.275862
v 1.896552 -0.819757 -3.620689
v 1.896552 -0.501061 -3.965517
v 1.896552 -0.248103 -4.310345
v 1.896552 -0.057318 -4.655172
v 1.896552 0.000000 -5.000000
v 2.241379 0.000000 5.000000
v 2.241379 0.027106 4.655172
v 2.241379 0.064852 4.310345
v 2.241379 0.077359 3.965517
v 2.241379 0.211121 3.620689
v 2.241379 0.389248 3.275862
v 2.241379 0.523656 2.931035
v 2.241379 0.845909 2.586207
v 2.241379 1.046470 2.241379
v 2.241379 1.206534 1.896552
v 2.241379 1.108441 1.551724
v 2.241379 0.786605 1.206897
v 2.241379 0.701273 0.862069
v 2.241379 0.264329 0.517241
v 2.241379 -0.089766 0.172414
v 2.241379 -0.519008 -0.172414
v 2.241379 -0.873317 -0.517241
v 2.241379 -1.218485 -0.862069
v 2.241379 -1.331990 -1.206897
v 2.241379 -1.463920 -1.551724
v 2.241379 -1.721178 -1.896552
v 2.241379 -1.742505 -2.241379
v 2.241379 -1.768247 -2.586207
v 2.241379 -1.588950 -2.931035
v 2.241379 -1.375384 -3.275862
v 2.241379 -1.027645 -3.620689
v 2.241379 -0.625035 -3.965517
v 2.241379 -0.292316 -4.310345
v 2.241379 -0.066438 -4.655172
v 2.241379 0.000000 -5.000000
v 2.586207 0.000000 5.000000
v 2.586207 0.036157 4.655172
v 2.586207 0.140469 4.310345
v 2.586207 0.226338 3.965517
v 2.586207 0.278287 3.620689
v 2.586207 0.376161 3.275862
v 2.586207 0.541067 2.931035
v 2.586207 0.697221 2.586207
v 2.586207 0.946051 2.241379
v 2.586207 0.908270 1.896552
v 2.586207 0.901217 1.551724
v 2.586207 0.927906 1.206897
v 2.586207 0.736656 0.862069
v 2.586207 0.221274 0.517241
v 2.586207 -0.233269 0.172414
v 2.586207 -0.438296 -0.172414
v 2.586207 -0.919388 -0.517241
v 2.586207 -1.226484 -0.862069
v 2.586207 -1.348408 -1.206897
v 2.586207 -1.693119 -1.551724
v 2.586207 -1.587654 -1.896552
v 2.586207 -1.629985 -2.241379
v 2.586207 -1.703104 -2.586207
v 2.586207 -1.658468 -2.931035
v 2.586207 -1.534868 -3.275862
v 2.586207 -1.119889 -3.620689
v 2.586207 -0.656074 -3.965517
v 2.586207 -0.299851 -4.310345
v 2.586207 -0.058743 -4.655172
v 2.586207 0.000000 -5.000000
v 2.931035 0.000000 5.000000
v 2.931035 0.021855 4.655172
v 2.931035 0.130080 4.310345
v 2.931035 0.270708 3.965517
v 2.931035 0.372983 3.620689
v 2.931035 0.425128 3.275862
v 2.931035 0.499077 2.931035
v 2.931035 0.668197 2.586207
v 2.931035 0.712587 2.241379
v 2.931035 0.773861 1.896552
v 2.931035 0.928209 1.551724
v 2.931035 0.752493 1.206897
v 2.931035 0.446620 0.862069
v 2.931035 0.117196 0.517241
v 2.931035 -0.196346 0.172414
v 2.931035 -0.389907 -0.172414
v 2.931035 -0.885655 -0.517241
v 2.931035 -1.143360 -0.862069
v 2.931035 -1.447263 -1.206897
v 2.931035 -1.622167 -1.551724
v 2.931035 -1.643499 -1.896552
v 2.931035 -1.508359 -2.241379
v 2.931035 -1.524434 -2.586207
v 2.931035 -1.490070 -2.931035
v 2.931035 -1.349934 -3.275862
v 2.931035 -1.022259 -3.620689
v 2.931035 -0.589370 -3.965517
v 2.931035 -0.269744 -4.310345
v 2.931035 -0.037432 -4.655172
v 2.931035 0.000000 -5.000000
v 3.275862 0.000000 5.000000
v 3.275862 0.006624 4.655172
v 3.275862 0.100075 4.310345
v 3.275862 0.254634 3.965517
v 3.275862 0.432294 3.620689
v 3.275862 0.550109 3.275862
v 3.275862 0.675509 2.931035
v 3.275862 0.584635 2.586207
v 3.275862 0.438079 2.241379
v 3.275862 0.466578 1.896552
v 3.275862 0.521828 1.551724
v 3.275862 0.487756 1.206897
v 3.275862 0.230106 0.862069
v 3.275862 0.057502 0.517241
v 3.275862 -0.229232 0.172414
v 3.275862 -0.459658 -0.172414
v 3.275862 -0.811970 -0.517241
v 3.275862 -1.135101 -0.862069
v 3.275862 -1.425175 -1.206897
v 3.275862 -1.410008 -1.551724
v 3.275862 -1.397002 -1.896552
v 3.275862 -1.345236 -2.241379
v 3.275862 -1.387123 -2.586207
v 3.275862 -1.348837 -2.931035
v 3.275862 -1.179570 -3.275862
v 3.275862 -0.880892 -3.620689
v 3.275862 -0.506217 -3.965517
v 3.275862 -0.191678 -4.310345
v 3.275862 -0.010642 -4.655172
v 3.275862 0.000000 -5.000000
v 3.620689 0.000000 5.000000
v 3.620689 0.000000 4.655172
v 3.620689 0.055866 4.310345
v 3.620689 0.222311 3.965517
v 3.620689 0.388357 3.620689
v 3.620689 0.511738 3.275862
v 3.620689 0.549468 2.931035
v 3.620689 0.448290 2.586207
v 3.620689 0.389792 2.241379
v 3.620689 0.211140 1.896552
v 3.620689 0.252032 1.551724
v 3.620689 0.273915 1.206897
v 3.620689 0.233138 0.862069
v 3.620689 0.028285 0.517241
v 3.620689 -0.278634 0.172414
v 3.620689 -0.519002 -0.172414
v 3.620689 -0.763093 -0.517241
v 3.620689 -0.915423 -0.862069
v 3.620689 -1.062153 -1.206897
v 3.620689 -1.015685 -1.551724
v 3.620689 -1.022422 -1.896552
v 3.620689 -1.052269 -2.241379
v 3.620689 -1.037937 -2.586207
v 3.620689 -0.969251 -2.931035
v 3.620689 -0.853284 -3.275862
v 3.620689 -0.610593 -3.620689
v 3.620689 -0.314258 -3.965517
v 3.620689 -0.084287 -4.310345
v 3.620689 0.000000 -4.655172
v 3.620689 0.000000 -5.000000
v 3.965517 0.000000 5.000000
v 3.965517 0.000000 4.655172
v 3.965517 0.005601 4.310345
v 3.965517 0.096332 3.965517
v 3.965517 0.226336 3.620689
v 3.965517 0.355127 3.275862
v 3.965517 0.390262 2.931035
v 3.965517 0.305899 2.586207
v 3.965517 0.287108 2.241379
v 3.965517 0.211993 1.896552
v 3.965517 0.242073 1.551724
v 3.965517 0.203678 1.206897
v 3.965517 0.142982 0.862069
v 3.965517 -0.042719 0.517241
v 3.965517 -0.155235 0.172414
v 3.965517 -0.283881 -0.172414
v 3.965517 -0.496380 -0.517241
v 3.965517 -0.576797 -0.862069
v 3.965517 -0.728079 -1.206897
v 3.965517 -0.734918 -1.551724
v 3.965517 -0.662719 -1.896552
v 3.965517 -0.724874 -2.241379
v 3.965517 -0.744483 -2.586207
v 3.965517 -0.645536 -2.931035
v 3.965517 -0.524724 -3.275862
v 3.965517 -0.326888 -3.620689
v 3.965517 -0.129384 -3.965517
v 3.965517 -0.008097 -4.310345
v 3.965517 0.000000 -4.655172
v 3.965517 0.000000 -5.000000
v 4.310345 0.000000 5.000000
v 4.310345 0.000000 4.655172
v 4.310345 0.000000 4.310345
v 4.310345 0.005836 3.965517
v 4.310345 0.066122 3.620689
v 4.310345 0.139450 3.275862
v 4.310345 0.161385 2.931035
v 4.310345 0.162907 2.586207
v 4.310345 0.157332 2.241379
v 4.310345 0.155558 1.896552
v 4.310345 0.101024 1.551724
v 4.310345 0.093191 1.206897
v 4.310345 0.066765 0.862069
v 4.310345 -0.006088 0.517241
v 4.310345 -0.072866 0.172414
v 4.310345 -0.146961 -0.172414
v 4.310345 -0.203122 -0.517241
v 4.310345 -0.291121 -0.862069
v 4.310345 -0.395583 -1.206897
v 4.310345 -0.415476 -1.551724
v 4.310345 -0.385493 -1.896552
v 4.310345 -0.363569 -2.241379
v 4.310345 -0.350017 -2.586207
v 4.310345 -0.297276 -2.931035
v 4.310345 -0.205842 -3.275862
v 4.310345 -0.089185 -3.620689
v 4.310345 -0.007956 -3.965517
v 4.310345 0.000000 -4.310345
v 4.310345 0.000000 -4.655172
v 4.310345 0.000000 -5.000000
v 4.655172 0.000000 5.000000
v 4.655172 0.000000 4.655172
v 4.655172 0.000000 4.310345
v 4.655172 0.000000 3.965517
v 4.655172 0.000000 3.620689
v 4.655172 0.008134 3.275862
v 4.655172 0.025002 2.931035
v 4.655172 0.036187 2.586207
v 4.655172 0.044457 2.241379
v 4.655172 0.048198 1.896552
v 4.655172 0.030135 1.551724
v 4.655172 0.031319 1.206897
v 4.655172 0.013170 0.862069
v 4.655172 -0.009151 0.517241
v 4.655172 -0.021502 0.172414
v 4.655172 -0.039156 -0.172414
v 4.655172 -0.045920 -0.517241
v 4.655172 -0.076489 -0.862069
v 4.655172 -0.108840 -1.206897
v 4.655172 -0.123012 -1.551724
v 4.655172 -0.119545 -1.896552
v 4.655172 -0.099338 -2.241379
v 4.655172 -0.079159 -2.586207
v 4.655172 -0.045416 -2.931035
v 4.655172 -0.011802 -3.275862
v 4.655172 0.000000 -3.620689
v 4.655172 0.000000 -3.965517
v 4.655172 0.000000 -4.310345
v 4.655172 0.000000 -4.655172
v 4.655172 0.000000 -5.000000
v 5.000000 0.000000 5.000000
v 5.000000 0.000000 4.655172
v 5.000000 0.000000 4.310345
v 5.000000 0.000000 3.965517
v 5.000000 0.000000 3.620689
v 5.000000 0.000000 3.275862
v 5.000000 0.000000 2.931035
v 5.000000 0.000000 2.586207
v 5.000000 0.000000 2.241379
v 5.000000 0.000000 1.896552
v 5.000000 0.000000 1.551724
v 5.000000 0.000000 1.206897
v 5.000000 0.000000 0.862069
v 5.000000 0.000000 0.517241
v 5.000000 0.000000 0.172414
v 5.000000 0.000000 -0.172414
v 5.000000 0.000000 -0.517241
v 5.000000 0.000000 -0.862069
v 5.000000 0.000000 -1.206897
v 5.000000 0.000000 -1.551724
v 5.000000 0.000000 -1.896552
v 5.000000 0.000000 -2.241379
v 5.000000 0.000000 -2.586207
v 5.000000 0.000000 -2.931035
v 5.000000 0.000000 -3.275862
v 5.000000 0.000000 -3.620689
v 5.000000 0.000000 -3.965517
v 5.000000 0.000000 -4.310345
v 5.000000 0.000000 -4.655172
v 5.000000 0.000000 -5.000000
s 1
f 2 1 31 32
f 3 2 32 33
f 4 3 33 34
f 5 4 34 35
f 6 5 35 36
f 7 6 36 37
f 8 7 37 38
f 9 8 38 39
f 10 9 39 40
f 11 10 40 41
f 12 11 41 42
f 13 12 42 43
f 14 13 43 44
f 15 14 44 45
f 16 15 45 46
f 17 16 46 47
f 18 17 47 48
f 19 18 48 49
f 20 19 49 50
f 21 20 50 51
f 22 21 51 52
f 23 22 52 53
f 24 23 53 54
f 25 24 54 55
f 26 25 55 56
f 27 26 56 57
f 28 27 57 58
f 29 28 58 59
f 30 29 59 60
f 32 31 61 62
f 33 32 62 63
f 34 33 63 64
f 35 34 64 65
f 36 35 65 66
f 37 36 66 67
f 38 37 67 68
f 39 38 68 69
f 40 39 69 70
f 41 40 70 71
f 42 41 71 72
f 43 42 72 73
f 44 43 73 74
f 45 44 74 75
f 46 45 75 76
f 47 46 76 77
f 48 47 77 78
f 49 48 78 79
f 50 49 79 80
f 51 50 80 81
f 52 51 81 82
f 53 52 82 83
f 54 53 83 84
f 55 54 84 85
f 56 55 85 86
f 57 56 86 87
f 58 57 87 88
f 59 58 88 89
f 60 59 89 90
f 62 61 91 92
f 63 62 92 93
f 64 63 93 94
f 65 64 94 95
f 66 65 95 96
f 67 66 96 97
f 68 67 97 98
f 69 68 98 99
f 70 69 99 100
f 71 70 100 101
f 72 71 101 102
f 73 72 102 103
f 74 73 103 104
f 75 74 104 105
f 76 75 105 106
f 77 76 106 107
f 78 77 107 108
f 79 78 108 109
f 80 79 109 110
f 81 80 110 111
f 82 81 111 112
f 83 82 112 113
f 84 83 113 114
f 85 84 114 115
f 86 85 115 116
f 87 86 116 117
f 88 87 117 118
f 89 88 118 119
f 90 89 119 120
f 92 91 121 122
f 93 92 122 123
f 94 93 123 124
f 95 94 124 125
f 96 95 125 126
f 97 96 126 127
f 98 97 127 128
f 99 98 128 129
f 100 99 129 130
f 101 100 130 131
f 102 101 131 132
f 103 102 132 133
f 104 103 133 134
f 105 104 134 135
f 106 105 135 136
f 107 106 136 137
f 108 107 137 138
f 109 108 138 139
f 110 109 139 140
f 111 110 140 141
f 112 111 141 142
f 113 112 142 143
f 114 113 143 144
f 115 114 144 145
f 116 115 145 146
f 117 116 146 147
f 118 117 147 148
f 119 118 148 149
f 120 119 149 150
f 122 121 151 152
f 123 122 152 153
f 124 123 153 154
f 125 124 154 155
f 126 125 155 156
f 127 126 156 157
f 128 127 157 158
f 129 128 158 159
f 130 129 159 160
f 131 130 160 161
f 132 131 161 162
f 133 132 162 163
f 134 133 163 164
f 135 134 164 165
f 136 135 165 166
f 137 136 166 167
f 138 137 167 168
f 139 138 168 169
f 140 139 169 170
f 141 140 170 171
f 142 141 171 172
f 143 142 172 173
f 144 143 173 174
f 145 144 174 175
f 146 145 175 176
f 147 146 176 177
f 148 147 177 178
f 149 148 178 179
f 150 149 179 180
f 152 151 181 182
f 153 152 182 183
f 154 153 183 184
f 155 154 184 185
f 156 155 185 186
f 157 156 186 187
f 158 157 187 188
f 159 158 188 189
f 160 159 189 190
f 161 160 190 191
f 162 161 191 192
f 163 162 192 193
f 164 163 193 194
f 165 164 194 195
f 166 165 195 196
f 167 166 196 197
f 168 167 197 198
f 169 168 198 199
f 170 169 199 200
f 171 170 200 201
f 172 171 201 202
f 173 172 202 203
f 174 173 203 204
f 175 174 204 205
f 176 175 205 206
f 177 176 206 207
f 178 177 207 208
f 179 178 208 209
f 180 179 209 210
f 182 181 211 212
f 183 182 212 213
f 184 183 213 214
f 185 184 214 215
f 186 185 215 216
f 187 186 216 217
f 188 187 217 218
f 189 188 218 219
f 190 189 219 220
f 191 190 220 221
f 192 191 221 222
f 193 192 222 223
f 194 193 223 224
f 195 194 224 225
f 196 195 225 226
f 197 196 226 227
f 198 197 227 228
f 199 198 228 229
f 200 199 229 230
f 201 200 230 231
f 202 201 231 232
f 203 202 232 233
f 204 203 233 234
f 205 204 234 235
f 206 205 235 236
f 207 206 236 237
f 208 207 237 238
f 209 208 238 239
f 210 209 239 240
f 212 211 241 242
f 213 212 242 243
f 214 213 243 244
f 215 214 244 245
f 216 215 245 246
f 217 216 246 247
f 218 217 247 248
f 219 218 248 249
f 220 219 249 250
f 221 220 250 251
f 222 221 251 252
f 223 222 252 253
f 224 223 253 254
f 225 224 254 255
f 226 225 255 256
f 227 226 256 257
f 228 227 257 258
f 229 228 258 259
f 230 229 259 260
f 231 230 260 261
f 232 231 261 262
f 233 232 262 263
f 234 233 263 264
f 235 234 264 265
f 236 235 265 266
f 237 236 266 267
f 238 237 267 268
f 239 238 268 269
f 240 239 269 270
f 242 241 271 272
f 243 242 272 273
f 244 243 273 274
f 245 244 274 275
f 246 245 275 276
f 247 246 276 277
f 248 247 277 278
f 249 248 278 279
f 250 249 279 280
f 251 250 280 281
f 252 251 281 282
f 253 252 282 283
f 254 253 283 284
f 255 254 284 285
f 256 255 285 286
f 257 256 286 287
f 258 257 287 288
f 259 258 288 289
f 260 259 289 290
f 261 260 290 291
f 262 261 291 292
f 263 262 292 293
f 264 263 293 294
f 265 264 294 295
f 266 265 295 296
f 267 266 296 297
f 268 267 297 298
f 269 268 298 299
f 270 269 299 300
f 272 271 301 302
f 273 272 302 303
f 274 273 303 304
f 275 274 304 305
f 276 275 305 306
f 277 276 306 307
f 278 277 307 308
f 279 278 308 309
f 280 279 309 310
f 281 280 310 311
f 282 281 311 312
f 283 282 312 313
f 284 283 313 314
f 285 284 314 315
f 286 285 315 316
f 287 286 316 317
f 288 287 317 318
f 289 288 318 319
f 290 289 319 320
f 291 290 320 321
f 292 291 321 322
f 293 292 322 323
f 294 293 323 324
f 295 294 324 325
f 296 295 325 326
f 297 296 326 327
f 298 297 327 328
f 299 298 328 329
f 300 299 329 330
f 302 301 331 332
f 303 302 332 333
f 304 303 333 334
f 305 304 334 335
f 306 305 335 336
f 307 306 336 337
f 308 307 337 338
f 309 308 338 339
f 310 309 339 340
f 311 310 340 341
f 312 311 341 342
f 313 312 342 343
f 314 313 343 344
f 315 314 344 345
f 316 315 345 346
f 317 316 346 347
f 318 317 347 348
f 319 318 348 349
f 320 319 349 350
f 321 320 350 351
f 322 321 351 352
f 323 322 352 353
f 324 323 353 354
f 325 324 354 355
f 326 325 355 356
f 327 326 356 357
f 328 327 357 358
f 329 328 358 359
f 330 329 359 360
f 332 331 361 362
f 333 332 362 363
f 334 333 363 364
f 335 334 364 365
f 336 335 365 366
f 337 336 366 367
f 338 337 367 368
f 339 338 368 369
f 340 339 369 370
f 341 340 370 371
f 342 341 371 372
f 343 342 372 373
f 344 343 373 374
f 345 344 374 375
f 346 345 375 376
f 347 346 376 377
f 348 347 377 378
f 349 348 378 379
f 350 349 379 380
f 351 350 380 381
f 352 351 381 382
f 353 352 382 383
f 354 353 383 384
f 355 354 384 385
f 356 355 385 386
f 357 356 386 387
f 358 357 387 388
f 359 358 388 389
f 360 359 389 390
f 362 361 391 392
f 363 362 392 393
f 364 363 393 394
f 365 364 394 395
f 366 365 395 396
f 367 366 396 397
f 368 367 397 398
f 369 368 398 399
f 370 369 399 400
f 371 370 400 401
f 372 371 401 402
f 373 372 402 403
f 374 373 403 404
f 375 374 404 405
f 376 375 405 406
f 377 376 406 407
f 378 377 407 408
f 379 378 408 409
f 380 379 409 410
f 381 380 410 411
f 382 381 411 412
f 383 382 412 413
f 384 383 413 414
f 385 384 414 415
f 386 385 415 416
f 387 386 416 417
f 388 387 417 418
f 389 388 418 419
f 390 389 419 420
f 392 391 421 422
f 393 392 422 423
f 394 393 423 424
f 395 394 424 425
f 396 395 425 426
f 397 396 426 427
f 398 397 427 428
f 399 398 428 429
f 400 399 429 430
f 401 400 430 431
f 402 401 431 432
f 403 402 432 433
f 404 403 433 434
f 405 404 434 435
f 406 405 435 436
f 407 406 436 437
f 408 407 437 438
f 409 408 438 439
f 410 409 439 440
f 411 410 440 441
f 412 411 441 442
f 413 412 442 443
f 414 413 443 444
f 415 414 444 445
f 416 415 445 446
f 417 416 446 447
f 418 417 447 448
f 419 418 448 449
f 420 419 449 450
f 422 421 451 452
f 423 422 452 453
f 424 423 453 454
f 425 424 454 455
f 426 425 455 456
f 427 426 456 457
f 428 427 457 458
f 429 428 458 459
f 430 429 459 460
f 431 430 460 461
f 432 431 461 462
f 433 432 462 463
f 434 433 463 464
f 435 434 464 465
f 436 435 465 466
f 437 436 466 467
f 438 437 467 468
f 439 438 468 469
f 440 439 469 470
f 441 440 470 471
f 442 441 471 472
f 443 442 472 473
f 444 443 473 474
f 445 444 474 475
f 446 445 475 476
f 447 446 476 477
f 448 447 477 478
f 449 448 478 479
f 450 449 479 480
f 452 451 481 482
f 453 452 482 483
f 454 453 483 484
f 455 454 484 485
f 456 455 485 486
f 457 456 486 487
f 458 457 487 488
f 459 458 488 489
f 460 459 489 490
f 461 460 490 491
f 462 461 491 492
f 463 462 492 493
f 464 463 493 494
f 465 464 494 495
f 466 465 495 496
f 467 466 496 497
f 468 467 497 498
f 469 468 498 499
f 470 469 499 500
f 471 470 500 501
f 472 471 501 502
f 473 472 502 503
f 474 473 503 504
f 475 474 504 505
f 476 475 505 506
f 477 476 506 507
f 478 477 507 508
f 479 478 508 509
f 480 479 509 510
f 482 481 511 512
f 483 482 512 513
f 484 483 513 514
f 485 484 514 515
f 486 485 515 516
f 487 486 516 517
f 488 487 517 518
f 489 488 518 519
f 490 489 519 520
f 491 490 520 521
f 492 491 521 522
f 493 492 522 523
f 494 493 523 524
f 495 494 524 525
f 496 495 525 526
f 497 496 526 527
f 498 497 527 528
f 499 498 528 529
f 500 499 529 530
f 501 500 530 531
f 502 501 531 532
f 503 502 532 533
f 504 503 533 534
f 505 504 534 535
f 506 505 535 536
f 507 506 536 537
f 508 507 537 538
f 509 508 538 539
f 510 509 539 540
f 512 511 541 542
f 513 512 542 543
f 514 513 543 544
f 515 514 544 545
f 516 515 545 546
f 517 516 546 547
f 518 517 547 548
f 519 518 548 549
f 520 519 549 550
f 521 520 550 551
f 522 521 551 552
f 523 522 552 553
f 524 523 553 554
f 525 524 554 555
f 526 525 555 556
f 527 526 556 557
f 528 527 557 558
f 529 528 558 559
f 530 529 559 560
f 531 530 560 561
f 532 531 561 562
f 533 532 562 563
f 534 533 563 564
f 535 534 564 565
f 536 535 565 566
f 537 536 566 567
f 538 537 567 568
f 539 538 568 569
f 540 539 569 570
f 542 541 571 572
f 543 542 572 573
f 544 543 573 574
f 545 544 574 575
f 546 545 575 576
f 547 546 576 577
f 548 547 577 578
f 549 548 578 579
f 550 549 579 580
f 551 550 580 581
f 552 551 581 582
f 553 552 582 583
f 554 553 583 584
f 555 554 584 585
f 556 555 585 586
f 557 556 586 587
f 558 557 587 588
f 559 558 588 589
f 560 559 589 590
f 561 560 590 591
f 562 561 591 592
f 563 562 592 593
f 564 563 593 594
f 565 564 594 595
f 566 565 595 596
f 567 566 596 597
f 568 567 597 598
f 569 568 598 599
f 570 569 599 600
f 572 571 601 602
f 573 572 602 603
f 574 573 603 604
f 575 574 604 605
f 576 575 605 606
f 577 576 606 607
f 578 577 607 608
f 579 578 608 609
f 580 579 609 610
f 581 580 610 611
f 582 581 611 612
f 583 582 612 613
f 584 583 613 614
f 585 584 614 615
f 586 585 615 616
f 587 586 616 617
f 588 587 617 618
f 589 588 618 619
f 590 589 619 620
f 591 590 620 621
f 592 591 621 622
f 593 592 622 623
f 594 593 623 624
f 595 594 624 625
f 596 595 625 626
f 597 596 626 627
f 598 597 627 628
f 599 598 628 629
f 600 599 629 630
f 602 601 631 632
f 603 602 632 633
f 604 603 633 634
f 605 604 634 635
f 606 605 635 636
f 607 606 636 637
f 608 607 637 638
f 609 608 638 639
f 610 609 639 640
f 611 610 640 641
f 612 611 641 642
f 613 612 642 643
f 614 613 643 644
f 615 614 644 645
f 616 615 645 646
f 617 616 646 647
f 618 617 647 648
f 619 618 648 649
f 620 619 649 650
f 621 620 650 651
f 622 621 651 652
f 623 622 652 653
f 624 623 653 654
f 625 624 654 655
f 626 625 655 656
f 627 626 656 657
f 628 627 657 658
f 629 628 658 659
f 630 629 659 660
f 632 631 661 662
f 633 632 662 663
f 634 633 663 664
f 635 634 664 665
f 636 635 665 666
f 637 636 666 667
f 638 637 667 668
f 639 638 668 669
f 640 639 669 670
f 641 640 670 671
f 642 641 671 672
f 643 642 672 673
f 644 643 673 674
f 645 644 674 675
f 646 645 675 676
f 647 646 676 677
f 648 647 677 678
f 649 648 678 679
f 650 649 679 680
f 651 650 680 681
f 652 651 681 682
f 653 652 682 683
f 654 653 683 684
f 655 654 684 685
f 656 655 685 686
f 657 656 686 687
f 658 657 687 688
f 659 658 688 689
f 660 659 689 690
f 662 661 691 692
f 663 662 692 693
f 664 663 693 694
f 665 664 694 695
f 666 665 695 696
f 667 666 696 697
f 668 667 697 698
f 669 668 698 699
f 670 669 699 700
f 671 670 700 701
f 672 671 701 702
f 673 672 702 703
f 674 673 703 704
f 675 674 704 705
f 676 675 705 706
f 677 676 706 707
f 678 677 707 708
f 679 678 708 709
f 680 679 709 710
f 681 680 710 711
f 682 681 711 712
f 683 682 712 713
f 684 683 713 714
f 685 684 714 715
f 686 685 715 716
f 687 686 716 717
f 688 687 717 718
f 689 688 718 719
f 690 689 719 720
f 692 691 721 722
f 693 692 722 723
f 694 693 723 724
f 695 694 724 725
f 696 695 725 726
f 697 696 726 727
f 698 697 727 728
f 699 698 728 729
f 700 699 729 730
f 701 700 730 731
f 702 701 731 732
f 703 702 732 733
f 704 703 733 734
f 705 704 734 735
f 706 705 735 736
f 707 706 736 737
f 708 707 737 738
f 709 708 738 739
f 710 709 739 740
f 711 710 740 741
f 712 711 741 742
f 713 712 742 743
f 714 713 743 744
f 715 714 744 745
f 716 715 745 746
f 717 716 746 747
f 718 717 747 748
f 719 718 748 749
f 720 719 749 750
f 722 721 751 752
f 723 722 752 753
f 724 723 753 754
f 725 724 754 755
f 726 725 755 756
f 727 726 756 757
f 728 727 757 758
f 729 728 758 759
f 730 729 759 760
f 731 730 760 761
f 732 731 761 762
f 733 732 762 763
f 734 733 763 764
f 735 734 764 765
f 736 735 765 766
f 737 736 766 767
f 738 737 767 768
f 739 738 768 769
f 740 739 769 770
f 741 740 770 771
f 742 741 771 772
f 743 742 772 773
f 744 743 773 774
f 745 744 774 775
f 746 745 775 776
f 747 746 776 777
f 748 747 777 778
f 749 748 778 779
f 750 749 779 780
f 752 751 781 782
f 753 752 782 783
f 754 753 783 784
f 755 754 784 785
f 756 755 785 786
f 757 756 786 787
f 758 757 787 788
f 759 758 788 789
f 760 759 789 790
f 761 760 790 791
f 762 761 791 792
f 763 762 792 793
f 764 763 793 794
f 765 764 794 795
f 766 765 795 796
f 767 766 796 797
f 768 767 797 798
f 769 768 798 799
f 770 769 799 800
f 771 770 800 801
f 772 771 801 802
f 773 772 802 803
f 774 773 803 804
f 775 774 804 805
f 776 775 805 806
f 777 776 806 807
f 778 777 807 808
f 779 778 808 809
f 780 779 809 810
f 782 781 811 812
f 783 782 812 813
f 784 783 813 814
f 785 784 814 815
f 786 785 815 816
f 787 786 816 817
f 788 787 817 818
f 789 788 818 819
f 790 789 819 820
f 791 790 820 821
f 792 791 821 822
f 793 792 822 823
f 794 793 823 824
f 795 794 824 825
f 796 795 825 826
f 797 796 826 827
f 798 797 827 828
f 799 798 828 829
f 800 799 829 830
f 801 800 830 831
f 802 801 831 832
f 803 802 832 833
f 804 803 833 834
f 805 804 834 835
f 806 805 835 836
f 807 806 836 837
f 808 807 837 838
f 809 808 838 839
f 810 809 839 840
f 812 811 841 842
f 813 812 842 843
f 814 813 843 844
f 815 814 844 845
f 816 815 845 846
f 817 816 846 847
f 818 817 847 848
f 819 818 848 849
f 820 819 849 850
f 821 820 850 851
f 822 821 851 852
f 823 822 852 853
f 824 823 853 854
f 825 824 854 855
f 826 825 855 856
f 827 826 856 857
f 828 827 857 858
f 829 828 858 859
f 830 829 859 860
f 831 830 860 861
f 832 831 861 862
f 833 832 862 863
f 834 833 863 864
f 835 834 864 865
f 836 835 865 866
f 837 836 866 867
f 838 837 867 868
f 839 838 868 869
f 840 839 869 870
f 842 841 871 872
f 843 842 872 873
f 844 843 873 874
f 845 844 874 875
f 846 845 875 876
f 847 846 876 877
f 848 847 877 878
f 849 848 878 879
f 850 849 879 880
f 851 850 880 881
f 852 851 881 882
f 853 852 882 883
f 854 853 883 884
f 855 854 884 885
f 856 855 885 886
f 857 856 886 887
f 858 857 887 888
f 859 858 888 889
f 860 859 889 890
f 861 860 890 891
f 862 861 891 892
f 863 862 892 893
f 864 863 893 894
f 865 864 894 895
f 866 865 895 896
f 867 866 896 897
f 868 867 897 898
f 869 868 898 899
f 870 869 899 900
