# Blender v2.79 (sub 0) OBJ File: ''
# www.blender.org
v -5.000000 0.000000 5.000000
v -5.000000 0.000000 4.696970
v -5.000000 0.000000 4.393939
v -5.000000 0.000000 4.090909
v -5.000000 0.000000 3.787879
v -5.000000 0.000000 3.484848
v -5.000000 0.000000 3.181818
v -5.000000 0.000000 2.878788
v -5.000000 0.000000 2.575758
v -5.000000 0.000000 2.272727
v -5.000000 0.000000 1.969697
v -5.000000 0.000000 1.666667
v -5.000000 0.000000 1.363636
v -5.000000 0.000000 1.060606
v -5.000000 0.000000 0.757576
v -5.000000 0.000000 0.454545
v -5.000000 0.000000 0.151515
v -5.000000 0.000000 -0.151515
v -5.000000 0.000000 -0.454545
v -5.000000 0.000000 -0.757576
v -5.000000 0.000000 -1.060606
v -5.000000 0.000000 -1.363636
v -5.000000 0.000000 -1.666667
v -5.000000 0.000000 -1.969697
v -5.000000 0.000000 -2.272727
v -5.000000 0.000000 -2.575758
v -5.000000 0.000000 -2.878788
v -5.000000 0.000000 -3.181818
v -5.000000 0.000000 -3.484848
v -5.000000 0.000000 -3.787879
v -5.000000 0.000000 -4.090909
v -5.000000 0.000000 -4.393939
v -5.000000 0.000000 -4.696970
v -5.000000 0.000000 -5.000000
v -4.696970 0.000000 5.000000
v -4.696970 0.000000 4.696970
v -4.696970 0.000000 4.393939
v -4.696970 0.000000 4.090909
v -4.696970 0.000000 3.787879
v -4.696970 0.000000 3.484848
v -4.696970 -0.008480 3.181818
v -4.696970 -0.030170 2.878788
v -4.696970 -0.049710 2.575758
v -4.696970 -0.060512 2.272727
v -4.696970 -0.074502 1.969697
v -4.696970 -0.083347 1.666667
v -4.696970 -0.080390 1.363636
v -4.696970 -0.074124 1.060606
v -4.696970 -0.073112 0.757576
v -4.696970 -0.076119 0.454545
v -4.696970 -0.071375 0.151515
v -4.696970 -0.053434 -0.151515
v -4.696970 -0.037475 -0.454545
v -4.696970 -0.028381 -0.757576
v -4.696970 -0.015961 -1.060606
v -4.696970 -0.000860 -1.363636
v -4.696970 0.006626 -1.666667
v -4.696970 0.007279 -1.969697
v -4.696970 0.006325 -2.272727
v -4.696970 0.004773 -2.575758
v -4.696970 0.003664 -2.878788
v -4.696970 0.001284 -3.181818
v -4.696970 0.000000 -3.484848
v -4.696970 0.000000 -3.787879
v -4.696970 0.000000 -4.090909
v -4.696970 0.000000 -4.393939
v -4.696970 0.000000 -4.696970
v -4.696970 0.000000 -5.000000
v -4.393939 0.000000 5.000000
v -4.393939 0.000000 4.696970
v -4.393939 0.000000 4.393939
v -4.393939 0.000000 4.090909
v -4.393939 -0.013613 3.787879
v -4.393939 -0.067776 3.484848
v -4.393939 -0.136534 3.181818
v -4.393939 -0.196794 2.878788
v -4.393939 -0.237274 2.575758
v -4.393939 -0.252938 2.272727
v -4.393939 -0.292869 1.969697
v -4.393939 -0.299461 1.666667
v -4.393939 -0.277394 1.363636
v -4.393939 -0.273980 1.060606
v -4.393939 -0.272302 0.757576
v -4.393939 -0.235865 0.454545
v -4.393939 -0.231441 0.151515
v -4.393939 -0.173958 -0.151515
v -4.393939 -0.116970 -0.454545
v -4.393939 -0.085758 -0.757576
v -4.393939 -0.044795 -1.060606
v -4.393939 0.021069 -1.363636
v -4.393939 0.049978 -1.666667
v -4.393939 0.060283 -1.969697
v -4.393939 0.027040 -2.272727
v -4.393939 0.038648 -2.575758
v -4.393939 0.030908 -2.878788
v -4.393939 0.035958 -3.181818
v -4.393939 0.024196 -3.484848
v -4.393939 0.005070 -3.787879
v -4.393939 0.000000 -4.090909
v -4.393939 0.000000 -4.393939
v -4.393939 0.000000 -4.696970
v -4.393939 0.000000 -5.000000
v -4.090909 0.000000 5.000000
v -4.090909 0.000000 4.696970
v -4.090909 0.000000 4.393939
v -4.090909 -0.022737 4.090909
v -4.090909 -0.109383 3.787879
v -4.090909 -0.221347 3.484848
v -4.090909 -0.332717 3.181818
v -4.090909 -0.418110 2.878788
v -4.090909 -0.493306 2.575758
v -4.090909 -0.499829 2.272727
v -4.090909 -0.564490 1.969697
v -4.090909 -0.607568 1.666667
v -4.090909 -0.532397 1.363636
v -4.090909 -0.543988 1.060606
v -4.090909 -0.478685 0.757576
v -4.090909 -0.443471 0.454545
v -4.090909 -0.440099 0.151515
v -4.090909 -0.294455 -0.151515
v -4.090909 -0.192581 -0.454545
v -4.090909 -0.112110 -0.757576
v -4.090909 -0.025903 -1.060606
v -4.090909 0.082713 -1.363636
v -4.090909 0.144541 -1.666667
v -4.090909 0.168944 -1.969697
v -4.090909 0.140716 -2.272727
v -4.090909 0.128894 -2.575758
v -4.090909 0.119163 -2.878788
v -4.090909 0.121072 -3.181818
v -4.090909 0.104665 -3.484848
v -4.090909 0.059060 -3.787879
v -4.090909 0.012758 -4.090909
v -4.090909 0.000000 -4.393939
v -4.090909 0.000000 -4.696970
v -4.090909 0.000000 -5.000000
v -3.787879 0.000000 5.000000
v -3.787879 0.000000 4.696970
v -3.787879 -0.009199 4.393939
v -3.787879 -0.085693 4.090909
v -3.787879 -0.221529 3.787879
v -3.787879 -0.395114 3.484848
v -3.787879 -0.592366 3.181818
v -3.787879 -0.639032 2.878788
v -3.787879 -0.725381 2.575758
v -3.787879 -0.721095 2.272727
v -3.787879 -0.775473 1.969697
v -3.787879 -0.846080 1.666667
v -3.787879 -0.808609 1.363636
v -3.787879 -0.761583 1.060606
v -3.787879 -0.669155 0.757576
v -3.787879 -0.623940 0.454545
v -3.787879 -0.594888 0.151515
v -3.787879 -0.403600 -0.151515
v -3.787879 -0.211807 -0.454545
v -3.787879 -0.171662 -0.757576
v -3.787879 0.014683 -1.060606
v -3.787879 0.199473 -1.363636
v -3.787879 0.239075 -1.666667
v -3.787879 0.258955 -1.969697
v -3.787879 0.292929 -2.272727
v -3.787879 0.229823 -2.575758
v -3.787879 0.235612 -2.878788
v -3.787879 0.228399 -3.181818
v -3.787879 0.221424 -3.484848
v -3.787879 0.150220 -3.787879
v -3.787879 0.063213 -4.090909
v -3.787879 0.006239 -4.393939
v -3.787879 0.000000 -4.696970
v -3.787879 0.000000 -5.000000
v -3.484848 0.000000 5.000000
v -3.484848 0.000000 4.696970
v -3.484848 -0.048345 4.393939
v -3.484848 -0.179221 4.090909
v -3.484848 -0.344721 3.787879
v -3.484848 -0.589178 3.484848
v -3.484848 -0.848953 3.181818
v -3.484848 -0.897889 2.878788
v -3.484848 -0.953993 2.575758
v -3.484848 -0.883854 2.272727
v -3.484848 -0.870620 1.969697
v -3.484848 -0.927221 1.666667
v -3.484848 -0.949159 1.363636
v -3.484848 -0.891832 1.060606
v -3.484848 -0.679896 0.757576
v -3.484848 -0.659084 0.454545
v -3.484848 -0.580408 0.151515
v -3.484848 -0.435086 -0.151515
v -3.484848 -0.251219 -0.454545
v -3.484848 -0.145260 -0.757576
v -3.484848 0.042367 -1.060606
v -3.484848 0.229712 -1.363636
v -3.484848 0.353165 -1.666667
v -3.484848 0.476729 -1.969697
v -3.484848 0.391594 -2.272727
v -3.484848 0.284380 -2.575758
v -3.484848 0.269581 -2.878788
v -3.484848 0.265376 -3.181818
v -3.484848 0.266664 -3.484848
v -3.484848 0.249999 -3.787879
v -3.484848 0.120182 -4.090909
v -3.484848 0.034161 -4.393939
v -3.484848 0.000000 -4.696970
v -3.484848 0.000000 -5.000000
v -3.181818 0.000000 5.000000
v -3.181818 -0.005691 4.696970
v -3.181818 -0.098286 4.393939
v -3.181818 -0.255096 4.090909
v -3.181818 -0.464866 3.787879
v -3.181818 -0.668561 3.484848
v -3.181818 -0.928619 3.181818
v -3.181818 -1.105954 2.878788
v -3.181818 -1.086332 2.575758
v -3.181818 -0.980069 2.272727
v -3.181818 -0.911694 1.969697
v -3.181818 -0.899432 1.666667
v -3.181818 -0.830297 1.363636
v -3.181818 -0.719443 1.060606
v -3.181818 -0.570741 0.757576
v -3.181818 -0.461582 0.454545
v -3.181818 -0.446831 0.151515
v -3.181818 -0.377592 -0.151515
v -3.181818 -0.219898 -0.454545
v -3.181818 -0.156793 -0.757576
v -3.181818 0.062936 -1.060606
v -3.181818 0.342155 -1.363636
v -3.181818 0.461190 -1.666667
v -3.181818 0.514375 -1.969697
v -3.181818 0.437922 -2.272727
v -3.181818 0.348859 -2.575758
v -3.181818 0.398628 -2.878788
v -3.181818 0.349150 -3.181818
v -3.181818 0.352006 -3.484848
v -3.181818 0.292767 -3.787879
v -3.181818 0.200384 -4.090909
v -3.181818 0.072629 -4.393939
v -3.181818 0.003401 -4.696970
v -3.181818 0.000000 -5.000000
v -2.878788 0.000000 5.000000
v -2.878788 -0.022159 4.696970
v -2.878788 -0.161377 4.393939
v -2.878788 -0.346140 4.090909
v -2.878788 -0.581102 3.787879
v -2.878788 -0.776908 3.484848
v -2.878788 -1.022743 3.181818
v -2.878788 -1.119823 2.878788
v -2.878788 -1.035562 2.575758
v -2.878788 -0.851850 2.272727
v -2.878788 -0.985331 1.969697
v -2.878788 -0.966374 1.666667
v -2.878788 -0.731789 1.363636
v -2.878788 -0.520748 1.060606
v -2.878788 -0.326774 0.757576
v -2.878788 -0.215503 0.454545
v -2.878788 -0.232961 0.151515
v -2.878788 -0.192224 -0.151515
v -2.878788 -0.170556 -0.454545
v -2.878788 -0.016805 -0.757576
v -2.878788 0.231899 -1.060606
v -2.878788 0.490052 -1.363636
v -2.878788 0.596509 -1.666667
v -2.878788 0.593579 -1.969697
v -2.878788 0.424450 -2.272727
v -2.878788 0.450477 -2.575758
v -2.878788 0.503953 -2.878788
v -2.878788 0.453626 -3.181818
v -2.878788 0.384733 -3.484848
v -2.878788 0.325026 -3.787879
v -2.878788 0.238933 -4.090909
v -2.878788 0.088674 -4.393939
v -2.878788 0.009656 -4.696970
v -2.878788 0.000000 -5.000000
v -2.575758 0.000000 5.000000
v -2.575758 -0.039968 4.696970
v -2.575758 -0.191590 4.393939
v -2.575758 -0.425157 4.090909
v -2.575758 -0.660863 3.787879
v -2.575758 -0.833896 3.484848
v -2.575758 -1.055503 3.181818
v -2.575758 -1.038241 2.878788
v -2.575758 -1.068692 2.575758
v -2.575758 -0.855436 2.272727
v -2.575758 -0.919265 1.969697
v -2.575758 -0.844043 1.666667
v -2.575758 -0.529180 1.363636
v -2.575758 -0.199098 1.060606
v -2.575758 -0.050675 0.757576
v -2.575758 0.059321 0.454545
v -2.575758 0.135684 0.151515
v -2.575758 -0.039906 -0.151515
v -2.575758 -0.071612 -0.454545
v -2.575758 0.237893 -0.757576
v -2.575758 0.290864 -1.060606
v -2.575758 0.555370 -1.363636
v -2.575758 0.822354 -1.666667
v -2.575758 0.652757 -1.969697
v -2.575758 0.590558 -2.272727
v -2.575758 0.734622 -2.575758
v -2.575758 0.667496 -2.878788
v -2.575758 0.577267 -3.181818
v -2.575758 0.488768 -3.484848
v -2.575758 0.438979 -3.787879
v -2.575758 0.284927 -4.090909
v -2.575758 0.115882 -4.393939
v -2.575758 0.022705 -4.696970
v -2.575758 0.000000 -5.000000
v -2.272727 0.000000 5.000000
v -2.272727 -0.050390 4.696970
v -2.272727 -0.204632 4.393939
v -2.272727 -0.468930 4.090909
v -2.272727 -0.736886 3.787879
v -2.272727 -0.916735 3.484848
v -2.272727 -1.066446 3.181818
v -2.272727 -1.087867 2.878788
v -2.272727 -1.024051 2.575758
v -2.272727 -0.921436 2.272727
v -2.272727 -0.790077 1.969697
v -2.272727 -0.490141 1.666667
v -2.272727 -0.395958 1.363636
v -2.272727 -0.160633 1.060606
v -2.272727 0.120373 0.757576
v -2.272727 0.275568 0.454545
v -2.272727 0.329729 0.151515
v -2.272727 0.160968 -0.151515
v -2.272727 0.199577 -0.454545
v -2.272727 0.601387 -0.757576
v -2.272727 0.549034 -1.060606
v -2.272727 0.617509 -1.363636
v -2.272727 0.768239 -1.666667
v -2.272727 0.703017 -1.969697
v -2.272727 0.810150 -2.272727
v -2.272727 0.899483 -2.575758
v -2.272727 0.940607 -2.878788
v -2.272727 0.788366 -3.181818
v -2.272727 0.623739 -3.484848
v -2.272727 0.522010 -3.787879
v -2.272727 0.371165 -4.090909
v -2.272727 0.165465 -4.393939
v -2.272727 0.039218 -4.696970
v -2.272727 0.000000 -5.000000
v -1.969697 0.000000 5.000000
v -1.969697 -0.052992 4.696970
v -1.969697 -0.183773 4.393939
v -1.969697 -0.422701 4.090909
v -1.969697 -0.710647 3.787879
v -1.969697 -0.967434 3.484848
v -1.969697 -1.090579 3.181818
v -1.969697 -1.083192 2.878788
v -1.969697 -0.895185 2.575758
v -1.969697 -0.941886 2.272727
v -1.969697 -0.695735 1.969697
v -1.969697 -0.250340 1.666667
v -1.969697 -0.110514 1.363636
v -1.969697 -0.031501 1.060606
v -1.969697 0.127868 0.757576
v -1.969697 0.486149 0.454545
v -1.969697 0.579685 0.151515
v -1.969697 0.498959 -0.151515
v -1.969697 0.659672 -0.454545
v -1.969697 0.978465 -0.757576
v -1.969697 0.835447 -1.060606
v -1.969697 0.655668 -1.363636
v -1.969697 0.704733 -1.666667
v -1.969697 0.726762 -1.969697
v -1.969697 0.922332 -2.272727
v -1.969697 1.124119 -2.575758
v -1.969697 1.106109 -2.878788
v -1.969697 0.761370 -3.181818
v -1.969697 0.593418 -3.484848
v -1.969697 0.614924 -3.787879
v -1.969697 0.431045 -4.090909
v -1.969697 0.198888 -4.393939
v -1.969697 0.052780 -4.696970
v -1.969697 0.000000 -5.000000
v -1.666667 0.000000 5.000000
v -1.666667 -0.045788 4.696970
v -1.666667 -0.155751 4.393939
v -1.666667 -0.371147 4.090909
v -1.666667 -0.603390 3.787879
v -1.666667 -0.852337 3.484848
v -1.666667 -0.941861 3.181818
v -1.666667 -0.934912 2.878788
v -1.666667 -0.872555 2.575758
v -1.666667 -0.806893 2.272727
v -1.666667 -0.465323 1.969697
v -1.666667 -0.076993 1.666667
v -1.666667 0.221072 1.363636
v -1.666667 0.214137 1.060606
v -1.666667 0.349020 0.757576
v -1.666667 0.649204 0.454545
v -1.666667 0.856096 0.151515
v -1.666667 0.999829 -0.151515
v -1.666667 1.026773 -0.454545
v -1.666667 1.061354 -0.757576
v -1.666667 0.942572 -1.060606
v -1.666667 0.782390 -1.363636
v -1.666667 0.787803 -1.666667
v -1.666667 0.803804 -1.969697
v -1.666667 0.959626 -2.272727
v -1.666667 0.960075 -2.575758
v -1.666667 0.953712 -2.878788
v -1.666667 0.679055 -3.181818
v -1.666667 0.523650 -3.484848
v -1.666667 0.565246 -3.787879
v -1.666667 0.431633 -4.090909
v -1.666667 0.202314 -4.393939
v -1.666667 0.057034 -4.696970
v -1.666667 0.000000 -5.000000
v -1.363636 0.000000 5.000000
v -1.363636 -0.037023 4.696970
v -1.363636 -0.152279 4.393939
v -1.363636 -0.310205 4.090909
v -1.363636 -0.492197 3.787879
v -1.363636 -0.664082 3.484848
v -1.363636 -0.791312 3.181818
v -1.363636 -0.848119 2.878788
v -1.363636 -0.906616 2.575758
v -1.363636 -0.585127 2.272727
v -1.363636 -0.301405 1.969697
v -1.363636 0.039242 1.666667
v -1.363636 0.414005 1.363636
v -1.363636 0.570512 1.060606
v -1.363636 0.572957 0.757576
v -1.363636 0.816188 0.454545
v -1.363636 1.053071 0.151515
v -1.363636 1.262661 -0.151515
v -1.363636 1.348588 -0.454545
v -1.363636 1.187513 -0.757576
v -1.363636 0.852178 -1.060606
v -1.363636 0.625393 -1.363636
v -1.363636 0.535152 -1.666667
v -1.363636 0.534996 -1.969697
v -1.363636 0.558616 -2.272727
v -1.363636 0.685743 -2.575758
v -1.363636 0.614558 -2.878788
v -1.363636 0.512317 -3.181818
v -1.363636 0.537276 -3.484848
v -1.363636 0.570952 -3.787879
v -1.363636 0.433470 -4.090909
v -1.363636 0.201243 -4.393939
v -1.363636 0.057675 -4.696970
v -1.363636 0.000000 -5.000000
v -1.060606 0.000000 5.000000
v -1.060606 -0.037681 4.696970
v -1.060606 -0.128677 4.393939
v -1.060606 -0.253113 4.090909
v -1.060606 -0.424012 3.787879
v -1.060606 -0.528035 3.484848
v -1.060606 -0.630331 3.181818
v -1.060606 -0.874130 2.878788
v -1.060606 -0.702232 2.575758
v -1.060606 -0.278370 2.272727
v -1.060606 -0.170508 1.969697
v -1.060606 0.200135 1.666667
v -1.060606 0.504155 1.363636
v -1.060606 0.707759 1.060606
v -1.060606 0.894390 0.757576
v -1.060606 1.051473 0.454545
v -1.060606 1.289547 0.151515
v -1.060606 1.367961 -0.151515
v -1.060606 1.230967 -0.454545
v -1.060606 0.884763 -0.757576
v -1.060606 0.580691 -1.060606
v -1.060606 0.439387 -1.363636
v -1.060606 0.453324 -1.666667
v -1.060606 0.287436 -1.969697
v -1.060606 0.352969 -2.272727
v -1.060606 0.474589 -2.575758
v -1.060606 0.546550 -2.878788
v -1.060606 0.469441 -3.181818
v -1.060606 0.485889 -3.484848
v -1.060606 0.514585 -3.787879
v -1.060606 0.401869 -4.090909
v -1.060606 0.217164 -4.393939
v -1.060606 0.066189 -4.696970
v -1.060606 0.000000 -5.000000
v -0.757576 0.000000 5.000000
v -0.757576 -0.024755 4.696970
v -0.757576 -0.077685 4.393939
v -0.757576 -0.168661 4.090909
v -0.757576 -0.269854 3.787879
v -0.757576 -0.337606 3.484848
v -0.757576 -0.460587 3.181818
v -0.757576 -0.538564 2.878788
v -0.757576 -0.342014 2.575758
v -0.757576 -0.101130 2.272727
v -0.757576 0.099350 1.969697
v -0.757576 0.153179 1.666667
v -0.757576 0.370870 1.363636
v -0.757576 0.610911 1.060606
v -0.757576 0.942161 0.757576
v -0.757576 0.964294 0.454545
v -0.757576 1.259491 0.151515
v -0.757576 1.213896 -0.151515
v -0.757576 0.987356 -0.454545
v -0.757576 0.785188 -0.757576
v -0.757576 0.610343 -1.060606
v -0.757576 0.316834 -1.363636
v -0.757576 0.153828 -1.666667
v -0.757576 0.129401 -1.969697
v -0.757576 0.164760 -2.272727
v -0.757576 0.316723 -2.575758
v -0.757576 0.460411 -2.878788
v -0.757576 0.463259 -3.181818
v -0.757576 0.433006 -3.484848
v -0.757576 0.477736 -3.787879
v -0.757576 0.378830 -4.090909
v -0.757576 0.224001 -4.393939
v -0.757576 0.067085 -4.696970
v -0.757576 0.000000 -5.000000
v -0.454545 0.000000 5.000000
v -0.454545 -0.010220 4.696970
v -0.454545 -0.036442 4.393939
v -0.454545 -0.049490 4.090909
v -0.454545 -0.025836 3.787879
v -0.454545 -0.081965 3.484848
v -0.454545 -0.111643 3.181818
v -0.454545 -0.144763 2.878788
v -0.454545 0.123873 2.575758
v -0.454545 0.415992 2.272727
v -0.454545 0.471673 1.969697
v -0.454545 0.583292 1.666667
v -0.454545 0.583614 1.363636
v -0.454545 0.886792 1.060606
v -0.454545 0.806595 0.757576
v -0.454545 0.912266 0.454545
v -0.454545 1.179862 0.151515
v -0.454545 0.995212 -0.151515
v -0.454545 0.793699 -0.454545
v -0.454545 0.594748 -0.757576
v -0.454545 0.519366 -1.060606
v -0.454545 0.085108 -1.363636
v -0.454545 0.024021 -1.666667
v -0.454545 -0.058830 -1.969697
v -0.454545 -0.081916 -2.272727
v -0.454545 -0.021228 -2.575758
v -0.454545 0.352369 -2.878788
v -0.454545 0.482514 -3.181818
v -0.454545 0.424636 -3.484848
v -0.454545 0.358289 -3.787879
v -0.454545 0.299976 -4.090909
v -0.454545 0.174908 -4.393939
v -0.454545 0.062938 -4.696970
v -0.454545 0.000000 -5.000000
v -0.151515 0.000000 5.000000
v -0.151515 -0.006936 4.696970
v -0.151515 -0.007274 4.393939
v -0.151515 0.032786 4.090909
v -0.151515 0.101695 3.787879
v -0.151515 0.120932 3.484848
v -0.151515 0.105841 3.181818
v -0.151515 0.217667 2.878788
v -0.151515 0.519990 2.575758
v -0.151515 0.651441 2.272727
v -0.151515 0.710343 1.969697
v -0.151515 0.863006 1.666667
v -0.151515 0.796045 1.363636
v -0.151515 0.816628 1.060606
v -0.151515 0.804111 0.757576
v -0.151515 0.918585 0.454545
v -0.151515 1.078414 0.151515
v -0.151515 0.974018 -0.151515
v -0.151515 0.769030 -0.454545
v -0.151515 0.552677 -0.757576
v -0.151515 0.241416 -1.060606
v -0.151515 -0.074939 -1.363636
v -0.151515 -0.036664 -1.666667
v -0.151515 -0.211280 -1.969697
v -0.151515 -0.311212 -2.272727
v -0.151515 -0.236618 -2.575758
v -0.151515 0.135334 -2.878788
v -0.151515 0.321117 -3.181818
v -0.151515 0.399022 -3.484848
v -0.151515 0.329471 -3.787879
v -0.151515 0.245886 -4.090909
v -0.151515 0.133197 -4.393939
v -0.151515 0.049707 -4.696970
v -0.151515 0.000000 -5.000000
v 0.151515 0.000000 5.000000
v 0.151515 -0.010123 4.696970
v 0.151515 -0.011889 4.393939
v 0.151515 0.042999 4.090909
v 0.151515 0.148216 3.787879
v 0.151515 0.158346 3.484848
v 0.151515 0.354328 3.181818
v 0.151515 0.455382 2.878788
v 0.151515 0.644773 2.575758
v 0.151515 0.857175 2.272727
v 0.151515 0.850505 1.969697
v 0.151515 0.798006 1.666667
v 0.151515 0.676194 1.363636
v 0.151515 0.605957 1.060606
v 0.151515 0.583958 0.757576
v 0.151515 0.793709 0.454545
v 0.151515 0.817699 0.151515
v 0.151515 0.627810 -0.151515
v 0.151515 0.374828 -0.454545
v 0.151515 0.210110 -0.757576
v 0.151515 -0.048300 -1.060606
v 0.151515 -0.151559 -1.363636
v 0.151515 -0.235994 -1.666667
v 0.151515 -0.405675 -1.969697
v 0.151515 -0.424637 -2.272727
v 0.151515 -0.314000 -2.575758
v 0.151515 -0.057492 -2.878788
v 0.151515 0.133062 -3.181818
v 0.151515 0.224007 -3.484848
v 0.151515 0.180501 -3.787879
v 0.151515 0.181952 -4.090909
v 0.151515 0.107104 -4.393939
v 0.151515 0.045808 -4.696970
v 0.151515 0.000000 -5.000000
v 0.454545 0.000000 5.000000
v 0.454545 -0.003158 4.696970
v 0.454545 -0.012098 4.393939
v 0.454545 0.063999 4.090909
v 0.454545 0.187052 3.787879
v 0.454545 0.188045 3.484848
v 0.454545 0.330126 3.181818
v 0.454545 0.693305 2.878788
v 0.454545 0.816920 2.575758
v 0.454545 0.926926 2.272727
v 0.454545 1.079013 1.969697
v 0.454545 1.084805 1.666667
v 0.454545 0.835434 1.363636
v 0.454545 0.611823 1.060606
v 0.454545 0.812875 0.757576
v 0.454545 0.850050 0.454545
v 0.454545 0.701620 0.151515
v 0.454545 0.358459 -0.151515
v 0.454545 0.166883 -0.454545
v 0.454545 -0.188900 -0.757576
v 0.454545 -0.281203 -1.060606
v 0.454545 -0.418159 -1.363636
v 0.454545 -0.623841 -1.666667
v 0.454545 -0.893896 -1.969697
v 0.454545 -0.813996 -2.272727
v 0.454545 -0.469778 -2.575758
v 0.454545 -0.214338 -2.878788
v 0.454545 -0.120115 -3.181818
v 0.454545 0.034662 -3.484848
v 0.454545 0.082821 -3.787879
v 0.454545 0.073581 -4.090909
v 0.454545 0.090742 -4.393939
v 0.454545 0.035992 -4.696970
v 0.454545 0.000000 -5.000000
v 0.757576 0.000000 5.000000
v 0.757576 -0.004701 4.696970
v 0.757576 -0.006497 4.393939
v 0.757576 0.062120 4.090909
v 0.757576 0.133720 3.787879
v 0.757576 0.196160 3.484848
v 0.757576 0.412522 3.181818
v 0.757576 0.774736 2.878788
v 0.757576 1.127718 2.575758
v 0.757576 1.277884 2.272727
v 0.757576 1.450679 1.969697
v 0.757576 1.304902 1.666667
v 0.757576 1.198786 1.363636
v 0.757576 0.993176 1.060606
v 0.757576 0.863300 0.757576
v 0.757576 0.823270 0.454545
v 0.757576 0.629782 0.151515
v 0.757576 0.451450 -0.151515
v 0.757576 -0.006581 -0.454545
v 0.757576 -0.354351 -0.757576
v 0.757576 -0.605629 -1.060606
v 0.757576 -0.726899 -1.363636
v 0.757576 -0.844119 -1.666667
v 0.757576 -0.974622 -1.969697
v 0.757576 -0.870277 -2.272727
v 0.757576 -0.582253 -2.575758
v 0.757576 -0.419807 -2.878788
v 0.757576 -0.175274 -3.181818
v 0.757576 -0.050427 -3.484848
v 0.757576 -0.037865 -3.787879
v 0.757576 0.051583 -4.090909
v 0.757576 0.034499 -4.393939
v 0.757576 0.024255 -4.696970
v 0.757576 0.000000 -5.000000
v 1.060606 0.000000 5.000000
v 1.060606 -0.002151 4.696970
v 1.060606 0.017532 4.393939
v 1.060606 0.062990 4.090909
v 1.060606 0.176572 3.787879
v 1.060606 0.231088 3.484848
v 1.060606 0.522314 3.181818
v 1.060606 0.794079 2.878788
v 1.060606 1.079457 2.575758
v 1.060606 1.458848 2.272727
v 1.060606 1.603631 1.969697
v 1.060606 1.495119 1.666667
v 1.060606 1.269095 1.363636
v 1.060606 1.038745 1.060606
v 1.060606 0.730927 0.757576
v 1.060606 0.594344 0.454545
v 1.060606 0.539851 0.151515
v 1.060606 0.284978 -0.151515
v 1.060606 -0.280761 -0.454545
v 1.060606 -0.604841 -0.757576
v 1.060606 -0.913497 -1.060606
v 1.060606 -0.987429 -1.363636
v 1.060606 -1.113124 -1.666667
v 1.060606 -1.149015 -1.969697
v 1.060606 -1.105114 -2.272727
v 1.060606 -0.725636 -2.575758
v 1.060606 -0.425176 -2.878788
v 1.060606 -0.231621 -3.181818
v 1.060606 -0.163470 -3.484848
v 1.060606 -0.100330 -3.787879
v 1.060606 -0.029099 -4.090909
v 1.060606 0.002412 -4.393939
v 1.060606 0.003876 -4.696970
v 1.060606 0.000000 -5.000000
v 1.363636 0.000000 5.000000
v 1.363636 -0.001032 4.696970
v 1.363636 0.019619 4.393939
v 1.363636 0.054260 4.090909
v 1.363636 0.101906 3.787879
v 1.363636 0.309482 3.484848
v 1.363636 0.512979 3.181818
v 1.363636 0.699650 2.878788
v 1.363636 1.021393 2.575758
v 1.363636 1.449684 2.272727
v 1.363636 1.558794 1.969697
v 1.363636 1.533312 1.666667
v 1.363636 1.242625 1.363636
v 1.363636 0.995938 1.060606
v 1.363636 0.669076 0.757576
v 1.363636 0.517513 0.454545
v 1.363636 0.141734 0.151515
v 1.363636 -0.034041 -0.151515
v 1.363636 -0.312178 -0.454545
v 1.363636 -0.772114 -0.757576
v 1.363636 -1.018358 -1.060606
v 1.363636 -1.000056 -1.363636
v 1.363636 -1.181565 -1.666667
v 1.363636 -1.443496 -1.969697
v 1.363636 -1.325024 -2.272727
v 1.363636 -1.113466 -2.575758
v 1.363636 -0.771722 -2.878788
v 1.363636 -0.541781 -3.181818
v 1.363636 -0.439695 -3.484848
v 1.363636 -0.257011 -3.787879
v 1.363636 -0.117381 -4.090909
v 1.363636 -0.041388 -4.393939
v 1.363636 -0.012795 -4.696970
v 1.363636 0.000000 -5.000000
v 1.666667 0.000000 5.000000
v 1.666667 0.006282 4.696970
v 1.666667 0.019761 4.393939
v 1.666667 0.001840 4.090909
v 1.666667 0.108498 3.787879
v 1.666667 0.289745 3.484848
v 1.666667 0.422560 3.181818
v 1.666667 0.574101 2.878788
v 1.666667 0.933728 2.575758
v 1.666667 1.145834 2.272727
v 1.666667 1.212625 1.969697
v 1.666667 1.177725 1.666667
v 1.666667 1.236149 1.363636
v 1.666667 0.888318 1.060606
v 1.666667 0.606505 0.757576
v 1.666667 0.070368 0.454545
v 1.666667 -0.029328 0.151515
v 1.666667 -0.346836 -0.151515
v 1.666667 -0.599446 -0.454545
v 1.666667 -0.878467 -0.757576
v 1.666667 -1.079119 -1.060606
v 1.666667 -0.988180 -1.363636
v 1.666667 -1.209163 -1.666667
v 1.666667 -1.515289 -1.969697
v 1.666667 -1.592725 -2.272727
v 1.666667 -1.469113 -2.575758
v 1.666667 -1.254457 -2.878788
v 1.666667 -0.982608 -3.181818
v 1.666667 -0.725200 -3.484848
v 1.666667 -0.492635 -3.787879
v 1.666667 -0.303794 -4.090909
v 1.666667 -0.138612 -4.393939
v 1.666667 -0.033225 -4.696970
v 1.666667 0.000000 -5.000000
v 1.969697 0.000000 5.000000
v 1.969697 0.011794 4.696970
v 1.969697 0.034307 4.393939
v 1.969697 0.028854 4.090909
v 1.969697 0.075608 3.787879
v 1.969697 0.261880 3.484848
v 1.969697 0.430129 3.181818
v 1.969697 0.551667 2.878788
v 1.969697 0.790491 2.575758
v 1.969697 1.024817 2.272727
v 1.969697 1.253126 1.969697
v 1.969697 1.177790 1.666667
v 1.969697 0.933523 1.363636
v 1.969697 0.686925 1.060606
v 1.969697 0.352465 0.757576
v 1.969697 0.059277 0.454545
v 1.969697 -0.109573 0.151515
v 1.969697 -0.531659 -0.151515
v 1.969697 -0.843613 -0.454545
v 1.969697 -1.095407 -0.757576
v 1.969697 -1.230718 -1.060606
v 1.969697 -1.192801 -1.363636
v 1.969697 -1.299237 -1.666667
v 1.969697 -1.600168 -1.969697
v 1.969697 -1.575438 -2.272727
v 1.969697 -1.546634 -2.575758
v 1.969697 -1.445504 -2.878788
v 1.969697 -1.237544 -3.181818
v 1.969697 -0.947930 -3.484848
v 1.969697 -0.698029 -3.787879
v 1.969697 -0.422348 -4.090909
v 1.969697 -0.212618 -4.393939
v 1.969697 -0.045657 -4.696970
v 1.969697 0.000000 -5.000000
v 2.272727 0.000000 5.000000
v 2.272727 0.021417 4.696970
v 2.272727 0.060096 4.393939
v 2.272727 0.092467 4.090909
v 2.272727 0.135984 3.787879
v 2.272727 0.257487 3.484848
v 2.272727 0.418468 3.181818
v 2.272727 0.560897 2.878788
v 2.272727 0.858075 2.575758
v 2.272727 1.009538 2.272727
v 2.272727 1.180505 1.969697
v 2.272727 1.164882 1.666667
v 2.272727 0.907012 1.363636
v 2.272727 0.786061 1.060606
v 2.272727 0.618912 0.757576
v 2.272727 0.205143 0.454545
v 2.272727 -0.130998 0.151515
v 2.272727 -0.476908 -0.151515
v 2.272727 -0.812597 -0.454545
v 2.272727 -1.141397 -0.757576
v 2.272727 -1.266223 -1.060606
v 2.272727 -1.414134 -1.363636
v 2.272727 -1.549426 -1.666667
v 2.272727 -1.770226 -1.969697
v 2.272727 -1.744828 -2.272727
v 2.272727 -1.776042 -2.575758
v 2.272727 -1.615095 -2.878788
v 2.272727 -1.436663 -3.181818
v 2.272727 -1.173797 -3.484848
v 2.272727 -0.832661 -3.787879
v 2.272727 -0.478238 -4.090909
v 2.272727 -0.239481 -4.393939
v 2.272727 -0.048834 -4.696970
v 2.272727 0.000000 -5.000000
v 2.575758 0.000000 5.000000
v 2.575758 0.025934 4.696970
v 2.575758 0.117022 4.393939
v 2.575758 0.199341 4.090909
v 2.575758 0.256609 3.787879
v 2.575758 0.307867 3.484848
v 2.575758 0.416111 3.181818
v 2.575758 0.573121 2.878788
v 2.575758 0.707809 2.575758
v 2.575758 0.926934 2.272727
v 2.575758 0.943545 1.969697
v 2.575758 0.927029 1.666667
v 2.575758 0.894941 1.363636
v 2.575758 0.857267 1.060606
v 2.575758 0.586516 0.757576
v 2.575758 0.072301 0.454545
v 2.575758 -0.236647 0.151515
v 2.575758 -0.422221 -0.151515
v 2.575758 -0.824053 -0.454545
v 2.575758 -1.109924 -0.757576
v 2.575758 -1.274739 -1.060606
v 2.575758 -1.538326 -1.363636
v 2.575758 -1.662338 -1.666667
v 2.575758 -1.601359 -1.969697
v 2.575758 -1.641820 -2.272727
v 2.575758 -1.710631 -2.575758
v 2.575758 -1.675807 -2.878788
v 2.575758 -1.602005 -3.181818
v 2.575758 -1.270110 -3.484848
v 2.575758 -0.913999 -3.787879
v 2.575758 -0.507937 -4.090909
v 2.575758 -0.226567 -4.393939
v 2.575758 -0.042295 -4.696970
v 2.575758 0.000000 -5.000000
v 2.878788 0.000000 5.000000
v 2.878788 0.015916 4.696970
v 2.878788 0.108959 4.393939
v 2.878788 0.222544 4.090909
v 2.878788 0.315528 3.787879
v 2.878788 0.385034 3.484848
v 2.878788 0.388404 3.181818
v 2.878788 0.503386 2.878788
v 2.878788 0.620951 2.575758
v 2.878788 0.733474 2.272727
v 2.878788 0.760579 1.969697
v 2.878788 0.952566 1.666667
v 2.878788 0.812789 1.363636
v 2.878788 0.765660 1.060606
v 2.878788 0.355058 0.757576
v 2.878788 -0.006440 0.454545
v 2.878788 -0.209720 0.151515
v 2.878788 -0.399161 -0.151515
v 2.878788 -0.774605 -0.454545
v 2.878788 -1.055041 -0.757576
v 2.878788 -1.315566 -1.060606
v 2.878788 -1.579502 -1.363636
v 2.878788 -1.657584 -1.666667
v 2.878788 -1.635061 -1.969697
v 2.878788 -1.502653 -2.272727
v 2.878788 -1.567605 -2.575758
v 2.878788 -1.492071 -2.878788
v 2.878788 -1.435109 -3.181818
v 2.878788 -1.202724 -3.484848
v 2.878788 -0.833444 -3.787879
v 2.878788 -0.468483 -4.090909
v 2.878788 -0.202816 -4.393939
v 2.878788 -0.026632 -4.696970
v 2.878788 0.000000 -5.000000
v 3.181818 0.000000 5.000000
v 3.181818 0.004826 4.696970
v 3.181818 0.078200 4.393939
v 3.181818 0.199737 4.090909
v 3.181818 0.355817 3.787879
v 3.181818 0.444544 3.484848
v 3.181818 0.539071 3.181818
v 3.181818 0.683101 2.878788
v 3.181818 0.637197 2.575758
v 3.181818 0.542730 2.272727
v 3.181818 0.549471 1.969697
v 3.181818 0.629116 1.666667
v 3.181818 0.618392 1.363636
v 3.181818 0.422080 1.060606
v 3.181818 0.240259 0.757576
v 3.181818 0.057918 0.454545
v 3.181818 -0.215470 0.151515
v 3.181818 -0.434870 -0.151515
v 3.181818 -0.788959 -0.454545
v 3.181818 -1.010659 -0.757576
v 3.181818 -1.361411 -1.060606
v 3.181818 -1.486049 -1.363636
v 3.181818 -1.508109 -1.666667
v 3.181818 -1.461969 -1.969697
v 3.181818 -1.419592 -2.272727
v 3.181818 -1.432205 -2.575758
v 3.181818 -1.424685 -2.878788
v 3.181818 -1.272181 -3.181818
v 3.181818 -1.098869 -3.484848
v 3.181818 -0.745306 -3.787879
v 3.181818 -0.420616 -4.090909
v 3.181818 -0.154534 -4.393939
v 3.181818 -0.007894 -4.696970
v 3.181818 0.000000 -5.000000
v 3.484848 0.000000 5.000000
v 3.484848 0.000000 4.696970
v 3.484848 0.047802 4.393939
v 3.484848 0.179908 4.090909
v 3.484848 0.351871 3.787879
v 3.484848 0.502997 3.484848
v 3.484848 0.584627 3.181818
v 3.484848 0.617642 2.878788
v 3.484848 0.491819 2.575758
v 3.484848 0.412922 2.272727
v 3.484848 0.265983 1.969697
v 3.484848 0.268805 1.666667
v 3.484848 0.346801 1.363636
v 3.484848 0.281425 1.060606
v 3.484848 0.188212 0.757576
v 3.484848 -0.005967 0.454545
v 3.484848 -0.305253 0.151515
v 3.484848 -0.505222 -0.151515
v 3.484848 -0.722395 -0.454545
v 3.484848 -0.962638 -0.757576
v 3.484848 -1.089709 -1.060606
v 3.484848 -1.226123 -1.363636
v 3.484848 -1.171330 -1.666667
v 3.484848 -1.158203 -1.969697
v 3.484848 -1.160673 -2.272727
v 3.484848 -1.194277 -2.575758
v 3.484848 -1.123902 -2.878788
v 3.484848 -1.026889 -3.181818
v 3.484848 -0.852088 -3.484848
v 3.484848 -0.565588 -3.787879
v 3.484848 -0.284715 -4.090909
v 3.484848 -0.078273 -4.393939
v 3.484848 0.000000 -4.696970
v 3.484848 0.000000 -5.000000
v 3.787879 0.000000 5.000000
v 3.787879 0.000000 4.696970
v 3.787879 0.010858 4.393939
v 3.787879 0.103058 4.090909
v 3.787879 0.241749 3.787879
v 3.787879 0.376149 3.484848
v 3.787879 0.475983 3.181818
v 3.787879 0.475966 2.878788
v 3.787879 0.370114 2.575758
v 3.787879 0.370866 2.272727
v 3.787879 0.243298 1.969697
v 3.787879 0.236819 1.666667
v 3.787879 0.311067 1.363636
v 3.787879 0.240663 1.060606
v 3.787879 0.145795 0.757576
v 3.787879 -0.055189 0.454545
v 3.787879 -0.266740 0.151515
v 3.787879 -0.423335 -0.151515
v 3.787879 -0.564600 -0.454545
v 3.787879 -0.745969 -0.757576
v 3.787879 -0.826792 -1.060606
v 3.787879 -0.918139 -1.363636
v 3.787879 -0.852423 -1.666667
v 3.787879 -0.861977 -1.969697
v 3.787879 -0.898030 -2.272727
v 3.787879 -0.880204 -2.575758
v 3.787879 -0.833400 -2.878788
v 3.787879 -0.751134 -3.181818
v 3.787879 -0.577767 -3.484848
v 3.787879 -0.350393 -3.787879
v 3.787879 -0.142139 -4.090909
v 3.787879 -0.016205 -4.393939
v 3.787879 0.000000 -4.696970
v 3.787879 0.000000 -5.000000
v 4.090909 0.000000 5.000000
v 4.090909 0.000000 4.696970
v 4.090909 0.000000 4.393939
v 4.090909 0.023223 4.090909
v 4.090909 0.106300 3.787879
v 4.090909 0.207911 3.484848
v 4.090909 0.299273 3.181818
v 4.090909 0.292611 2.878788
v 4.090909 0.278498 2.575758
v 4.090909 0.245560 2.272727
v 4.090909 0.221057 1.969697
v 4.090909 0.195713 1.666667
v 4.090909 0.174687 1.363636
v 4.090909 0.175579 1.060606
v 4.090909 0.062825 0.757576
v 4.090909 -0.047641 0.454545
v 4.090909 -0.117512 0.151515
v 4.090909 -0.209473 -0.151515
v 4.090909 -0.361761 -0.454545
v 4.090909 -0.455631 -0.757576
v 4.090909 -0.556504 -1.060606
v 4.090909 -0.632421 -1.363636
v 4.090909 -0.586520 -1.666667
v 4.090909 -0.557586 -1.969697
v 4.090909 -0.602593 -2.272727
v 4.090909 -0.606623 -2.575758
v 4.090909 -0.546942 -2.878788
v 4.090909 -0.443761 -3.181818
v 4.090909 -0.301558 -3.484848
v 4.090909 -0.151023 -3.787879
v 4.090909 -0.032112 -4.090909
v 4.090909 0.000000 -4.393939
v 4.090909 0.000000 -4.696970
v 4.090909 0.000000 -5.000000
v 4.393939 0.000000 5.000000
v 4.393939 0.000000 4.696970
v 4.393939 0.000000 4.393939
v 4.393939 0.000000 4.090909
v 4.393939 0.012151 3.787879
v 4.393939 0.060778 3.484848
v 4.393939 0.108913 3.181818
v 4.393939 0.121603 2.878788
v 4.393939 0.123916 2.575758
v 4.393939 0.123833 2.272727
v 4.393939 0.139276 1.969697
v 4.393939 0.081338 1.666667
v 4.393939 0.068012 1.363636
v 4.393939 0.061226 1.060606
v 4.393939 0.022543 0.757576
v 4.393939 -0.026120 0.454545
v 4.393939 -0.068178 0.151515
v 4.393939 -0.116417 -0.151515
v 4.393939 -0.136630 -0.454545
v 4.393939 -0.202514 -0.757576
v 4.393939 -0.287565 -1.060606
v 4.393939 -0.315784 -1.363636
v 4.393939 -0.338034 -1.666667
v 4.393939 -0.305382 -1.969697
v 4.393939 -0.284659 -2.272727
v 4.393939 -0.271680 -2.575758
v 4.393939 -0.231594 -2.878788
v 4.393939 -0.167887 -3.181818
v 4.393939 -0.082041 -3.484848
v 4.393939 -0.015928 -3.787879
v 4.393939 0.000000 -4.090909
v 4.393939 0.000000 -4.393939
v 4.393939 0.000000 -4.696970
v 4.393939 0.000000 -5.000000
v 4.696970 0.000000 5.000000
v 4.696970 0.000000 4.696970
v 4.696970 0.000000 4.393939
v 4.696970 0.000000 4.090909
v 4.696970 0.000000 3.787879
v 4.696970 0.000000 3.484848
v 4.696970 0.006030 3.181818
v 4.696970 0.017551 2.878788
v 4.696970 0.026615 2.575758
v 4.696970 0.032443 2.272727
v 4.696970 0.036076 1.969697
v 4.696970 0.028212 1.666667
v 4.696970 0.023705 1.363636
v 4.696970 0.022860 1.060606
v 4.696970 0.004370 0.757576
v 4.696970 -0.008450 0.454545
v 4.696970 -0.020762 0.151515
v 4.696970 -0.031052 -0.151515
v 4.696970 -0.033684 -0.454545
v 4.696970 -0.050987 -0.757576
v 4.696970 -0.070877 -1.060606
v 4.696970 -0.091038 -1.363636
v 4.696970 -0.098078 -1.666667
v 4.696970 -0.090612 -1.969697
v 4.696970 -0.074599 -2.272727
v 4.696970 -0.057766 -2.575758
v 4.696970 -0.032391 -2.878788
v 4.696970 -0.009356 -3.181818
v 4.696970 0.000000 -3.484848
v 4.696970 0.000000 -3.787879
v 4.696970 0.000000 -4.090909
v 4.696970 0.000000 -4.393939
v 4.696970 0.000000 -4.696970
v 4.696970 0.000000 -5.000000
v 5.000000 0.000000 5.000000
v 5.000000 0.000000 4.696970
v 5.000000 0.000000 4.393939
v 5.000000 0.000000 4.090909
v 5.000000 0.000000 3.787879
v 5.000000 0.000000 3.484848
v 5.000000 0.000000 3.181818
v 5.000000 0.000000 2.878788
v 5.000000 0.000000 2.575758
v 5.000000 0.000000 2.272727
v 5.000000 0.000000 1.969697
v 5.000000 0.000000 1.666667
v 5.000000 0.000000 1.363636
v 5.000000 0.000000 1.060606
v 5.000000 0.000000 0.757576
v 5.000000 0.000000 0.454545
v 5.000000 0.000000 0.151515
v 5.000000 0.000000 -0.151515
v 5.000000 0.000000 -0.454545
v 5.000000 0.000000 -0.757576
v 5.000000 0.000000 -1.060606
v 5.000000 0.000000 -1.363636
v 5.000000 0.000000 -1.666667
v 5.000000 0.000000 -1.969697
v 5.000000 0.000000 -2.272727
v 5.000000 0.000000 -2.575758
v 5.000000 0.000000 -2.878788
v 5.000000 0.000000 -3.181818
v 5.000000 0.000000 -3.484848
v 5.000000 0.000000 -3.787879
v 5.000000 0.000000 -4.090909
v 5.000000 0.000000 -4.393939
v 5.000000 0.000000 -4.696970
v 5.000000 0.000000 -5.000000
s 1
f 2 1 35 36
f 3 2 36 37
f 4 3 37 38
f 5 4 38 39
f 6 5 39 40
f 7 6 40 41
f 8 7 41 42
f 9 8 42 43
f 10 9 43 44
f 11 10 44 45
f 12 11 45 46
f 13 12 46 47
f 14 13 47 48
f 15 14 48 49
f 16 15 49 50
f 17 16 50 51
f 18 17 51 52
f 19 18 52 53
f 20 19 53 54
f 21 20 54 55
f 22 21 55 56
f 23 22 56 57
f 24 23 57 58
f 25 24 58 59
f 26 25 59 60
f 27 26 60 61
f 28 27 61 62
f 29 28 62 63
f 30 29 63 64
f 31 30 64 65
f 32 31 65 66
f 33 32 66 67
f 34 33 67 68
f 36 35 69 70
f 37 36 70 71
f 38 37 71 72
f 39 38 72 73
f 40 39 73 74
f 41 40 74 75
f 42 41 75 76
f 43 42 76 77
f 44 43 77 78
f 45 44 78 79
f 46 45 79 80
f 47 46 80 81
f 48 47 81 82
f 49 48 82 83
f 50 49 83 84
f 51 50 84 85
f 52 51 85 86
f 53 52 86 87
f 54 53 87 88
f 55 54 88 89
f 56 55 89 90
f 57 56 90 91
f 58 57 91 92
f 59 58 92 93
f 60 59 93 94
f 61 60 94 95
f 62 61 95 96
f 63 62 96 97
f 64 63 97 98
f 65 64 98 99
f 66 65 99 100
f 67 66 100 101
f 68 67 101 102
f 70 69 103 104
f 71 70 104 105
f 72 71 105 106
f 73 72 106 107
f 74 73 107 108
f 75 74 108 109
f 76 75 109 110
f 77 76 110 111
f 78 77 111 112
f 79 78 112 113
f 80 79 113 114
f 81 80 114 115
f 82 81 115 116
f 83 82 116 117
f 84 83 117 118
f 85 84 118 119
f 86 85 119 120
f 87 86 120 121
f 88 87 121 122
f 89 88 122 123
f 90 89 123 124
f 91 90 124 125
f 92 91 125 126
f 93 92 126 127
f 94 93 127 128
f 95 94 128 129
f 96 95 129 130
f 97 96 130 131
f 98 97 131 132
f 99 98 132 133
f 100 99 133 134
f 101 100 134 135
f 102 101 135 136
f 104 103 137 138
f 105 104 138 139
f 106 105 139 140
f 107 106 140 141
f 108 107 141 142
f 109 108 142 143
f 110 109 143 144
f 111 110 144 145
f 112 111 145 146
f 113 112 146 147
f 114 113 147 148
f 115 114 148 149
f 116 115 149 150
f 117 116 150 151
f 118 117 151 152
f 119 118 152 153
f 120 119 153 154
f 121 120 154 155
f 122 121 155 156
f 123 122 156 157
f 124 123 157 158
f 125 124 158 159
f 126 125 159 160
f 127 126 160 161
f 128 127 161 162
f 129 128 162 163
f 130 129 163 164
f 131 130 164 165
f 132 131 165 166
f 133 132 166 167
f 134 133 167 168
f 135 134 168 169
f 136 135 169 170
f 138 137 171 172
f 139 138 172 173
f 140 139 173 174
f 141 140 174 175
f 142 141 175 176
f 143 142 176 177
f 144 143 177 178
f 145 144 178 179
f 146 145 179 180
f 147 146 180 181
f 148 147 181 182
f 149 148 182 183
f 150 149 183 184
f 151 150 184 185
f 152 151 185 186
f 153 152 186 187
f 154 153 187 188
f 155 154 188 189
f 156 155 189 190
f 157 156 190 191
f 158 157 191 192
f 159 158 192 193
f 160 159 193 194
f 161 160 194 195
f 162 161 195 196
f 163 162 196 197
f 164 163 197 198
f 165 164 198 199
f 166 165 199 200
f 167 166 200 201
f 168 167 201 202
f 169 168 202 203
f 170 169 203 204
f 172 171 205 206
f 173 172 206 207
f 174 173 207 208
f 175 174 208 209
f 176 175 209 210
f 177 176 210 211
f 178 177 211 212
f 179 178 212 213
f 180 179 213 214
f 181 180 214 215
f 182 181 215 216
f 183 182 216 217
f 184 183 217 218
f 185 184 218 219
f 186 185 219 220
f 187 186 220 221
f 188 187 221 222
f 189 188 222 223
f 190 189 223 224
f 191 190 224 225
f 192 191 225 226
f 193 192 226 227
f 194 193 227 228
f 195 194 228 229
f 196 195 229 230
f 197 196 230 231
f 198 197 231 232
f 199 198 232 233
f 200 199 233 234
f 201 200 234 235
f 202 201 235 236
f 203 202 236 237
f 204 203 237 238
f 206 205 239 240
f 207 206 240 241
f 208 207 241 242
f 209 208 242 243
f 210 209 243 244
f 211 210 244 245
f 212 211 245 246
f 213 212 246 247
f 214 213 247 248
f 215 214 248 249
f 216 215 249 250
f 217 216 250 251
f 218 217 251 252
f 219 218 252 253
f 220 219 253 254
f 221 220 254 255
f 222 221 255 256
f 223 222 256 257
f 224 223 257 258
f 225 224 258 259
f 226 225 259 260
f 227 226 260 261
f 228 227 261 262
f 229 228 262 263
f 230 229 263 264
f 231 230 264 265
f 232 231 265 266
f 233 232 266 267
f 234 233 267 268
f 235 234 268 269
f 236 235 269 270
f 237 236 270 271
f 238 237 271 272
f 240 239 273 274
f 241 240 274 275
f 242 241 275 276
f 243 242 276 277
f 244 243 277 278
f 245 244 278 279
f 246 245 279 280
f 247 246 280 281
f 248 247 281 282
f 249 248 282 283
f 250 249 283 284
f 251 250 284 285
f 252 251 285 286
f 253 252 286 287
f 254 253 287 288
f 255 254 288 289
f 256 255 289 290
f 257 256 290 291
f 258 257 291 292
f 259 258 292 293
f 260 259 293 294
f 261 260 294 295
f 262 261 295 296
f 263 262 296 297
f 264 263 297 298
f 265 264 298 299
f 266 265 299 300
f 267 266 300 301
f 268 267 301 302
f 269 268 302 303
f 270 269 303 304
f 271 270 304 305
f 272 271 305 306
f 274 273 307 308
f 275 274 308 309
f 276 275 309 310
f 277 276 310 311
f 278 277 311 312
f 279 278 312 313
f 280 279 313 314
f 281 280 314 315
f 282 281 315 316
f 283 282 316 317
f 284 283 317 318
f 285 284 318 319
f 286 285 319 320
f 287 286 320 321
f 288 287 321 322
f 289 288 322 323
f 290 289 323 324
f 291 290 324 325
f 292 291 325 326
f 293 292 326 327
f 294 293 327 328
f 295 294 328 329
f 296 295 329 330
f 297 296 330 331
f 298 297 331 332
f 299 298 332 333
f 300 299 333 334
f 301 300 334 335
f 302 301 335 336
f 303 302 336 337
f 304 303 337 338
f 305 304 338 339
f 306 305 339 340
f 308 307 341 342
f 309 308 342 343
f 310 309 343 344
f 311 310 344 345
f 312 311 345 346
f 313 312 346 347
f 314 313 347 348
f 315 314 348 349
f 316 315 349 350
f 317 316 350 351
f 318 317 351 352
f 319 318 352 353
f 320 319 353 354
f 321 320 354 355
f 322 321 355 356
f 323 322 356 357
f 324 323 357 358
f 325 324 358 359
f 326 325 359 360
f 327 326 360 361
f 328 327 361 362
f 329 328 362 363
f 330 329 363 364
f 331 330 364 365
f 332 331 365 366
f 333 332 366 367
f 334 333 367 368
f 335 334 368 369
f 336 335 369 370
f 337 336 370 371
f 338 337 371 372
f 339 338 372 373
f 340 339 373 374
f 342 341 375 376
f 343 342 376 377
f 344 343 377 378
f 345 344 378 379
f 346 345 379 380
f 347 346 380 381
f 348 347 381 382
f 349 348 382 383
f 350 349 383 384
f 351 350 384 385
f 352 351 385 386
f 353 352 386 387
f 354 353 387 388
f 355 354 388 389
f 356 355 389 390
f 357 356 390 391
f 358 357 391 392
f 359 358 392 393
f 360 359 393 394
f 361 360 394 395
f 362 361 395 396
f 363 362 396 397
f 364 363 397 398
f 365 364 398 399
f 366 365 399 400
f 367 366 400 401
f 368 367 401 402
f 369 368 402 403
f 370 369 403 404
f 371 370 404 405
f 372 371 405 406
f 373 372 406 407
f 374 373 407 408
f 376 375 409 410
f 377 376 410 411
f 378 377 411 412
f 379 378 412 413
f 380 379 413 414
f 381 380 414 415
f 382 381 415 416
f 383 382 416 417
f 384 383 417 418
f 385 384 418 419
f 386 385 419 420
f 387 386 420 421
f 388 387 421 422
f 389 388 422 423
f 390 389 423 424
f 391 390 424 425
f 392 391 425 426
f 393 392 426 427
f 394 393 427 428
f 395 394 428 429
f 396 395 429 430
f 397 396 430 431
f 398 397 431 432
f 399 398 432 433
f 400 399 433 434
f 401 400 434 435
f 402 401 435 436
f 403 402 436 437
f 404 403 437 438
f 405 404 438 439
f 406 405 439 440
f 407 406 440 441
f 408 407 441 442
f 410 409 443 444
f 411 410 444 445
f 412 411 445 446
f 413 412 446 447
f 414 413 447 448
f 415 414 448 449
f 416 415 449 450
f 417 416 450 451
f 418 417 451 452
f 419 418 452 453
f 420 419 453 454
f 421 420 454 455
f 422 421 455 456
f 423 422 456 457
f 424 423 457 458
f 425 424 458 459
f 426 425 459 460
f 427 426 460 461
f 428 427 461 462
f 429 428 462 463
f 430 429 463 464
f 431 430 464 465
f 432 431 465 466
f 433 432 466 467
f 434 433 467 468
f 435 434 468 469
f 436 435 469 470
f 437 436 470 471
f 438 437 471 472
f 439 438 472 473
f 440 439 473 474
f 441 440 474 475
f 442 441 475 476
f 444 443 477 478
f 445 444 478 479
f 446 445 479 480
f 447 446 480 481
f 448 447 481 482
f 449 448 482 483
f 450 449 483 484
f 451 450 484 485
f 452 451 485 486
f 453 452 486 487
f 454 453 487 488
f 455 454 488 489
f 456 455 489 490
f 457 456 490 491
f 458 457 491 492
f 459 458 492 493
f 460 459 493 494
f 461 460 494 495
f 462 461 495 496
f 463 462 496 497
f 464 463 497 498
f 465 464 498 499
f 466 465 499 500
f 467 466 500 501
f 468 467 501 502
f 469 468 502 503
f 470 469 503 504
f 471 470 504 505
f 472 471 505 506
f 473 472 506 507
f 474 473 507 508
f 475 474 508 509
f 476 475 509 510
f 478 477 511 512
f 479 478 512 513
f 480 479 513 514
f 481 480 514 515
f 482 481 515 516
f 483 482 516 517
f 484 483 517 518
f 485 484 518 519
f 486 485 519 520
f 487 486 520 521
f 488 487 521 522
f 489 488 522 523
f 490 489 523 524
f 491 490 524 525
f 492 491 525 526
f 493 492 526 527
f 494 493 527 528
f 495 494 528 529
f 496 495 529 530
f 497 496 530 531
f 498 497 531 532
f 499 498 532 533
f 500 499 533 534
f 501 500 534 535
f 502 501 535 536
f 503 502 536 537
f 504 503 537 538
f 505 504 538 539
f 506 505 539 540
f 507 506 540 541
f 508 507 541 542
f 509 508 542 543
f 510 509 543 544
f 512 511 545 546
f 513 512 546 547
f 514 513 547 548
f 515 514 548 549
f 516 515 549 550
f 517 516 550 551
f 518 517 551 552
f 519 518 552 553
f 520 519 553 554
f 521 520 554 555
f 522 521 555 556
f 523 522 556 557
f 524 523 557 558
f 525 524 558 559
f 526 525 559 560
f 527 526 560 561
f 528 527 561 562
f 529 528 562 563
f 530 529 563 564
f 531 530 564 565
f 532 531 565 566
f 533 532 566 567
f 534 533 567 568
f 535 534 568 569
f 536 535 569 570
f 537 536 570 571
f 538 537 571 572
f 539 538 572 573
f 540 539 573 574
f 541 540 574 575
f 542 541 575 576
f 543 542 576 577
f 544 543 577 578
f 546 545 579 580
f 547 546 580 581
f 548 547 581 582
f 549 548 582 583
f 550 549 583 584
f 551 550 584 585
f 552 551 585 586
f 553 552 586 587
f 554 553 587 588
f 555 554 588 589
f 556 555 589 590
f 557 556 590 591
f 558 557 591 592
f 559 558 592 593
f 560 559 593 594
f 561 560 594 595
f 562 561 595 596
f 563 562 596 597
f 564 563 597 598
f 565 564 598 599
f 566 565 599 600
f 567 566 600 601
f 568 567 601 602
f 569 568 602 603
f 570 569 603 604
f 571 570 604 605
f 572 571 605 606
f 573 572 606 607
f 574 573 607 608
f 575 574 608 609
f 576 575 609 610
f 577 576 610 611
f 578 577 611 612
f 580 579 613 614
f 581 580 614 615
f 582 581 615 616
f 583 582 616 617
f 584 583 617 618
f 585 584 618 619
f 586 585 619 620
f 587 586 620 621
f 588 587 621 622
f 589 588 622 623
f 590 589 623 624
f 591 590 624 625
f 592 591 625 626
f 593 592 626 627
f 594 593 627 628
f 595 594 628 629
f 596 595 629 630
f 597 596 630 631
f 598 597 631 632
f 599 598 632 633
f 600 599 633 634
f 601 600 634 635
f 602 601 635 636
f 603 602 636 637
f 604 603 637 638
f 605 604 638 639
f 606 605 639 640
f 607 606 640 641
f 608 607 641 642
f 609 608 642 643
f 610 609 643 644
f 611 610 644 645
f 612 611 645 646
f 614 613 647 648
f 615 614 648 649
f 616 615 649 650
f 617 616 650 651
f 618 617 651 652
f 619 618 652 653
f 620 619 653 654
f 621 620 654 655
f 622 621 655 656
f 623 622 656 657
f 624 623 657 658
f 625 624 658 659
f 626 625 659 660
f 627 626 660 661
f 628 627 661 662
f 629 628 662 663
f 630 629 663 664
f 631 630 664 665
f 632 631 665 666
f 633 632 666 667
f 634 633 667 668
f 635 634 668 669
f 636 635 669 670
f 637 636 670 671
f 638 637 671 672
f 639 638 672 673
f 640 639 673 674
f 641 640 674 675
f 642 641 675 676
f 643 642 676 677
f 644 643 677 678
f 645 644 678 679
f 646 645 679 680
f 648 647 681 682
f 649 648 682 683
f 650 649 683 684
f 651 650 684 685
f 652 651 685 686
f 653 652 686 687
f 654 653 687 688
f 655 654 688 689
f 656 655 689 690
f 657 656 690 691
f 658 657 691 692
f 659 658 692 693
f 660 659 693 694
f 661 660 694 695
f 662 661 695 696
f 663 662 696 697
f 664 663 697 698
f 665 664 698 699
f 666 665 699 700
f 667 666 700 701
f 668 667 701 702
f 669 668 702 703
f 670 669 703 704
f 671 670 704 705
f 672 671 705 706
f 673 672 706 707
f 674 673 707 708
f 675 674 708 709
f 676 675 709 710
f 677 676 710 711
f 678 677 711 712
f 679 678 712 713
f 680 679 713 714
f 682 681 715 716
f 683 682 716 717
f 684 683 717 718
f 685 684 718 719
f 686 685 719 720
f 687 686 720 721
f 688 687 721 722
f 689 688 722 723
f 690 689 723 724
f 691 690 724 725
f 692 691 725 726
f 693 692 726 727
f 694 693 727 728
f 695 694 728 729
f 696 695 729 730
f 697 696 730 731
f 698 697 731 732
f 699 698 732 733
f 700 699 733 734
f 701 700 734 735
f 702 701 735 736
f 703 702 736 737
f 704 703 737 738
f 705 704 738 739
f 706 705 739 740
f 707 706 740 741
f 708 707 741 742
f 709 708 742 743
f 710 709 743 744
f 711 710 744 745
f 712 711 745 746
f 713 712 746 747
f 714 713 747 748
f 716 715 749 750
f 717 716 750 751
f 718 717 751 752
f 719 718 752 753
f 720 719 753 754
f 721 720 754 755
f 722 721 755 756
f 723 722 756 757
f 724 723 757 758
f 725 724 758 759
f 726 725 759 760
f 727 726 760 761
f 728 727 761 762
f 729 728 762 763
f 730 729 763 764
f 731 730 764 765
f 732 731 765 766
f 733 732 766 767
f 734 733 767 768
f 735 734 768 769
f 736 735 769 770
f 737 736 770 771
f 738 737 771 772
f 739 738 772 773
f 740 739 773 774
f 741 740 774 775
f 742 741 775 776
f 743 742 776 777
f 744 743 777 778
f 745 744 778 779
f 746 745 779 780
f 747 746 780 781
f 748 747 781 782
f 750 749 783 784
f 751 750 784 785
f 752 751 785 786
f 753 752 786 787
f 754 753 787 788
f 755 754 788 789
f 756 755 789 790
f 757 756 790 791
f 758 757 791 792
f 759 758 792 793
f 760 759 793 794
f 761 760 794 795
f 762 761 795 796
f 763 762 796 797
f 764 763 797 798
f 765 764 798 799
f 766 765 799 800
f 767 766 800 801
f 768 767 801 802
f 769 768 802 803
f 770 769 803 804
f 771 770 804 805
f 772 771 805 806
f 773 772 806 807
f 774 773 807 808
f 775 774 808 809
f 776 775 809 810
f 777 776 810 811
f 778 777 811 812
f 779 778 812 813
f 780 779 813 814
f 781 780 814 815
f 782 781 815 816
f 784 783 817 818
f 785 784 818 819
f 786 785 819 820
f 787 786 820 821
f 788 787 821 822
f 789 788 822 823
f 790 789 823 824
f 791 790 824 825
f 792 791 825 826
f 793 792 826 827
f 794 793 827 828
f 795 794 828 829
f 796 795 829 830
f 797 796 830 831
f 798 797 831 832
f 799 798 832 833
f 800 799 833 834
f 801 800 834 835
f 802 801 835 836
f 803 802 836 837
f 804 803 837 838
f 805 804 838 839
f 806 805 839 840
f 807 806 840 841
f 808 807 841 842
f 809 808 842 843
f 810 809 843 844
f 811 810 844 845
f 812 811 845 846
f 813 812 846 847
f 814 813 847 848
f 815 814 848 849
f 816 815 849 850
f 818 817 851 852
f 819 818 852 853
f 820 819 853 854
f 821 820 854 855
f 822 821 855 856
f 823 822 856 857
f 824 823 857 858
f 825 824 858 859
f 826 825 859 860
f 827 826 860 861
f 828 827 861 862
f 829 828 862 863
f 830 829 863 864
f 831 830 864 865
f 832 831 865 866
f 833 832 866 867
f 834 833 867 868
f 835 834 868 869
f 836 835 869 870
f 837 836 870 871
f 838 837 871 872
f 839 838 872 873
f 840 839 873 874
f 841 840 874 875
f 842 841 875 876
f 843 842 876 877
f 844 843 877 878
f 845 844 878 879
f 846 845 879 880
f 847 846 880 881
f 848 847 881 882
f 849 848 882 883
f 850 849 883 884
f 852 851 885 886
f 853 852 886 887
f 854 853 887 888
f 855 854 888 889
f 856 855 889 890
f 857 856 890 891
f 858 857 891 892
f 859 858 892 893
f 860 859 893 894
f 861 860 894 895
f 862 861 895 896
f 863 862 896 897
f 864 863 897 898
f 865 864 898 899
f 866 865 899 900
f 867 866 900 901
f 868 867 901 902
f 869 868 902 903
f 870 869 903 904
f 871 870 904 905
f 872 871 905 906
f 873 872 906 907
f 874 873 907 908
f 875 874 908 909
f 876 875 909 910
f 877 876 910 911
f 878 877 911 912
f 879 878 912 913
f 880 879 913 914
f 881 880 914 915
f 882 881 915 916
f 883 882 916 917
f 884 883 917 918
f 886 885 919 920
f 887 886 920 921
f 888 887 921 922
f 889 888 922 923
f 890 889 923 924
f 891 890 924 925
f 892 891 925 926
f 893 892 926 927
f 894 893 927 928
f 895 894 928 929
f 896 895 929 930
f 897 896 930 931
f 898 897 931 932
f 899 898 932 933
f 900 899 933 934
f 901 900 934 935
f 902 901 935 936
f 903 902 936 937
f 904 903 937 938
f 905 904 938 939
f 906 905 939 940
f 907 906 940 941
f 908 907 941 942
f 909 908 942 943
f 910 909 943 944
f 911 910 944 945
f 912 911 945 946
f 913 912 946 947
f 914 913 947 948
f 915 914 948 949
f 916 915 949 950
f 917 916 950 951
f 918 917 951 952
f 920 919 953 954
f 921 920 954 955
f 922 921 955 956
f 923 922 956 957
f 924 923 957 958
f 925 924 958 959
f 926 925 959 960
f 927 926 960 961
f 928 927 961 962
f 929 928 962 963
f 930 929 963 964
f 931 930 964 965
f 932 931 965 966
f 933 932 966 967
f 934 933 967 968
f 935 934 968 969
f 936 935 969 970
f 937 936 970 971
f 938 937 971 972
f 939 938 972 973
f 940 939 973 974
f 941 940 974 975
f 942 941 975 976
f 943 942 976 977
f 944 943 977 978
f 945 944 978 979
f 946 945 979 980
f 947 946 980 981
f 948 947 981 982
f 949 948 982 983
f 950 949 983 984
f 951 950 984 985
f 952 951 985 986
f 954 953 987 988
f 955 954 988 989
f 956 955 989 990
f 957 956 990 991
f 958 957 991 992
f 959 958 992 993
f 960 959 993 994
f 961 960 994 995
f 962 961 995 996
f 963 962 996 997
f 964 963 997 998
f 965 964 998 999
f 966 965 999 1000
f 967 966 1000 1001
f 968 967 1001 1002
f 969 968 1002 1003
f 970 969 1003 1004
f 971 970 1004 1005
f 972 971 1005 1006
f 973 972 1006 1007
f 974 973 1007 1008
f 975 974 1008 1009
f 976 975 1009 1010
f 977 976 1010 1011
f 978 977 1011 1012
f 979 978 1012 1013
f 980 979 1013 1014
f 981 980 1014 1015
f 982 981 1015 1016
f 983 982 1016 1017
f 984 983 1017 1018
f 985 984 1018 1019
f 986 985 1019 1020
f 988 987 1021 1022
f 989 988 1022 1023
f 990 989 1023 1024
f 991 990 1024 1025
f 992 991 1025 1026
f 993 992 1026 1027
f 994 993 1027 1028
f 995 994 1028 1029
f 996 995 1029 1030
f 997 996 1030 1031
f 998 997 1031 1032
f 999 998 1032 1033
f 1000 999 1033 1034
f 1001 1000 1034 1035
f 1002 1001 1035 1036
f 1003 1002 1036 1037
f 1004 1003 1037 1038
f 1005 1004 1038 1039
f 1006 1005 1039 1040
f 1007 1006 1040 1041
f 1008 1007 1041 1042
f 1009 1008 1042 1043
f 1010 1009 1043 1044
f 1011 1010 1044 1045
f 1012 1011 1045 1046
f 1013 1012 1046 1047
f 1014 1013 1047 1048
f 1015 1014 1048 1049
f 1016 1015 1049 1050
f 1017 1016 1050 1051
f 1018 1017 1051 1052
f 1019 1018 1052 1053
f 1020 1019 1053 1054
f 1022 1021 1055 1056
f 1023 1022 1056 1057
f 1024 1023 1057 1058
f 1025 1024 1058 1059
f 1026 1025 1059 1060
f 1027 1026 1060 1061
f 1028 1027 1061 1062
f 1029 1028 1062 1063
f 1030 1029 1063 1064
f 1031 1030 1064 1065
f 1032 1031 1065 1066
f 1033 1032 1066 1067
f 1034 1033 1067 1068
f 1035 1034 1068 1069
f 1036 1035 1069 1070
f 1037 1036 1070 1071
f 1038 1037 1071 1072
f 1039 1038 1072 1073
f 1040 1039 1073 1074
f 1041 1040 1074 1075
f 1042 1041 1075 1076
f 1043 1042 1076 1077
f 1044 1043 1077 1078
f 1045 1044 1078 1079
f 1046 1045 1079 1080
f 1047 1046 1080 1081
f 1048 1047 1081 1082
f 1049 1048 1082 1083
f 1050 1049 1083 1084
f 1051 1050 1084 1085
f 1052 1051 1085 1086
f 1053 1052 1086 1087
f 1054 1053 1087 1088
f 1056 1055 1089 1090
f 1057 1056 1090 1091
f 1058 1057 1091 1092
f 1059 1058 1092 1093
f 1060 1059 1093 1094
f 1061 1060 1094 1095
f 1062 1061 1095 1096
f 1063 1062 1096 1097
f 1064 1063 1097 1098
f 1065 1064 1098 1099
f 1066 1065 1099 1100
f 1067 1066 1100 1101
f 1068 1067 1101 1102
f 1069 1068 1102 1103
f 1070 1069 1103 1104
f 1071 1070 1104 1105
f 1072 1071 1105 1106
f 1073 1072 1106 1107
f 1074 1073 1107 1108
f 1075 1074 1108 1109
f 1076 1075 1109 1110
f 1077 1076 1110 1111
f 1078 1077 1111 1112
f 1079 1078 1112 1113
f 1080 1079 1113 1114
f 1081 1080 1114 1115
f 1082 1081 1115 1116
f 1083 1082 1116 1117
f 1084 1083 1117 1118
f 1085 1084 1118 1119
f 1086 1085 1119 1120
f 1087 1086 1120 1121
f 1088 1087 1121 1122
f 1090 1089 1123 1124
f 1091 1090 1124 1125
f 1092 1091 1125 1126
f 1093 1092 1126 1127
f 1094 1093 1127 1128
f 1095 1094 1128 1129
f 1096 1095 1129 1130
f 1097 1096 1130 1131
f 1098 1097 1131 1132
f 1099 1098 1132 1133
f 1100 1099 1133 1134
f 1101 1100 1134 1135
f 1102 1101 1135 1136
f 1103 1102 1136 1137
f 1104 1103 1137 1138
f 1105 1104 1138 1139
f 1106 1105 1139 1140
f 1107 1106 1140 1141
f 1108 1107 1141 1142
f 1109 1108 1142 1143
f 1110 1109 1143 1144
f 1111 1110 1144 1145
f 1112 1111 1145 1146
f 1113 1112 1146 1147
f 1114 1113 1147 1148
f 1115 1114 1148 1149
f 1116 1115 1149 1150
f 1117 1116 1150 1151
f 1118 1117 1151 1152
f 1119 1118 1152 1153
f 1120 1119 1153 1154
f 1121 1120 1154 1155
f 1122 1121 1155 1156
