# Blender v2.79 (sub 0) OBJ File: ''
# www.blender.org
v -5.000000 0.000000 5.000000
v -5.000000 0.000000 4.600000
v -5.000000 0.000000 4.200000
v -5.000000 0.000000 3.800000
v -5.000000 0.000000 3.400000
v -5.000000 0.000000 3.000000
v -5.000000 0.000000 2.600000
v -5.000000 0.000000 2.200000
v -5.000000 0.000000 1.800000
v -5.000000 0.000000 1.400000
v -5.000000 0.000000 1.000000
v -5.000000 0.000000 0.600000
v -5.000000 0.000000 0.200000
v -5.000000 0.000000 -0.200000
v -5.000000 0.000000 -0.600000
v -5.000000 0.000000 -1.000000
v -5.000000 0.000000 -1.400000
v -5.000000 0.000000 -1.800000
v -5.000000 0.000000 -2.200000
v -5.000000 0.000000 -2.600000
v -5.000000 0.000000 -3.000000
v -5.000000 0.000000 -3.400000
v -5.000000 0.000000 -3.800000
v -5.000000 0.000000 -4.200000
v -5.000000 0.000000 -4.600000
v -5.000000 0.000000 -5.000000
v -4.600000 0.000000 5.000000
v -4.600000 0.000000 4.600000
v -4.600000 0.000000 4.200000
v -4.600000 0.000000 3.800000
v -4.600000 -0.012257 3.400000
v -4.600000 -0.060044 3.000000
v -4.600000 -0.098257 2.600000
v -4.600000 -0.112623 2.200000
v -4.600000 -0.139838 1.800000
v -4.600000 -0.138171 1.400000
v -4.600000 -0.133934 1.000000
v -4.600000 -0.122253 0.600000
v -4.600000 -0.116837 0.200000
v -4.600000 -0.083109 -0.200000
v -4.600000 -0.048281 -0.600000
v -4.600000 -0.033437 -1.000000
v -4.600000 0.006411 -1.400000
v -4.600000 0.016813 -1.800000
v -4.600000 0.011713 -2.200000
v -4.600000 0.011484 -2.600000
v -4.600000 0.008186 -3.000000
v -4.600000 0.003164 -3.400000
v -4.600000 0.000000 -3.800000
v -4.600000 0.000000 -4.200000
v -4.600000 0.000000 -4.600000
v -4.600000 0.000000 -5.000000
v -4.200000 0.000000 5.000000
v -4.200000 0.000000 4.600000
v -4.200000 -0.000040 4.200000
v -4.200000 -0.064572 3.800000
v -4.200000 -0.190754 3.400000
v -4.200000 -0.313998 3.000000
v -4.200000 -0.395179 2.600000
v -4.200000 -0.449774 2.200000
v -4.200000 -0.489697 1.800000
v -4.200000 -0.435984 1.400000
v -4.200000 -0.440824 1.000000
v -4.200000 -0.371447 0.600000
v -4.200000 -0.362698 0.200000
v -4.200000 -0.233730 -0.200000
v -4.200000 -0.122704 -0.600000
v -4.200000 -0.064948 -1.000000
v -4.200000 0.062317 -1.400000
v -4.200000 0.146267 -1.800000
v -4.200000 0.092049 -2.200000
v -4.200000 0.080015 -2.600000
v -4.200000 0.077191 -3.000000
v -4.200000 0.078249 -3.400000
v -4.200000 0.032967 -3.800000
v -4.200000 0.000019 -4.200000
v -4.200000 0.000000 -4.600000
v -4.200000 0.000000 -5.000000
v -3.800000 0.000000 5.000000
v -3.800000 0.000000 4.600000
v -3.800000 -0.048456 4.200000
v -3.800000 -0.210934 3.800000
v -3.800000 -0.439017 3.400000
v -3.800000 -0.612263 3.000000
v -3.800000 -0.703327 2.600000
v -3.800000 -0.712787 2.200000
v -3.800000 -0.811636 1.800000
v -3.800000 -0.804097 1.400000
v -3.800000 -0.741810 1.000000
v -3.800000 -0.649849 0.600000
v -3.800000 -0.600807 0.200000
v -3.800000 -0.361948 -0.200000
v -3.800000 -0.224771 -0.600000
v -3.800000 -0.018265 -1.000000
v -3.800000 0.198245 -1.400000
v -3.800000 0.252629 -1.800000
v -3.800000 0.298601 -2.200000
v -3.800000 0.232401 -2.600000
v -3.800000 0.237829 -3.000000
v -3.800000 0.209834 -3.400000
v -3.800000 0.143877 -3.800000
v -3.800000 0.034581 -4.200000
v -3.800000 0.000000 -4.600000
v -3.800000 0.000000 -5.000000
v -3.400000 0.000000 5.000000
v -3.400000 -0.008465 4.600000
v -3.400000 -0.147965 4.200000
v -3.400000 -0.366671 3.800000
v -3.400000 -0.698709 3.400000
v -3.400000 -0.937577 3.000000
v -3.400000 -0.985216 2.600000
v -3.400000 -0.958604 2.200000
v -3.400000 -0.860875 1.800000
v -3.400000 -0.911325 1.400000
v -3.400000 -0.852589 1.000000
v -3.400000 -0.576232 0.600000
v -3.400000 -0.570632 0.200000
v -3.400000 -0.443427 -0.200000
v -3.400000 -0.244816 -0.600000
v -3.400000 -0.013064 -1.000000
v -3.400000 0.223837 -1.400000
v -3.400000 0.441359 -1.800000
v -3.400000 0.464225 -2.200000
v -3.400000 0.290814 -2.600000
v -3.400000 0.284643 -3.000000
v -3.400000 0.275761 -3.400000
v -3.400000 0.259979 -3.800000
v -3.400000 0.105337 -4.200000
v -3.400000 0.005505 -4.600000
v -3.400000 0.000000 -5.000000
v -3.000000 0.000000 5.000000
v -3.000000 -0.043397 4.600000
v -3.000000 -0.247079 4.200000
v -3.000000 -0.535258 3.800000
v -3.000000 -0.780215 3.400000
v -3.000000 -1.121207 3.000000
v -3.000000 -1.066909 2.600000
v -3.000000 -0.905220 2.200000
v -3.000000 -0.967218 1.800000
v -3.000000 -0.839381 1.400000
v -3.000000 -0.576069 1.000000
v -3.000000 -0.384712 0.600000
v -3.000000 -0.320132 0.200000
v -3.000000 -0.227551 -0.200000
v -3.000000 -0.129016 -0.600000
v -3.000000 0.123993 -1.000000
v -3.000000 0.528325 -1.400000
v -3.000000 0.581490 -1.800000
v -3.000000 0.486062 -2.200000
v -3.000000 0.440657 -2.600000
v -3.000000 0.468412 -3.000000
v -3.000000 0.377633 -3.400000
v -3.000000 0.319736 -3.800000
v -3.000000 0.159686 -4.200000
v -3.000000 0.023389 -4.600000
v -3.000000 0.000000 -5.000000
v -2.600000 0.000000 5.000000
v -2.600000 -0.075360 4.600000
v -2.600000 -0.332269 4.200000
v -2.600000 -0.643673 3.800000
v -2.600000 -0.876041 3.400000
v -2.600000 -1.046456 3.000000
v -2.600000 -1.074244 2.600000
v -2.600000 -0.849324 2.200000
v -2.600000 -0.928104 1.800000
v -2.600000 -0.585701 1.400000
v -2.600000 -0.138213 1.000000
v -2.600000 -0.088950 0.600000
v -2.600000 0.112302 0.200000
v -2.600000 -0.071274 -0.200000
v -2.600000 0.061669 -0.600000
v -2.600000 0.283381 -1.000000
v -2.600000 0.606010 -1.400000
v -2.600000 0.740594 -1.800000
v -2.600000 0.621818 -2.200000
v -2.600000 0.715827 -2.600000
v -2.600000 0.620353 -3.000000
v -2.600000 0.521797 -3.400000
v -2.600000 0.425402 -3.800000
v -2.600000 0.211038 -4.200000
v -2.600000 0.045148 -4.600000
v -2.600000 0.000000 -5.000000
v -2.200000 0.000000 5.000000
v -2.200000 -0.091043 4.600000
v -2.200000 -0.357660 4.200000
v -2.200000 -0.740732 3.800000
v -2.200000 -1.007791 3.400000
v -2.200000 -1.082290 3.000000
v -2.200000 -1.011874 2.600000
v -2.200000 -0.890558 2.200000
v -2.200000 -0.541822 1.800000
v -2.200000 -0.420213 1.400000
v -2.200000 -0.135017 1.000000
v -2.200000 0.205956 0.600000
v -2.200000 0.429172 0.200000
v -2.200000 0.237809 -0.200000
v -2.200000 0.542801 -0.600000
v -2.200000 0.632170 -1.000000
v -2.200000 0.662174 -1.400000
v -2.200000 0.758012 -1.800000
v -2.200000 0.814773 -2.200000
v -2.200000 0.936645 -2.600000
v -2.200000 0.906951 -3.000000
v -2.200000 0.673553 -3.400000
v -2.200000 0.545884 -3.800000
v -2.200000 0.308335 -4.200000
v -2.200000 0.081193 -4.600000
v -2.200000 0.000000 -5.000000
v -1.800000 0.000000 5.000000
v -1.800000 -0.082591 4.600000
v -1.800000 -0.310620 4.200000
v -1.800000 -0.689040 3.800000
v -1.800000 -0.957447 3.400000
v -1.800000 -1.084143 3.000000
v -1.800000 -0.945581 2.600000
v -1.800000 -0.664028 2.200000
v -1.800000 -0.329743 1.800000
v -1.800000 -0.115100 1.400000
v -1.800000 0.180233 1.000000
v -1.800000 0.404727 0.600000
v -1.800000 0.628586 0.200000
v -1.800000 0.681764 -0.200000
v -1.800000 1.024242 -0.600000
v -1.800000 0.877090 -1.000000
v -1.800000 0.874979 -1.400000
v -1.800000 0.924068 -1.800000
v -1.800000 0.865764 -2.200000
v -1.800000 1.085225 -2.600000
v -1.800000 0.904067 -3.000000
v -1.800000 0.583280 -3.400000
v -1.800000 0.603778 -3.800000
v -1.800000 0.342920 -4.200000
v -1.800000 0.095940 -4.600000
v -1.800000 0.000000 -5.000000
v -1.400000 0.000000 5.000000
v -1.400000 -0.065102 4.600000
v -1.400000 -0.252728 4.200000
v -1.400000 -0.498054 3.800000
v -1.400000 -0.710640 3.400000
v -1.400000 -0.825201 3.000000
v -1.400000 -0.950881 2.600000
v -1.400000 -0.604316 2.200000
v -1.400000 -0.125355 1.800000
v -1.400000 0.399881 1.400000
v -1.400000 0.565502 1.000000
v -1.400000 0.659030 0.600000
v -1.400000 1.025370 0.200000
v -1.400000 1.210878 -0.200000
v -1.400000 1.242689 -0.600000
v -1.400000 0.963452 -1.000000
v -1.400000 0.660751 -1.400000
v -1.400000 0.547771 -1.800000
v -1.400000 0.593669 -2.200000
v -1.400000 0.714147 -2.600000
v -1.400000 0.615242 -3.000000
v -1.400000 0.502920 -3.400000
v -1.400000 0.555393 -3.800000
v -1.400000 0.332757 -4.200000
v -1.400000 0.095409 -4.600000
v -1.400000 0.000000 -5.000000
v -1.000000 0.000000 5.000000
v -1.000000 -0.060326 4.600000
v -1.000000 -0.190189 4.200000
v -1.000000 -0.416902 3.800000
v -1.000000 -0.513439 3.400000
v -1.000000 -0.740500 3.000000
v -1.000000 -0.676148 2.600000
v -1.000000 -0.230216 2.200000
v -1.000000 -0.042774 1.800000
v -1.000000 0.473944 1.400000
v -1.000000 0.738913 1.000000
v -1.000000 0.923081 0.600000
v -1.000000 1.246172 0.200000
v -1.000000 1.364243 -0.200000
v -1.000000 1.059262 -0.600000
v -1.000000 0.623854 -1.000000
v -1.000000 0.366876 -1.400000
v -1.000000 0.354482 -1.800000
v -1.000000 0.347700 -2.200000
v -1.000000 0.444530 -2.600000
v -1.000000 0.526014 -3.000000
v -1.000000 0.464342 -3.400000
v -1.000000 0.474148 -3.800000
v -1.000000 0.353124 -4.200000
v -1.000000 0.110260 -4.600000
v -1.000000 0.000000 -5.000000
v -0.600000 0.000000 5.000000
v -0.600000 -0.024527 4.600000
v -0.600000 -0.076183 4.200000
v -0.600000 -0.133266 3.800000
v -0.600000 -0.250893 3.400000
v -0.600000 -0.309622 3.000000
v -0.600000 -0.120507 2.600000
v -0.600000 0.233065 2.200000
v -0.600000 0.355948 1.800000
v -0.600000 0.460749 1.400000
v -0.600000 0.820055 1.000000
v -0.600000 0.862781 0.600000
v -0.600000 1.139403 0.200000
v -0.600000 1.009743 -0.200000
v -0.600000 0.768312 -0.600000
v -0.600000 0.678135 -1.000000
v -0.600000 0.076102 -1.400000
v -0.600000 0.058350 -1.800000
v -0.600000 0.076289 -2.200000
v -0.600000 0.225754 -2.600000
v -0.600000 0.518930 -3.000000
v -0.600000 0.423921 -3.400000
v -0.600000 0.423781 -3.800000
v -0.600000 0.288321 -4.200000
v -0.600000 0.104515 -4.600000
v -0.600000 0.000000 -5.000000
v -0.200000 0.000000 5.000000
v -0.200000 -0.006685 4.600000
v -0.200000 0.005860 4.200000
v -0.200000 0.086729 3.800000
v -0.200000 0.114878 3.400000
v -0.200000 0.123048 3.000000
v -0.200000 0.429024 2.600000
v -0.200000 0.628477 2.200000
v -0.200000 0.772103 1.800000
v -0.200000 0.820431 1.400000
v -0.200000 0.848109 1.000000
v -0.200000 0.788286 0.600000
v -0.200000 1.115131 0.200000
v -0.200000 0.988977 -0.200000
v -0.200000 0.649950 -0.600000
v -0.200000 0.397893 -1.000000
v -0.200000 -0.039708 -1.400000
v -0.200000 -0.081531 -1.800000
v -0.200000 -0.294601 -2.200000
v -0.200000 -0.207558 -2.600000
v -0.200000 0.262067 -3.000000
v -0.200000 0.402018 -3.400000
v -0.200000 0.333534 -3.800000
v -0.200000 0.209977 -4.200000
v -0.200000 0.078962 -4.600000
v -0.200000 0.000000 -5.000000
v 0.200000 0.000000 5.000000
v 0.200000 -0.017212 4.600000
v 0.200000 0.009472 4.200000
v 0.200000 0.165377 3.800000
v 0.200000 0.217363 3.400000
v 0.200000 0.460673 3.000000
v 0.200000 0.641176 2.600000
v 0.200000 0.879006 2.200000
v 0.200000 0.882821 1.800000
v 0.200000 0.676304 1.400000
v 0.200000 0.548700 1.000000
v 0.200000 0.698588 0.600000
v 0.200000 0.817569 0.200000
v 0.200000 0.510698 -0.200000
v 0.200000 0.214883 -0.600000
v 0.200000 -0.047173 -1.000000
v 0.200000 -0.180285 -1.400000
v 0.200000 -0.370975 -1.800000
v 0.200000 -0.520520 -2.200000
v 0.200000 -0.313945 -2.600000
v 0.200000 0.018311 -3.000000
v 0.200000 0.196854 -3.400000
v 0.200000 0.158160 -3.800000
v 0.200000 0.151950 -4.200000
v 0.200000 0.068677 -4.600000
v 0.200000 0.000000 -5.000000
v 0.600000 0.000000 5.000000
v 0.600000 -0.008251 4.600000
v 0.600000 0.047478 4.200000
v 0.600000 0.160997 3.800000
v 0.600000 0.209358 3.400000
v 0.600000 0.518180 3.000000
v 0.600000 1.007133 2.600000
v 0.600000 1.176787 2.200000
v 0.600000 1.260637 1.800000
v 0.600000 1.025383 1.400000
v 0.600000 0.742989 1.000000
v 0.600000 0.972025 0.600000
v 0.600000 0.652372 0.200000
v 0.600000 0.401965 -0.200000
v 0.600000 -0.110430 -0.600000
v 0.600000 -0.399321 -1.000000
v 0.600000 -0.525516 -1.400000
v 0.600000 -0.845653 -1.800000
v 0.600000 -0.867681 -2.200000
v 0.600000 -0.494823 -2.600000
v 0.600000 -0.275673 -3.000000
v 0.600000 -0.028435 -3.400000
v 0.600000 0.049220 -3.800000
v 0.600000 0.057289 -4.200000
v 0.600000 0.042292 -4.600000
v 0.600000 0.000000 -5.000000
v 1.000000 0.000000 5.000000
v 1.000000 -0.003640 4.600000
v 1.000000 0.037070 4.200000
v 1.000000 0.175241 3.800000
v 1.000000 0.328165 3.400000
v 1.000000 0.674032 3.000000
v 1.000000 1.054915 2.600000
v 1.000000 1.516499 2.200000
v 1.000000 1.564069 1.800000
v 1.000000 1.326120 1.400000
v 1.000000 0.940337 1.000000
v 1.000000 0.694265 0.600000
v 1.000000 0.551527 0.200000
v 1.000000 0.250429 -0.200000
v 1.000000 -0.452157 -0.600000
v 1.000000 -0.802238 -1.000000
v 1.000000 -1.007467 -1.400000
v 1.000000 -1.104238 -1.800000
v 1.000000 -1.086128 -2.200000
v 1.000000 -0.693324 -2.600000
v 1.000000 -0.294717 -3.000000
v 1.000000 -0.161580 -3.400000
v 1.000000 -0.091895 -3.800000
v 1.000000 -0.007931 -4.200000
v 1.000000 0.014411 -4.600000
v 1.000000 0.000000 -5.000000
v 1.400000 0.000000 5.000000
v 1.400000 -0.003871 4.600000
v 1.400000 0.023442 4.200000
v 1.400000 0.092174 3.800000
v 1.400000 0.363818 3.400000
v 1.400000 0.627191 3.000000
v 1.400000 0.962468 2.600000
v 1.400000 1.498344 2.200000
v 1.400000 1.403427 1.800000
v 1.400000 1.239466 1.400000
v 1.400000 0.954157 1.000000
v 1.400000 0.537431 0.600000
v 1.400000 0.180507 0.200000
v 1.400000 -0.072172 -0.200000
v 1.400000 -0.593852 -0.600000
v 1.400000 -1.006464 -1.000000
v 1.400000 -0.967604 -1.400000
v 1.400000 -1.275877 -1.800000
v 1.400000 -1.428434 -2.200000
v 1.400000 -1.130635 -2.600000
v 1.400000 -0.702999 -3.000000
v 1.400000 -0.549260 -3.400000
v 1.400000 -0.256985 -3.800000
v 1.400000 -0.109850 -4.200000
v 1.400000 -0.022395 -4.600000
v 1.400000 0.000000 -5.000000
v 1.800000 0.000000 5.000000
v 1.800000 0.014516 4.600000
v 1.800000 0.011944 4.200000
v 1.800000 0.039781 3.800000
v 1.800000 0.308498 3.400000
v 1.800000 0.502304 3.000000
v 1.800000 0.827098 2.600000
v 1.800000 1.015063 2.200000
v 1.800000 1.224534 1.800000
v 1.800000 1.066257 1.400000
v 1.800000 0.755023 1.000000
v 1.800000 0.208375 0.600000
v 1.800000 0.037600 0.200000
v 1.800000 -0.426975 -0.200000
v 1.800000 -0.857545 -0.600000
v 1.800000 -1.067114 -1.000000
v 1.800000 -1.041761 -1.400000
v 1.800000 -1.351849 -1.800000
v 1.800000 -1.585438 -2.200000
v 1.800000 -1.479482 -2.600000
v 1.800000 -1.226617 -3.000000
v 1.800000 -0.909736 -3.400000
v 1.800000 -0.592195 -3.800000
v 1.800000 -0.287200 -4.200000
v 1.800000 -0.073381 -4.600000
v 1.800000 0.000000 -5.000000
v 2.200000 0.000000 5.000000
v 2.200000 0.034592 4.600000
v 2.200000 0.060080 4.200000
v 2.200000 0.109716 3.800000
v 2.200000 0.329519 3.400000
v 2.200000 0.475163 3.000000
v 2.200000 0.837482 2.600000
v 2.200000 1.097175 2.200000
v 2.200000 1.229556 1.800000
v 2.200000 0.968645 1.400000
v 2.200000 0.732675 1.000000
v 2.200000 0.323665 0.600000
v 2.200000 -0.040211 0.200000
v 2.200000 -0.584657 -0.200000
v 2.200000 -0.930573 -0.600000
v 2.200000 -1.279986 -1.000000
v 2.200000 -1.362989 -1.400000
v 2.200000 -1.578423 -1.800000
v 2.200000 -1.740840 -2.200000
v 2.200000 -1.751430 -2.600000
v 2.200000 -1.513699 -3.000000
v 2.200000 -1.237031 -3.400000
v 2.200000 -0.807255 -3.800000
v 2.200000 -0.371479 -4.200000
v 2.200000 -0.094030 -4.600000
v 2.200000 0.000000 -5.000000
v 2.600000 0.000000 5.000000
v 2.600000 0.051497 4.600000
v 2.600000 0.164084 4.200000
v 2.600000 0.262122 3.800000
v 2.600000 0.339782 3.400000
v 2.600000 0.486183 3.000000
v 2.600000 0.677801 2.600000
v 2.600000 0.934998 2.200000
v 2.600000 0.950025 1.800000
v 2.600000 0.870740 1.400000
v 2.600000 0.777771 1.000000
v 2.600000 0.343234 0.600000
v 2.600000 -0.228166 0.200000
v 2.600000 -0.452603 -0.200000
v 2.600000 -1.056237 -0.600000
v 2.600000 -1.254265 -1.000000
v 2.600000 -1.578220 -1.400000
v 2.600000 -1.649332 -1.800000
v 2.600000 -1.608932 -2.200000
v 2.600000 -1.692021 -2.600000
v 2.600000 -1.667588 -3.000000
v 2.600000 -1.350677 -3.400000
v 2.600000 -0.900455 -3.800000
v 2.600000 -0.395561 -4.200000
v 2.600000 -0.084639 -4.600000
v 2.600000 0.000000 -5.000000
v 3.000000 0.000000 5.000000
v 3.000000 0.032305 4.600000
v 3.000000 0.166009 4.200000
v 3.000000 0.324740 3.800000
v 3.000000 0.391630 3.400000
v 3.000000 0.502898 3.000000
v 3.000000 0.674699 2.600000
v 3.000000 0.702022 2.200000
v 3.000000 0.774415 1.800000
v 3.000000 0.814474 1.400000
v 3.000000 0.641123 1.000000
v 3.000000 0.203732 0.600000
v 3.000000 -0.166980 0.200000
v 3.000000 -0.413264 -0.200000
v 3.000000 -0.954479 -0.600000
v 3.000000 -1.287288 -1.000000
v 3.000000 -1.577521 -1.400000
v 3.000000 -1.601513 -1.800000
v 3.000000 -1.482531 -2.200000
v 3.000000 -1.472006 -2.600000
v 3.000000 -1.447971 -3.000000
v 3.000000 -1.228294 -3.400000
v 3.000000 -0.778292 -3.800000
v 3.000000 -0.353951 -4.200000
v 3.000000 -0.054944 -4.600000
v 3.000000 0.000000 -5.000000
v 3.400000 0.000000 5.000000
v 3.400000 0.008149 4.600000
v 3.400000 0.136330 4.200000
v 3.400000 0.354909 3.800000
v 3.400000 0.534140 3.400000
v 3.400000 0.670292 3.000000
v 3.400000 0.536354 2.600000
v 3.400000 0.386490 2.200000
v 3.400000 0.329619 1.800000
v 3.400000 0.375739 1.400000
v 3.400000 0.282837 1.000000
v 3.400000 0.150636 0.600000
v 3.400000 -0.265291 0.200000
v 3.400000 -0.510658 -0.200000
v 3.400000 -0.887542 -0.600000
v 3.400000 -1.122364 -1.000000
v 3.400000 -1.300863 -1.400000
v 3.400000 -1.303318 -1.800000
v 3.400000 -1.248351 -2.200000
v 3.400000 -1.260953 -2.600000
v 3.400000 -1.191353 -3.000000
v 3.400000 -0.986618 -3.400000
v 3.400000 -0.611912 -3.800000
v 3.400000 -0.229023 -4.200000
v 3.400000 -0.013209 -4.600000
v 3.400000 0.000000 -5.000000
v 3.800000 0.000000 5.000000
v 3.800000 0.000000 4.600000
v 3.800000 0.058235 4.200000
v 3.800000 0.232820 3.800000
v 3.800000 0.399562 3.400000
v 3.800000 0.497998 3.000000
v 3.800000 0.361377 2.600000
v 3.800000 0.343625 2.200000
v 3.800000 0.225616 1.800000
v 3.800000 0.303302 1.400000
v 3.800000 0.229967 1.000000
v 3.800000 0.037379 0.600000
v 3.800000 -0.230375 0.200000
v 3.800000 -0.437644 -0.200000
v 3.800000 -0.669788 -0.600000
v 3.800000 -0.781543 -1.000000
v 3.800000 -0.903616 -1.400000
v 3.800000 -0.805161 -1.800000
v 3.800000 -0.881321 -2.200000
v 3.800000 -0.862987 -2.600000
v 3.800000 -0.785568 -3.000000
v 3.800000 -0.622329 -3.400000
v 3.800000 -0.332798 -3.800000
v 3.800000 -0.082021 -4.200000
v 3.800000 0.000000 -4.600000
v 3.800000 0.000000 -5.000000
v 4.200000 0.000000 5.000000
v 4.200000 0.000000 4.600000
v 4.200000 0.000039 4.200000
v 4.200000 0.060899 3.800000
v 4.200000 0.172202 3.400000
v 4.200000 0.236508 3.000000
v 4.200000 0.220409 2.600000
v 4.200000 0.194678 2.200000
v 4.200000 0.168053 1.800000
v 4.200000 0.126866 1.400000
v 4.200000 0.127730 1.000000
v 4.200000 0.007881 0.600000
v 4.200000 -0.070358 0.200000
v 4.200000 -0.195681 -0.200000
v 4.200000 -0.314283 -0.600000
v 4.200000 -0.424161 -1.000000
v 4.200000 -0.516069 -1.400000
v 4.200000 -0.481422 -1.800000
v 4.200000 -0.479549 -2.200000
v 4.200000 -0.474851 -2.600000
v 4.200000 -0.392128 -3.000000
v 4.200000 -0.252141 -3.400000
v 4.200000 -0.084875 -3.800000
v 4.200000 -0.000054 -4.200000
v 4.200000 0.000000 -4.600000
v 4.200000 0.000000 -5.000000
v 4.600000 0.000000 5.000000
v 4.600000 0.000000 4.600000
v 4.600000 0.000000 4.200000
v 4.600000 0.000000 3.800000
v 4.600000 0.010125 3.400000
v 4.600000 0.036903 3.000000
v 4.600000 0.051497 2.600000
v 4.600000 0.062119 2.200000
v 4.600000 0.055415 1.800000
v 4.600000 0.041019 1.400000
v 4.600000 0.030080 1.000000
v 4.600000 -0.000620 0.600000
v 4.600000 -0.024506 0.200000
v 4.600000 -0.054228 -0.200000
v 4.600000 -0.073550 -0.600000
v 4.600000 -0.118825 -1.000000
v 4.600000 -0.153782 -1.400000
v 4.600000 -0.165344 -1.800000
v 4.600000 -0.133450 -2.200000
v 4.600000 -0.109826 -2.600000
v 4.600000 -0.065150 -3.000000
v 4.600000 -0.013826 -3.400000
v 4.600000 0.000000 -3.800000
v 4.600000 0.000000 -4.200000
v 4.600000 0.000000 -4.600000
v 4.600000 0.000000 -5.000000
v 5.000000 0.000000 5.000000
v 5.000000 0.000000 4.600000
v 5.000000 0.000000 4.200000
v 5.000000 0.000000 3.800000
v 5.000000 0.000000 3.400000
v 5.000000 0.000000 3.000000
v 5.000000 0.000000 2.600000
v 5.000000 0.000000 2.200000
v 5.000000 0.000000 1.800000
v 5.000000 0.000000 1.400000
v 5.000000 0.000000 1.000000
v 5.000000 0.000000 0.600000
v 5.000000 0.000000 0.200000
v 5.000000 0.000000 -0.200000
v 5.000000 0.000000 -0.600000
v 5.000000 0.000000 -1.000000
v 5.000000 0.000000 -1.400000
v 5.000000 0.000000 -1.800000
v 5.000000 0.000000 -2.200000
v 5.000000 0.000000 -2.600000
v 5.000000 0.000000 -3.000000
v 5.000000 0.000000 -3.400000
v 5.000000 0.000000 -3.800000
v 5.000000 0.000000 -4.200000
v 5.000000 0.000000 -4.600000
v 5.000000 0.000000 -5.000000
s 1
f 2 1 27 28
f 3 2 28 29
f 4 3 29 30
f 5 4 30 31
f 6 5 31 32
f 7 6 32 33
f 8 7 33 34
f 9 8 34 35
f 10 9 35 36
f 11 10 36 37
f 12 11 37 38
f 13 12 38 39
f 14 13 39 40
f 15 14 40 41
f 16 15 41 42
f 17 16 42 43
f 18 17 43 44
f 19 18 44 45
f 20 19 45 46
f 21 20 46 47
f 22 21 47 48
f 23 22 48 49
f 24 23 49 50
f 25 24 50 51
f 26 25 51 52
f 28 27 53 54
f 29 28 54 55
f 30 29 55 56
f 31 30 56 57
f 32 31 57 58
f 33 32 58 59
f 34 33 59 60
f 35 34 60 61
f 36 35 61 62
f 37 36 62 63
f 38 37 63 64
f 39 38 64 65
f 40 39 65 66
f 41 40 66 67
f 42 41 67 68
f 43 42 68 69
f 44 43 69 70
f 45 44 70 71
f 46 45 71 72
f 47 46 72 73
f 48 47 73 74
f 49 48 74 75
f 50 49 75 76
f 51 50 76 77
f 52 51 77 78
f 54 53 79 80
f 55 54 80 81
f 56 55 81 82
f 57 56 82 83
f 58 57 83 84
f 59 58 84 85
f 60 59 85 86
f 61 60 86 87
f 62 61 87 88
f 63 62 88 89
f 64 63 89 90
f 65 64 90 91
f 66 65 91 92
f 67 66 92 93
f 68 67 93 94
f 69 68 94 95
f 70 69 95 96
f 71 70 96 97
f 72 71 97 98
f 73 72 98 99
f 74 73 99 100
f 75 74 100 101
f 76 75 101 102
f 77 76 102 103
f 78 77 103 104
f 80 79 105 106
f 81 80 106 107
f 82 81 107 108
f 83 82 108 109
f 84 83 109 110
f 85 84 110 111
f 86 85 111 112
f 87 86 112 113
f 88 87 113 114
f 89 88 114 115
f 90 89 115 116
f 91 90 116 117
f 92 91 117 118
f 93 92 118 119
f 94 93 119 120
f 95 94 120 121
f 96 95 121 122
f 97 96 122 123
f 98 97 123 124
f 99 98 124 125
f 100 99 125 126
f 101 100 126 127
f 102 101 127 128
f 103 102 128 129
f 104 103 129 130
f 106 105 131 132
f 107 106 132 133
f 108 107 133 134
f 109 108 134 135
f 110 109 135 136
f 111 110 136 137
f 112 111 137 138
f 113 112 138 139
f 114 113 139 140
f 115 114 140 141
f 116 115 141 142
f 117 116 142 143
f 118 117 143 144
f 119 118 144 145
f 120 119 145 146
f 121 120 146 147
f 122 121 147 148
f 123 122 148 149
f 124 123 149 150
f 125 124 150 151
f 126 125 151 152
f 127 126 152 153
f 128 127 153 154
f 129 128 154 155
f 130 129 155 156
f 132 131 157 158
f 133 132 158 159
f 134 133 159 160
f 135 134 160 161
f 136 135 161 162
f 137 136 162 163
f 138 137 163 164
f 139 138 164 165
f 140 139 165 166
f 141 140 166 167
f 142 141 167 168
f 143 142 168 169
f 144 143 169 170
f 145 144 170 171
f 146 145 171 172
f 147 146 172 173
f 148 147 173 174
f 149 148 174 175
f 150 149 175 176
f 151 150 176 177
f 152 151 177 178
f 153 152 178 179
f 154 153 179 180
f 155 154 180 181
f 156 155 181 182
f 158 157 183 184
f 159 158 184 185
f 160 159 185 186
f 161 160 186 187
f 162 161 187 188
f 163 162 188 189
f 164 163 189 190
f 165 164 190 191
f 166 165 191 192
f 167 166 192 193
f 168 167 193 194
f 169 168 194 195
f 170 169 195 196
f 171 170 196 197
f 172 171 197 198
f 173 172 198 199
f 174 173 199 200
f 175 174 200 201
f 176 175 201 202
f 177 176 202 203
f 178 177 203 204
f 179 178 204 205
f 180 179 205 206
f 181 180 206 207
f 182 181 207 208
f 184 183 209 210
f 185 184 210 211
f 186 185 211 212
f 187 186 212 213
f 188 187 213 214
f 189 188 214 215
f 190 189 215 216
f 191 190 216 217
f 192 191 217 218
f 193 192 218 219
f 194 193 219 220
f 195 194 220 221
f 196 195 221 222
f 197 196 222 223
f 198 197 223 224
f 199 198 224 225
f 200 199 225 226
f 201 200 226 227
f 202 201 227 228
f 203 202 228 229
f 204 203 229 230
f 205 204 230 231
f 206 205 231 232
f 207 206 232 233
f 208 207 233 234
f 210 209 235 236
f 211 210 236 237
f 212 211 237 238
f 213 212 238 239
f 214 213 239 240
f 215 214 240 241
f 216 215 241 242
f 217 216 242 243
f 218 217 243 244
f 219 218 244 245
f 220 219 245 246
f 221 220 246 247
f 222 221 247 248
f 223 222 248 249
f 224 223 249 250
f 225 224 250 251
f 226 225 251 252
f 227 226 252 253
f 228 227 253 254
f 229 228 254 255
f 230 229 255 256
f 231 230 256 257
f 232 231 257 258
f 233 232 258 259
f 234 233 259 260
f 236 235 261 262
f 237 236 262 263
f 238 237 263 264
f 239 238 264 265
f 240 239 265 266
f 241 240 266 267
f 242 241 267 268
f 243 242 268 269
f 244 243 269 270
f 245 244 270 271
f 246 245 271 272
f 247 246 272 273
f 248 247 273 274
f 249 248 274 275
f 250 249 275 276
f 251 250 276 277
f 252 251 277 278
f 253 252 278 279
f 254 253 279 280
f 255 254 280 281
f 256 255 281 282
f 257 256 282 283
f 258 257 283 284
f 259 258 284 285
f 260 259 285 286
f 262 261 287 288
f 263 262 288 289
f 264 263 289 290
f 265 264 290 291
f 266 265 291 292
f 267 266 292 293
f 268 267 293 294
f 269 268 294 295
f 270 269 295 296
f 271 270 296 297
f 272 271 297 298
f 273 272 298 299
f 274 273 299 300
f 275 274 300 301
f 276 275 301 302
f 277 276 302 303
f 278 277 303 304
f 279 278 304 305
f 280 279 305 306
f 281 280 306 307
f 282 281 307 308
f 283 282 308 309
f 284 283 309 310
f 285 284 310 311
f 286 285 311 312
f 288 287 313 314
f 289 288 314 315
f 290 289 315 316
f 291 290 316 317
f 292 291 317 318
f 293 292 318 319
f 294 293 319 320
f 295 294 320 321
f 296 295 321 322
f 297 296 322 323
f 298 297 323 324
f 299 298 324 325
f 300 299 325 326
f 301 300 326 327
f 302 301 327 328
f 303 302 328 329
f 304 303 329 330
f 305 304 330 331
f 306 305 331 332
f 307 306 332 333
f 308 307 333 334
f 309 308 334 335
f 310 309 335 336
f 311 310 336 337
f 312 311 337 338
f 314 313 339 340
f 315 314 340 341
f 316 315 341 342
f 317 316 342 343
f 318 317 343 344
f 319 318 344 345
f 320 319 345 346
f 321 320 346 347
f 322 321 347 348
f 323 322 348 349
f 324 323 349 350
f 325 324 350 351
f 326 325 351 352
f 327 326 352 353
f 328 327 353 354
f 329 328 354 355
f 330 329 355 356
f 331 330 356 357
f 332 331 357 358
f 333 332 358 359
f 334 333 359 360
f 335 334 360 361
f 336 335 361 362
f 337 336 362 363
f 338 337 363 364
f 340 339 365 366
f 341 340 366 367
f 342 341 367 368
f 343 342 368 369
f 344 343 369 370
f 345 344 370 371
f 346 345 371 372
f 347 346 372 373
f 348 347 373 374
f 349 348 374 375
f 350 349 375 376
f 351 350 376 377
f 352 351 377 378
f 353 352 378 379
f 354 353 379 380
f 355 354 380 381
f 356 355 381 382
f 357 356 382 383
f 358 357 383 384
f 359 358 384 385
f 360 359 385 386
f 361 360 386 387
f 362 361 387 388
f 363 362 388 389
f 364 363 389 390
f 366 365 391 392
f 367 366 392 393
f 368 367 393 394
f 369 368 394 395
f 370 369 395 396
f 371 370 396 397
f 372 371 397 398
f 373 372 398 399
f 374 373 399 400
f 375 374 400 401
f 376 375 401 402
f 377 376 402 403
f 378 377 403 404
f 379 378 404 405
f 380 379 405 406
f 381 380 406 407
f 382 381 407 408
f 383 382 408 409
f 384 383 409 410
f 385 384 410 411
f 386 385 411 412
f 387 386 412 413
f 388 387 413 414
f 389 388 414 415
f 390 389 415 416
f 392 391 417 418
f 393 392 418 419
f 394 393 419 420
f 395 394 420 421
f 396 395 421 422
f 397 396 422 423
f 398 397 423 424
f 399 398 424 425
f 400 399 425 426
f 401 400 426 427
f 402 401 427 428
f 403 402 428 429
f 404 403 429 430
f 405 404 430 431
f 406 405 431 432
f 407 406 432 433
f 408 407 433 434
f 409 408 434 435
f 410 409 435 436
f 411 410 436 437
f 412 411 437 438
f 413 412 438 439
f 414 413 439 440
f 415 414 440 441
f 416 415 441 442
f 418 417 443 444
f 419 418 444 445
f 420 419 445 446
f 421 420 446 447
f 422 421 447 448
f 423 422 448 449
f 424 423 449 450
f 425 424 450 451
f 426 425 451 452
f 427 426 452 453
f 428 427 453 454
f 429 428 454 455
f 430 429 455 456
f 431 430 456 457
f 432 431 457 458
f 433 432 458 459
f 434 433 459 460
f 435 434 460 461
f 436 435 461 462
f 437 436 462 463
f 438 437 463 464
f 439 438 464 465
f 440 439 465 466
f 441 440 466 467
f 442 441 467 468
f 444 443 469 470
f 445 444 470 471
f 446 445 471 472
f 447 446 472 473
f 448 447 473 474
f 449 448 474 475
f 450 449 475 476
f 451 450 476 477
f 452 451 477 478
f 453 452 478 479
f 454 453 479 480
f 455 454 480 481
f 456 455 481 482
f 457 456 482 483
f 458 457 483 484
f 459 458 484 485
f 460 459 485 486
f 461 460 486 487
f 462 461 487 488
f 463 462 488 489
f 464 463 489 490
f 465 464 490 491
f 466 465 491 492
f 467 466 492 493
f 468 467 493 494
f 470 469 495 496
f 471 470 496 497
f 472 471 497 498
f 473 472 498 499
f 474 473 499 500
f 475 474 500 501
f 476 475 501 502
f 477 476 502 503
f 478 477 503 504
f 479 478 504 505
f 480 479 505 506
f 481 480 506 507
f 482 481 507 508
f 483 482 508 509
f 484 483 509 510
f 485 484 510 511
f 486 485 511 512
f 487 486 512 513
f 488 487 513 514
f 489 488 514 515
f 490 489 515 516
f 491 490 516 517
f 492 491 517 518
f 493 492 518 519
f 494 493 519 520
f 496 495 521 522
f 497 496 522 523
f 498 497 523 524
f 499 498 524 525
f 500 499 525 526
f 501 500 526 527
f 502 501 527 528
f 503 502 528 529
f 504 503 529 530
f 505 504 530 531
f 506 505 531 532
f 507 506 532 533
f 508 507 533 534
f 509 508 534 535
f 510 509 535 536
f 511 510 536 537
f 512 511 537 538
f 513 512 538 539
f 514 513 539 540
f 515 514 540 541
f 516 515 541 542
f 517 516 542 543
f 518 517 543 544
f 519 518 544 545
f 520 519 545 546
f 522 521 547 548
f 523 522 548 549
f 524 523 549 550
f 525 524 550 551
f 526 525 551 552
f 527 526 552 553
f 528 527 553 554
f 529 528 554 555
f 530 529 555 556
f 531 530 556 557
f 532 531 557 558
f 533 532 558 559
f 534 533 559 560
f 535 534 560 561
f 536 535 561 562
f 537 536 562 563
f 538 537 563 564
f 539 538 564 565
f 540 539 565 566
f 541 540 566 567
f 542 541 567 568
f 543 542 568 569
f 544 543 569 570
f 545 544 570 571
f 546 545 571 572
f 548 547 573 574
f 549 548 574 575
f 550 549 575 576
f 551 550 576 577
f 552 551 577 578
f 553 552 578 579
f 554 553 579 580
f 555 554 580 581
f 556 555 581 582
f 557 556 582 583
f 558 557 583 584
f 559 558 584 585
f 560 559 585 586
f 561 560 586 587
f 562 561 587 588
f 563 562 588 589
f 564 563 589 590
f 565 564 590 591
f 566 565 591 592
f 567 566 592 593
f 568 567 593 594
f 569 568 594 595
f 570 569 595 596
f 571 570 596 597
f 572 571 597 598
f 574 573 599 600
f 575 574 600 601
f 576 575 601 602
f 577 576 602 603
f 578 577 603 604
f 579 578 604 605
f 580 579 605 606
f 581 580 606 607
f 582 581 607 608
f 583 582 608 609
f 584 583 609 610
f 585 584 610 611
f 586 585 611 612
f 587 586 612 613
f 588 587 613 614
f 589 588 614 615
f 590 589 615 616
f 591 590 616 617
f 592 591 617 618
f 593 592 618 619
f 594 593 619 620
f 595 594 620 621
f 596 595 621 622
f 597 596 622 623
f 598 597 623 624
f 600 599 625 626
f 601 600 626 627
f 602 601 627 628
f 603 602 628 629
f 604 603 629 630
f 605 604 630 631
f 606 605 631 632
f 607 606 632 633
f 608 607 633 634
f 609 608 634 635
f 610 609 635 636
f 611 610 636 637
f 612 611 637 638
f 613 612 638 639
f 614 613 639 640
f 615 614 640 641
f 616 615 641 642
f 617 616 642 643
f 618 617 643 644
f 619 618 644 645
f 620 619 645 646
f 621 620 646 647
f 622 621 647 648
f 623 622 648 649
f 624 623 649 650
f 626 625 651 652
f 627 626 652 653
f 628 627 653 654
f 629 628 654 655
f 630 629 655 656
f 631 630 656 657
f 632 631 657 658
f 633 632 658 659
f 634 633 659 660
f 635 634 660 661
f 636 635 661 662
f 637 636 662 663
f 638 637 663 664
f 639 638 664 665
f 640 639 665 666
f 641 640 666 667
f 642 641 667 668
f 643 642 668 669
f 644 643 669 670
f 645 644 670 671
f 646 645 671 672
f 647 646 672 673
f 648 647 673 674
f 649 648 674 675
f 650 649 675 676
