# Blender v2.79 (sub 0) OBJ File: ''
# www.blender.org
v -5.000000 0.000000 5.000000
v -5.000000 0.000000 4.677419
v -5.000000 0.000000 4.354839
v -5.000000 0.000000 4.032258
v -5.000000 0.000000 3.709677
v -5.000000 0.000000 3.387097
v -5.000000 0.000000 3.064516
v -5.000000 0.000000 2.741935
v -5.000000 0.000000 2.419355
v -5.000000 0.000000 2.096774
v -5.000000 0.000000 1.774194
v -5.000000 0.000000 1.451613
v -5.000000 0.000000 1.129032
v -5.000000 0.000000 0.806452
v -5.000000 0.000000 0.483871
v -5.000000 0.000000 0.161290
v -5.000000 0.000000 -0.161290
v -5.000000 0.000000 -0.483871
v -5.000000 0.000000 -0.806452
v -5.000000 0.000000 -1.129032
v -5.000000 0.000000 -1.451613
v -5.000000 0.000000 -1.774194
v -5.000000 0.000000 -2.096774
v -5.000000 0.000000 -2.419355
v -5.000000 0.000000 -2.741935
v -5.000000 0.000000 -3.064516
v -5.000000 0.000000 -3.387097
v -5.000000 0.000000 -3.709677
v -5.000000 0.000000 -4.032258
v -5.000000 0.000000 -4.354839
v -5.000000 0.000000 -4.677419
v -5.000000 0.000000 -5.000000
v -4.677419 0.000000 5.000000
v -4.677419 0.000000 4.677419
v -4.677419 0.000000 4.354839
v -4.677419 0.000000 4.032258
v -4.677419 0.000000 3.709677
v -4.677419 -0.001445 3.387097
v -4.677419 -0.022128 3.064516
v -4.677419 -0.048449 2.741935
v -4.677419 -0.066887 2.419355
v -4.677419 -0.077418 2.096774
v -4.677419 -0.093245 1.774194
v -4.677419 -0.094264 1.451613
v -4.677419 -0.085623 1.129032
v -4.677419 -0.082612 0.806452
v -4.677419 -0.083803 0.483871
v -4.677419 -0.080057 0.161290
v -4.677419 -0.059720 -0.161290
v -4.677419 -0.040580 -0.483871
v -4.677419 -0.030245 -0.806452
v -4.677419 -0.012382 -1.129032
v -4.677419 0.002509 -1.451613
v -4.677419 0.007587 -1.774194
v -4.677419 0.008783 -2.096774
v -4.677419 0.004945 -2.419355
v -4.677419 0.005664 -2.741935
v -4.677419 0.002911 -3.064516
v -4.677419 0.000332 -3.387097
v -4.677419 0.000000 -3.709677
v -4.677419 0.000000 -4.032258
v -4.677419 0.000000 -4.354839
v -4.677419 0.000000 -4.677419
v -4.677419 0.000000 -5.000000
v -4.354839 0.000000 5.000000
v -4.354839 0.000000 4.677419
v -4.354839 0.000000 4.354839
v -4.354839 -0.000006 4.032258
v -4.354839 -0.035955 3.709677
v -4.354839 -0.105939 3.387097
v -4.354839 -0.187474 3.064516
v -4.354839 -0.245201 2.741935
v -4.354839 -0.272049 2.419355
v -4.354839 -0.309919 2.096774
v -4.354839 -0.341744 1.774194
v -4.354839 -0.314580 1.451613
v -4.354839 -0.304773 1.129032
v -4.354839 -0.312391 0.806452
v -4.354839 -0.262968 0.483871
v -4.354839 -0.250125 0.161290
v -4.354839 -0.188626 -0.161290
v -4.354839 -0.124207 -0.483871
v -4.354839 -0.080563 -0.806452
v -4.354839 -0.030083 -1.129032
v -4.354839 0.040502 -1.451613
v -4.354839 0.066371 -1.774194
v -4.354839 0.054040 -2.096774
v -4.354839 0.042647 -2.419355
v -4.354839 0.037972 -2.741935
v -4.354839 0.036850 -3.064516
v -4.354839 0.037844 -3.387097
v -4.354839 0.014500 -3.709677
v -4.354839 0.000002 -4.032258
v -4.354839 0.000000 -4.354839
v -4.354839 0.000000 -4.677419
v -4.354839 0.000000 -5.000000
v -4.032258 0.000000 5.000000
v -4.032258 0.000000 4.677419
v -4.032258 -0.000005 4.354839
v -4.032258 -0.048792 4.032258
v -4.032258 -0.166020 3.709677
v -4.032258 -0.293987 3.387097
v -4.032258 -0.401314 3.064516
v -4.032258 -0.502922 2.741935
v -4.032258 -0.533341 2.419355
v -4.032258 -0.581947 2.096774
v -4.032258 -0.668357 1.774194
v -4.032258 -0.604127 1.451613
v -4.032258 -0.590789 1.129032
v -4.032258 -0.539914 0.806452
v -4.032258 -0.487477 0.483871
v -4.032258 -0.471259 0.161290
v -4.032258 -0.312829 -0.161290
v -4.032258 -0.185283 -0.483871
v -4.032258 -0.104573 -0.806452
v -4.032258 0.018867 -1.129032
v -4.032258 0.133291 -1.451613
v -4.032258 0.195924 -1.774194
v -4.032258 0.175531 -2.096774
v -4.032258 0.149113 -2.419355
v -4.032258 0.156063 -2.741935
v -4.032258 0.152698 -3.064516
v -4.032258 0.134950 -3.387097
v -4.032258 0.090719 -3.709677
v -4.032258 0.029623 -4.032258
v -4.032258 0.000003 -4.354839
v -4.032258 0.000000 -4.677419
v -4.032258 0.000000 -5.000000
v -3.709677 0.000000 5.000000
v -3.709677 0.000000 4.677419
v -3.709677 -0.024507 4.354839
v -3.709677 -0.132272 4.032258
v -3.709677 -0.303134 3.709677
v -3.709677 -0.511342 3.387097
v -3.709677 -0.706206 3.064516
v -3.709677 -0.733700 2.741935
v -3.709677 -0.783423 2.419355
v -3.709677 -0.771932 2.096774
v -3.709677 -0.885234 1.774194
v -3.709677 -0.866352 1.451613
v -3.709677 -0.775164 1.129032
v -3.709677 -0.687455 0.806452
v -3.709677 -0.667301 0.483871
v -3.709677 -0.605974 0.161290
v -3.709677 -0.396219 -0.161290
v -3.709677 -0.248710 -0.483871
v -3.709677 -0.122049 -0.806452
v -3.709677 0.035189 -1.129032
v -3.709677 0.252795 -1.451613
v -3.709677 0.258944 -1.774194
v -3.709677 0.298424 -2.096774
v -3.709677 0.290002 -2.419355
v -3.709677 0.270125 -2.741935
v -3.709677 0.234508 -3.064516
v -3.709677 0.230835 -3.387097
v -3.709677 0.202287 -3.709677
v -3.709677 0.092312 -4.032258
v -3.709677 0.017160 -4.354839
v -3.709677 0.000000 -4.677419
v -3.709677 0.000000 -5.000000
v -3.387097 0.000000 5.000000
v -3.387097 -0.000943 4.677419
v -3.387097 -0.080817 4.354839
v -3.387097 -0.232749 4.032258
v -3.387097 -0.435898 3.709677
v -3.387097 -0.715691 3.387097
v -3.387097 -0.926632 3.064516
v -3.387097 -0.995040 2.741935
v -3.387097 -0.981346 2.419355
v -3.387097 -0.955850 2.096774
v -3.387097 -0.860174 1.774194
v -3.387097 -0.908784 1.451613
v -3.387097 -0.846890 1.129032
v -3.387097 -0.704060 0.806452
v -3.387097 -0.611449 0.483871
v -3.387097 -0.536858 0.161290
v -3.387097 -0.465411 -0.161290
v -3.387097 -0.291701 -0.483871
v -3.387097 -0.137386 -0.806452
v -3.387097 0.106831 -1.129032
v -3.387097 0.250535 -1.451613
v -3.387097 0.428040 -1.774194
v -3.387097 0.487847 -2.096774
v -3.387097 0.330881 -2.419355
v -3.387097 0.313930 -2.741935
v -3.387097 0.311072 -3.064516
v -3.387097 0.277169 -3.387097
v -3.387097 0.276572 -3.709677
v -3.387097 0.173539 -4.032258
v -3.387097 0.057471 -4.354839
v -3.387097 0.000613 -4.677419
v -3.387097 0.000000 -5.000000
v -3.064516 0.000000 5.000000
v -3.064516 -0.015166 4.677419
v -3.064516 -0.140990 4.354839
v -3.064516 -0.324955 4.032258
v -3.064516 -0.569524 3.709677
v -3.064516 -0.774721 3.387097
v -3.064516 -1.051829 3.064516
v -3.064516 -1.099575 2.741935
v -3.064516 -0.960215 2.419355
v -3.064516 -0.987332 2.096774
v -3.064516 -0.912903 1.774194
v -3.064516 -0.888713 1.451613
v -3.064516 -0.688284 1.129032
v -3.064516 -0.569939 0.806452
v -3.064516 -0.389857 0.483871
v -3.064516 -0.404773 0.161290
v -3.064516 -0.264326 -0.161290
v -3.064516 -0.165781 -0.483871
v -3.064516 -0.109450 -0.806452
v -3.064516 0.252146 -1.129032
v -3.064516 0.519158 -1.451613
v -3.064516 0.550345 -1.774194
v -3.064516 0.510582 -2.096774
v -3.064516 0.466850 -2.419355
v -3.064516 0.395712 -2.741935
v -3.064516 0.408483 -3.064516
v -3.064516 0.379457 -3.387097
v -3.064516 0.339315 -3.709677
v -3.064516 0.246996 -4.032258
v -3.064516 0.092360 -4.354839
v -3.064516 0.008534 -4.677419
v -3.064516 0.000000 -5.000000
v -2.741935 0.000000 5.000000
v -2.741935 -0.036409 4.677419
v -2.741935 -0.203280 4.354839
v -2.741935 -0.444102 4.032258
v -2.741935 -0.657521 3.709677
v -2.741935 -0.906152 3.387097
v -2.741935 -1.088048 3.064516
v -2.741935 -1.098420 2.741935
v -2.741935 -0.911723 2.419355
v -2.741935 -0.882363 2.096774
v -2.741935 -0.940981 1.774194
v -2.741935 -0.734091 1.451613
v -2.741935 -0.456412 1.129032
v -2.741935 -0.254819 0.806452
v -2.741935 -0.081078 0.483871
v -2.741935 -0.083258 0.161290
v -2.741935 -0.166557 -0.161290
v -2.741935 -0.170536 -0.483871
v -2.741935 0.144625 -0.806452
v -2.741935 0.310053 -1.129032
v -2.741935 0.625601 -1.451613
v -2.741935 0.646734 -1.774194
v -2.741935 0.596244 -2.096774
v -2.741935 0.541471 -2.419355
v -2.741935 0.553685 -2.741935
v -2.741935 0.539603 -3.064516
v -2.741935 0.467661 -3.387097
v -2.741935 0.352497 -3.709677
v -2.741935 0.265981 -4.032258
v -2.741935 0.113036 -4.354839
v -2.741935 0.018182 -4.677419
v -2.741935 0.000000 -5.000000
v -2.419355 0.000000 5.000000
v -2.419355 -0.054763 4.677419
v -2.419355 -0.238775 4.354839
v -2.419355 -0.516972 4.032258
v -2.419355 -0.748430 3.709677
v -2.419355 -0.927688 3.387097
v -2.419355 -1.065706 3.064516
v -2.419355 -1.080538 2.741935
v -2.419355 -0.984870 2.419355
v -2.419355 -0.867298 2.096774
v -2.419355 -0.691535 1.774194
v -2.419355 -0.470506 1.451613
v -2.419355 -0.171498 1.129032
v -2.419355 0.042051 0.806452
v -2.419355 0.116612 0.483871
v -2.419355 0.266264 0.161290
v -2.419355 0.127986 -0.161290
v -2.419355 0.036938 -0.483871
v -2.419355 0.419929 -0.806452
v -2.419355 0.476004 -1.129032
v -2.419355 0.627029 -1.451613
v -2.419355 0.837145 -1.774194
v -2.419355 0.689524 -2.096774
v -2.419355 0.773656 -2.419355
v -2.419355 0.812076 -2.741935
v -2.419355 0.703232 -3.064516
v -2.419355 0.605198 -3.387097
v -2.419355 0.501512 -3.709677
v -2.419355 0.380859 -4.032258
v -2.419355 0.158651 -4.354839
v -2.419355 0.035400 -4.677419
v -2.419355 0.000000 -5.000000
v -2.096774 0.000000 5.000000
v -2.096774 -0.061297 4.677419
v -2.096774 -0.226674 4.354839
v -2.096774 -0.512335 4.032258
v -2.096774 -0.827777 3.709677
v -2.096774 -1.043948 3.387097
v -2.096774 -1.058872 3.064516
v -2.096774 -1.058552 2.741935
v -2.096774 -1.019492 2.419355
v -2.096774 -0.845872 2.096774
v -2.096774 -0.494129 1.774194
v -2.096774 -0.384557 1.451613
v -2.096774 -0.174189 1.129032
v -2.096774 0.047249 0.806452
v -2.096774 0.358226 0.483871
v -2.096774 0.502141 0.161290
v -2.096774 0.282109 -0.161290
v -2.096774 0.543012 -0.483871
v -2.096774 0.881875 -0.806452
v -2.096774 0.730742 -1.129032
v -2.096774 0.647974 -1.451613
v -2.096774 0.698769 -1.774194
v -2.096774 0.839918 -2.096774
v -2.096774 0.969752 -2.419355
v -2.096774 1.062367 -2.741935
v -2.096774 0.899339 -3.064516
v -2.096774 0.672774 -3.387097
v -2.096774 0.643759 -3.709677
v -2.096774 0.453879 -4.032258
v -2.096774 0.222697 -4.354839
v -2.096774 0.056287 -4.677419
v -2.096774 0.000000 -5.000000
v -1.774194 0.000000 5.000000
v -1.774194 -0.053121 4.677419
v -1.774194 -0.173968 4.354839
v -1.774194 -0.435307 4.032258
v -1.774194 -0.730314 3.709677
v -1.774194 -0.948391 3.387097
v -1.774194 -0.954347 3.064516
v -1.774194 -0.963808 2.741935
v -1.774194 -0.884092 2.419355
v -1.774194 -0.707434 2.096774
v -1.774194 -0.281215 1.774194
v -1.774194 0.033105 1.451613
v -1.774194 0.132418 1.129032
v -1.774194 0.305251 0.806452
v -1.774194 0.601561 0.483871
v -1.774194 0.692438 0.161290
v -1.774194 0.829857 -0.161290
v -1.774194 0.968486 -0.483871
v -1.774194 0.994117 -0.806452
v -1.774194 0.853133 -1.129032
v -1.774194 0.714977 -1.451613
v -1.774194 0.801949 -1.774194
v -1.774194 0.885056 -2.096774
v -1.774194 0.968414 -2.419355
v -1.774194 1.085251 -2.741935
v -1.774194 0.902433 -3.064516
v -1.774194 0.522720 -3.387097
v -1.774194 0.577963 -3.709677
v -1.774194 0.482850 -4.032258
v -1.774194 0.224749 -4.354839
v -1.774194 0.063438 -4.677419
v -1.774194 0.000000 -5.000000
v -1.451613 0.000000 5.000000
v -1.451613 -0.042972 4.677419
v -1.451613 -0.175814 4.354839
v -1.451613 -0.358747 4.032258
v -1.451613 -0.565471 3.709677
v -1.451613 -0.736911 3.387097
v -1.451613 -0.827529 3.064516
v -1.451613 -0.860478 2.741935
v -1.451613 -0.839646 2.419355
v -1.451613 -0.498936 2.096774
v -1.451613 -0.150096 1.774194
v -1.451613 0.353941 1.451613
v -1.451613 0.446041 1.129032
v -1.451613 0.482275 0.806452
v -1.451613 0.681362 0.483871
v -1.451613 1.051081 0.161290
v -1.451613 1.210234 -0.161290
v -1.451613 1.233138 -0.483871
v -1.451613 1.167755 -0.806452
v -1.451613 0.807167 -1.129032
v -1.451613 0.690004 -1.451613
v -1.451613 0.590939 -1.774194
v -1.451613 0.652119 -2.096774
v -1.451613 0.714422 -2.419355
v -1.451613 0.759271 -2.741935
v -1.451613 0.601765 -3.064516
v -1.451613 0.500349 -3.387097
v -1.451613 0.538284 -3.709677
v -1.451613 0.461056 -4.032258
v -1.451613 0.229846 -4.354839
v -1.451613 0.064006 -4.677419
v -1.451613 0.000000 -5.000000
v -1.129032 0.000000 5.000000
v -1.129032 -0.042075 4.677419
v -1.129032 -0.151990 4.354839
v -1.129032 -0.302088 4.032258
v -1.129032 -0.452087 3.709677
v -1.129032 -0.617563 3.387097
v -1.129032 -0.776103 3.064516
v -1.129032 -0.914944 2.741935
v -1.129032 -0.509124 2.419355
v -1.129032 -0.281642 2.096774
v -1.129032 -0.038760 1.774194
v -1.129032 0.427102 1.451613
v -1.129032 0.557208 1.129032
v -1.129032 0.854694 0.806452
v -1.129032 0.990314 0.483871
v -1.129032 1.252603 0.161290
v -1.129032 1.402263 -0.161290
v -1.129032 1.222774 -0.483871
v -1.129032 0.948141 -0.806452
v -1.129032 0.608698 -1.129032
v -1.129032 0.479530 -1.451613
v -1.129032 0.417605 -1.774194
v -1.129032 0.330256 -2.096774
v -1.129032 0.449559 -2.419355
v -1.129032 0.531398 -2.741935
v -1.129032 0.505143 -3.064516
v -1.129032 0.503668 -3.387097
v -1.129032 0.529826 -3.709677
v -1.129032 0.467167 -4.032258
v -1.129032 0.243863 -4.354839
v -1.129032 0.070782 -4.677419
v -1.129032 0.000000 -5.000000
v -0.806452 0.000000 5.000000
v -0.806452 -0.029247 4.677419
v -0.806452 -0.095109 4.354839
v -0.806452 -0.225057 4.032258
v -0.806452 -0.326807 3.709677
v -0.806452 -0.440963 3.387097
v -0.806452 -0.610724 3.064516
v -0.806452 -0.487615 2.741935
v -0.806452 -0.261510 2.419355
v -0.806452 -0.032297 2.096774
v -0.806452 0.129718 1.774194
v -0.806452 0.252028 1.451613
v -0.806452 0.608018 1.129032
v -0.806452 0.879587 0.806452
v -0.806452 0.973036 0.483871
v -0.806452 1.245780 0.161290
v -0.806452 1.233660 -0.161290
v -0.806452 1.017269 -0.483871
v -0.806452 0.755013 -0.806452
v -0.806452 0.573337 -1.129032
v -0.806452 0.223719 -1.451613
v -0.806452 0.270864 -1.774194
v -0.806452 0.117581 -2.096774
v -0.806452 0.264081 -2.419355
v -0.806452 0.392260 -2.741935
v -0.806452 0.504157 -3.064516
v -0.806452 0.402016 -3.387097
v -0.806452 0.487385 -3.709677
v -0.806452 0.415827 -4.032258
v -0.806452 0.255038 -4.354839
v -0.806452 0.073245 -4.677419
v -0.806452 0.000000 -5.000000
v -0.483871 0.000000 5.000000
v -0.483871 -0.012112 4.677419
v -0.483871 -0.039527 4.354839
v -0.483871 -0.069859 4.032258
v -0.483871 -0.020805 3.709677
v -0.483871 -0.144905 3.387097
v -0.483871 -0.173727 3.064516
v -0.483871 0.000853 2.741935
v -0.483871 0.206501 2.419355
v -0.483871 0.470199 2.096774
v -0.483871 0.498564 1.774194
v -0.483871 0.534611 1.451613
v -0.483871 0.857808 1.129032
v -0.483871 0.833615 0.806452
v -0.483871 0.883704 0.483871
v -0.483871 1.183795 0.161290
v -0.483871 0.989560 -0.161290
v -0.483871 0.768876 -0.483871
v -0.483871 0.618508 -0.806452
v -0.483871 0.393001 -1.129032
v -0.483871 0.063118 -1.451613
v -0.483871 0.045025 -1.774194
v -0.483871 0.068347 -2.096774
v -0.483871 -0.063429 -2.419355
v -0.483871 0.192842 -2.741935
v -0.483871 0.511589 -3.064516
v -0.483871 0.448878 -3.387097
v -0.483871 0.383412 -3.709677
v -0.483871 0.321630 -4.032258
v -0.483871 0.197282 -4.354839
v -0.483871 0.070758 -4.677419
v -0.483871 0.000000 -5.000000
v -0.161290 0.000000 5.000000
v -0.161290 -0.006926 4.677419
v -0.161290 -0.005045 4.354839
v -0.161290 0.057278 4.032258
v -0.161290 0.127329 3.709677
v -0.161290 0.142506 3.387097
v -0.161290 0.143149 3.064516
v -0.161290 0.316006 2.741935
v -0.161290 0.638758 2.419355
v -0.161290 0.692226 2.096774
v -0.161290 0.809324 1.774194
v -0.161290 0.799778 1.451613
v -0.161290 0.755949 1.129032
v -0.161290 0.827411 0.806452
v -0.161290 0.892188 0.483871
v -0.161290 1.092159 0.161290
v -0.161290 0.985650 -0.161290
v -0.161290 0.753033 -0.483871
v -0.161290 0.564253 -0.806452
v -0.161290 0.157281 -1.129032
v -0.161290 -0.039912 -1.451613
v -0.161290 -0.092919 -1.774194
v -0.161290 -0.257862 -2.096774
v -0.161290 -0.361047 -2.419355
v -0.161290 0.011304 -2.741935
v -0.161290 0.292310 -3.064516
v -0.161290 0.380262 -3.387097
v -0.161290 0.350866 -3.709677
v -0.161290 0.273574 -4.032258
v -0.161290 0.143093 -4.354839
v -0.161290 0.055882 -4.677419
v -0.161290 0.000000 -5.000000
v 0.161290 0.000000 5.000000
v 0.161290 -0.011885 4.677419
v 0.161290 -0.010296 4.354839
v 0.161290 0.077763 4.032258
v 0.161290 0.159705 3.709677
v 0.161290 0.188894 3.387097
v 0.161290 0.445748 3.064516
v 0.161290 0.533224 2.741935
v 0.161290 0.713738 2.419355
v 0.161290 0.841394 2.096774
v 0.161290 0.863092 1.774194
v 0.161290 0.655322 1.451613
v 0.161290 0.648186 1.129032
v 0.161290 0.551223 0.806452
v 0.161290 0.749265 0.483871
v 0.161290 0.819091 0.161290
v 0.161290 0.600477 -0.161290
v 0.161290 0.337550 -0.483871
v 0.161290 0.183513 -0.806452
v 0.161290 -0.127152 -1.129032
v 0.161290 -0.143710 -1.451613
v 0.161290 -0.279509 -1.774194
v 0.161290 -0.452714 -2.096774
v 0.161290 -0.404683 -2.419355
v 0.161290 -0.181454 -2.741935
v 0.161290 0.092032 -3.064516
v 0.161290 0.205085 -3.387097
v 0.161290 0.199573 -3.709677
v 0.161290 0.192960 -4.032258
v 0.161290 0.118826 -4.354839
v 0.161290 0.050593 -4.677419
v 0.161290 0.000000 -5.000000
v 0.483871 0.000000 5.000000
v 0.483871 -0.003420 4.677419
v 0.483871 -0.004931 4.354839
v 0.483871 0.090867 4.032258
v 0.483871 0.191286 3.709677
v 0.483871 0.194956 3.387097
v 0.483871 0.454276 3.064516
v 0.483871 0.832489 2.741935
v 0.483871 0.964374 2.419355
v 0.483871 1.095471 2.096774
v 0.483871 1.039898 1.774194
v 0.483871 0.913592 1.451613
v 0.483871 0.719372 1.129032
v 0.483871 0.773227 0.806452
v 0.483871 0.896118 0.483871
v 0.483871 0.700411 0.161290
v 0.483871 0.336011 -0.161290
v 0.483871 0.105668 -0.483871
v 0.483871 -0.243674 -0.806452
v 0.483871 -0.351448 -1.129032
v 0.483871 -0.443015 -1.451613
v 0.483871 -0.764271 -1.774194
v 0.483871 -0.938479 -2.096774
v 0.483871 -0.603680 -2.419355
v 0.483871 -0.354357 -2.741935
v 0.483871 -0.183077 -3.064516
v 0.483871 0.018476 -3.387097
v 0.483871 0.058230 -3.709677
v 0.483871 0.068900 -4.032258
v 0.483871 0.085113 -4.354839
v 0.483871 0.038353 -4.677419
v 0.483871 0.000000 -5.000000
v 0.806452 0.000000 5.000000
v 0.806452 -0.003268 4.677419
v 0.806452 0.003316 4.354839
v 0.806452 0.066324 4.032258
v 0.806452 0.144024 3.709677
v 0.806452 0.244081 3.387097
v 0.806452 0.537232 3.064516
v 0.806452 0.962425 2.741935
v 0.806452 1.190703 2.419355
v 0.806452 1.349418 2.096774
v 0.806452 1.439446 1.774194
v 0.806452 1.273011 1.451613
v 0.806452 1.098690 1.129032
v 0.806452 0.806620 0.806452
v 0.806452 0.752608 0.483871
v 0.806452 0.673635 0.161290
v 0.806452 0.442959 -0.161290
v 0.806452 -0.079637 -0.483871
v 0.806452 -0.469148 -0.806452
v 0.806452 -0.741755 -1.129032
v 0.806452 -0.794870 -1.451613
v 0.806452 -0.936420 -1.774194
v 0.806452 -0.998751 -2.096774
v 0.806452 -0.804035 -2.419355
v 0.806452 -0.503295 -2.741935
v 0.806452 -0.250066 -3.064516
v 0.806452 -0.102614 -3.387097
v 0.806452 -0.059506 -3.709677
v 0.806452 0.015716 -4.032258
v 0.806452 0.031732 -4.354839
v 0.806452 0.023706 -4.677419
v 0.806452 0.000000 -5.000000
v 1.129032 0.000000 5.000000
v 1.129032 0.000356 4.677419
v 1.129032 0.022094 4.354839
v 1.129032 0.078498 4.032258
v 1.129032 0.171714 3.709677
v 1.129032 0.359342 3.387097
v 1.129032 0.641280 3.064516
v 1.129032 0.927873 2.741935
v 1.129032 1.292074 2.419355
v 1.129032 1.531348 2.096774
v 1.129032 1.588691 1.774194
v 1.129032 1.335018 1.451613
v 1.129032 1.082387 1.129032
v 1.129032 0.794326 0.806452
v 1.129032 0.547996 0.483871
v 1.129032 0.469800 0.161290
v 1.129032 0.177995 -0.161290
v 1.129032 -0.352175 -0.483871
v 1.129032 -0.732112 -0.806452
v 1.129032 -0.990643 -1.129032
v 1.129032 -1.038714 -1.451613
v 1.129032 -1.219949 -1.774194
v 1.129032 -1.140356 -2.096774
v 1.129032 -0.931202 -2.419355
v 1.129032 -0.568469 -2.741935
v 1.129032 -0.299642 -3.064516
v 1.129032 -0.245820 -3.387097
v 1.129032 -0.188758 -3.709677
v 1.129032 -0.054341 -4.032258
v 1.129032 -0.007918 -4.354839
v 1.129032 0.001045 -4.677419
v 1.129032 0.000000 -5.000000
v 1.451613 0.000000 5.000000
v 1.451613 0.001390 4.677419
v 1.451613 0.012476 4.354839
v 1.451613 0.056266 4.032258
v 1.451613 0.164900 3.709677
v 1.451613 0.365638 3.387097
v 1.451613 0.579762 3.064516
v 1.451613 0.766910 2.741935
v 1.451613 1.242689 2.419355
v 1.451613 1.470139 2.096774
v 1.451613 1.324358 1.774194
v 1.451613 1.265733 1.451613
v 1.451613 1.093592 1.129032
v 1.451613 0.803193 0.806452
v 1.451613 0.428826 0.483871
v 1.451613 0.055094 0.161290
v 1.451613 -0.102905 -0.161290
v 1.451613 -0.377993 -0.483871
v 1.451613 -0.842379 -0.806452
v 1.451613 -1.026187 -1.129032
v 1.451613 -0.955521 -1.451613
v 1.451613 -1.247901 -1.774194
v 1.451613 -1.477701 -2.096774
v 1.451613 -1.336241 -2.419355
v 1.451613 -1.060134 -2.741935
v 1.451613 -0.780434 -3.064516
v 1.451613 -0.615570 -3.387097
v 1.451613 -0.325772 -3.709677
v 1.451613 -0.180909 -4.032258
v 1.451613 -0.079332 -4.354839
v 1.451613 -0.018661 -4.677419
v 1.451613 0.000000 -5.000000
v 1.774194 0.000000 5.000000
v 1.774194 0.007793 4.677419
v 1.774194 0.022544 4.354839
v 1.774194 -0.011859 4.032258
v 1.774194 0.101023 3.709677
v 1.774194 0.316277 3.387097
v 1.774194 0.483057 3.064516
v 1.774194 0.719361 2.741935
v 1.774194 1.084163 2.419355
v 1.774194 1.053240 2.096774
v 1.774194 1.239491 1.774194
v 1.774194 1.083159 1.451613
v 1.774194 0.889862 1.129032
v 1.774194 0.529643 0.806452
v 1.774194 0.049463 0.483871
v 1.774194 0.027147 0.161290
v 1.774194 -0.345773 -0.161290
v 1.774194 -0.743336 -0.483871
v 1.774194 -1.043198 -0.806452
v 1.774194 -1.146672 -1.129032
v 1.774194 -1.075711 -1.451613
v 1.774194 -1.318832 -1.774194
v 1.774194 -1.599722 -2.096774
v 1.774194 -1.535264 -2.419355
v 1.774194 -1.375092 -2.741935
v 1.774194 -1.172686 -3.064516
v 1.774194 -0.885865 -3.387097
v 1.774194 -0.647420 -3.709677
v 1.774194 -0.400418 -4.032258
v 1.774194 -0.194524 -4.354839
v 1.774194 -0.045340 -4.677419
v 1.774194 0.000000 -5.000000
v 2.096774 0.000000 5.000000
v 2.096774 0.018713 4.677419
v 2.096774 0.039433 4.354839
v 2.096774 0.057813 4.032258
v 2.096774 0.109170 3.709677
v 2.096774 0.365612 3.387097
v 2.096774 0.461682 3.064516
v 2.096774 0.654111 2.741935
v 2.096774 0.998536 2.419355
v 2.096774 1.136909 2.096774
v 2.096774 1.245074 1.774194
v 2.096774 1.039708 1.451613
v 2.096774 0.688673 1.129032
v 2.096774 0.543291 0.806452
v 2.096774 0.192599 0.483871
v 2.096774 -0.087736 0.161290
v 2.096774 -0.517161 -0.161290
v 2.096774 -0.883132 -0.483871
v 2.096774 -1.191875 -0.806452
v 2.096774 -1.350037 -1.129032
v 2.096774 -1.251325 -1.451613
v 2.096774 -1.475378 -1.774194
v 2.096774 -1.640684 -2.096774
v 2.096774 -1.631204 -2.419355
v 2.096774 -1.630015 -2.741935
v 2.096774 -1.442214 -3.064516
v 2.096774 -1.173984 -3.387097
v 2.096774 -0.872383 -3.709677
v 2.096774 -0.511751 -4.032258
v 2.096774 -0.252300 -4.354839
v 2.096774 -0.055422 -4.677419
v 2.096774 0.000000 -5.000000
v 2.419355 0.000000 5.000000
v 2.419355 0.027892 4.677419
v 2.419355 0.092096 4.354839
v 2.419355 0.156594 4.032258
v 2.419355 0.196724 3.709677
v 2.419355 0.301649 3.387097
v 2.419355 0.489862 3.064516
v 2.419355 0.686237 2.741935
v 2.419355 0.895316 2.419355
v 2.419355 1.089752 2.096774
v 2.419355 1.034127 1.774194
v 2.419355 0.982617 1.451613
v 2.419355 0.855075 1.129032
v 2.419355 0.699706 0.806452
v 2.419355 0.230010 0.483871
v 2.419355 -0.206630 0.161290
v 2.419355 -0.512510 -0.161290
v 2.419355 -0.853238 -0.483871
v 2.419355 -1.130039 -0.806452
v 2.419355 -1.277576 -1.129032
v 2.419355 -1.502278 -1.451613
v 2.419355 -1.629124 -1.774194
v 2.419355 -1.725965 -2.096774
v 2.419355 -1.748492 -2.419355
v 2.419355 -1.654958 -2.741935
v 2.419355 -1.613793 -3.064516
v 2.419355 -1.374707 -3.387097
v 2.419355 -0.948229 -3.709677
v 2.419355 -0.588009 -4.032258
v 2.419355 -0.271975 -4.354839
v 2.419355 -0.056351 -4.677419
v 2.419355 0.000000 -5.000000
v 2.741935 0.000000 5.000000
v 2.741935 0.025551 4.677419
v 2.741935 0.122244 4.354839
v 2.741935 0.218550 4.032258
v 2.741935 0.303237 3.709677
v 2.741935 0.380819 3.387097
v 2.741935 0.416846 3.064516
v 2.741935 0.573977 2.741935
v 2.741935 0.657056 2.419355
v 2.741935 0.798549 2.096774
v 2.741935 0.910664 1.774194
v 2.741935 0.835411 1.451613
v 2.741935 0.751375 1.129032
v 2.741935 0.485959 0.806452
v 2.741935 0.110033 0.483871
v 2.741935 -0.305519 0.161290
v 2.741935 -0.430395 -0.161290
v 2.741935 -0.796404 -0.483871
v 2.741935 -1.081410 -0.806452
v 2.741935 -1.347974 -1.129032
v 2.741935 -1.670471 -1.451613
v 2.741935 -1.662284 -1.774194
v 2.741935 -1.591883 -2.096774
v 2.741935 -1.591943 -2.419355
v 2.741935 -1.537888 -2.741935
v 2.741935 -1.557789 -3.064516
v 2.741935 -1.346653 -3.387097
v 2.741935 -0.970359 -3.709677
v 2.741935 -0.542646 -4.032258
v 2.741935 -0.247462 -4.354839
v 2.741935 -0.040750 -4.677419
v 2.741935 0.000000 -5.000000
v 3.064516 0.000000 5.000000
v 3.064516 0.011911 4.677419
v 3.064516 0.102597 4.354839
v 3.064516 0.235006 4.032258
v 3.064516 0.347377 3.709677
v 3.064516 0.402412 3.387097
v 3.064516 0.504968 3.064516
v 3.064516 0.688545 2.741935
v 3.064516 0.602100 2.419355
v 3.064516 0.656934 2.096774
v 3.064516 0.702127 1.774194
v 3.064516 0.831161 1.451613
v 3.064516 0.613560 1.129032
v 3.064516 0.359017 0.806452
v 3.064516 0.094839 0.483871
v 3.064516 -0.159391 0.161290
v 3.064516 -0.375932 -0.161290
v 3.064516 -0.827253 -0.483871
v 3.064516 -1.103276 -0.806452
v 3.064516 -1.461115 -1.129032
v 3.064516 -1.581856 -1.451613
v 3.064516 -1.572946 -1.774194
v 3.064516 -1.488521 -2.096774
v 3.064516 -1.459923 -2.419355
v 3.064516 -1.465167 -2.741935
v 3.064516 -1.398303 -3.064516
v 3.064516 -1.204631 -3.387097
v 3.064516 -0.877508 -3.709677
v 3.064516 -0.501518 -4.032258
v 3.064516 -0.209083 -4.354839
v 3.064516 -0.020307 -4.677419
v 3.064516 0.000000 -5.000000
v 3.387097 0.000000 5.000000
v 3.387097 0.000933 4.677419
v 3.387097 0.072622 4.354839
v 3.387097 0.213291 4.032258
v 3.387097 0.415109 3.709677
v 3.387097 0.535256 3.387097
v 3.387097 0.655520 3.064516
v 3.387097 0.628684 2.741935
v 3.387097 0.472153 2.419355
v 3.387097 0.360107 2.096774
v 3.387097 0.347575 1.774194
v 3.387097 0.394246 1.451613
v 3.387097 0.350142 1.129032
v 3.387097 0.164574 0.806452
v 3.387097 0.065809 0.483871
v 3.387097 -0.291087 0.161290
v 3.387097 -0.476473 -0.161290
v 3.387097 -0.795386 -0.483871
v 3.387097 -1.008809 -0.806452
v 3.387097 -1.248153 -1.129032
v 3.387097 -1.300111 -1.451613
v 3.387097 -1.310159 -1.774194
v 3.387097 -1.287084 -2.096774
v 3.387097 -1.293452 -2.419355
v 3.387097 -1.257758 -2.741935
v 3.387097 -1.173206 -3.064516
v 3.387097 -1.006885 -3.387097
v 3.387097 -0.715978 -3.709677
v 3.387097 -0.378917 -4.032258
v 3.387097 -0.128014 -4.354839
v 3.387097 -0.001451 -4.677419
v 3.387097 0.000000 -5.000000
v 3.709677 0.000000 5.000000
v 3.709677 0.000000 4.677419
v 3.709677 0.028912 4.354839
v 3.709677 0.155312 4.032258
v 3.709677 0.300083 3.709677
v 3.709677 0.459052 3.387097
v 3.709677 0.539731 3.064516
v 3.709677 0.448028 2.741935
v 3.709677 0.429670 2.419355
v 3.709677 0.292592 2.096774
v 3.709677 0.234390 1.774194
v 3.709677 0.277082 1.451613
v 3.709677 0.270795 1.129032
v 3.709677 0.213211 0.806452
v 3.709677 -0.020291 0.483871
v 3.709677 -0.263088 0.161290
v 3.709677 -0.459853 -0.161290
v 3.709677 -0.667678 -0.483871
v 3.709677 -0.820006 -0.806452
v 3.709677 -0.940328 -1.129032
v 3.709677 -0.983576 -1.451613
v 3.709677 -0.893844 -1.774194
v 3.709677 -0.931426 -2.096774
v 3.709677 -0.962900 -2.419355
v 3.709677 -0.925769 -2.741935
v 3.709677 -0.876778 -3.064516
v 3.709677 -0.698516 -3.387097
v 3.709677 -0.460106 -3.709677
v 3.709677 -0.217639 -4.032258
v 3.709677 -0.043156 -4.354839
v 3.709677 0.000000 -4.677419
v 3.709677 0.000000 -5.000000
v 4.032258 0.000000 5.000000
v 4.032258 0.000000 4.677419
v 4.032258 0.000005 4.354839
v 4.032258 0.051648 4.032258
v 4.032258 0.156899 3.709677
v 4.032258 0.271169 3.387097
v 4.032258 0.354531 3.064516
v 4.032258 0.318789 2.741935
v 4.032258 0.293709 2.419355
v 4.032258 0.230026 2.096774
v 4.032258 0.225195 1.774194
v 4.032258 0.217189 1.451613
v 4.032258 0.177404 1.129032
v 4.032258 0.110097 0.806452
v 4.032258 -0.057391 0.483871
v 4.032258 -0.128323 0.161290
v 4.032258 -0.230407 -0.161290
v 4.032258 -0.418634 -0.483871
v 4.032258 -0.512635 -0.806452
v 4.032258 -0.632016 -1.129032
v 4.032258 -0.697354 -1.451613
v 4.032258 -0.614851 -1.774194
v 4.032258 -0.623143 -2.096774
v 4.032258 -0.664902 -2.419355
v 4.032258 -0.637845 -2.741935
v 4.032258 -0.548990 -3.064516
v 4.032258 -0.409338 -3.387097
v 4.032258 -0.225570 -3.709677
v 4.032258 -0.069715 -4.032258
v 4.032258 -0.000007 -4.354839
v 4.032258 0.000000 -4.677419
v 4.032258 0.000000 -5.000000
v 4.354839 0.000000 5.000000
v 4.354839 0.000000 4.677419
v 4.354839 0.000000 4.354839
v 4.354839 0.000005 4.032258
v 4.354839 0.032844 3.709677
v 4.354839 0.095784 3.387097
v 4.354839 0.134423 3.064516
v 4.354839 0.138483 2.741935
v 4.354839 0.133379 2.419355
v 4.354839 0.154515 2.096774
v 4.354839 0.109784 1.774194
v 4.354839 0.079990 1.451613
v 4.354839 0.076772 1.129032
v 4.354839 0.038038 0.806452
v 4.354839 -0.018503 0.483871
v 4.354839 -0.071626 0.161290
v 4.354839 -0.131307 -0.161290
v 4.354839 -0.164361 -0.483871
v 4.354839 -0.241898 -0.806452
v 4.354839 -0.335079 -1.129032
v 4.354839 -0.367897 -1.451613
v 4.354839 -0.356092 -1.774194
v 4.354839 -0.329911 -2.096774
v 4.354839 -0.314379 -2.419355
v 4.354839 -0.291971 -2.741935
v 4.354839 -0.227792 -3.064516
v 4.354839 -0.137158 -3.387097
v 4.354839 -0.042883 -3.709677
v 4.354839 -0.000007 -4.032258
v 4.354839 0.000000 -4.354839
v 4.354839 0.000000 -4.677419
v 4.354839 0.000000 -5.000000
v 4.677419 0.000000 5.000000
v 4.677419 0.000000 4.677419
v 4.677419 0.000000 4.354839
v 4.677419 0.000000 4.032258
v 4.677419 0.000000 3.709677
v 4.677419 0.001129 3.387097
v 4.677419 0.014470 3.064516
v 4.677419 0.025609 2.741935
v 4.677419 0.033838 2.419355
v 4.677419 0.041319 2.096774
v 4.677419 0.036399 1.774194
v 4.677419 0.026612 1.451613
v 4.677419 0.025846 1.129032
v 4.677419 0.007882 0.806452
v 4.677419 -0.008768 0.483871
v 4.677419 -0.020782 0.161290
v 4.677419 -0.033909 -0.161290
v 4.677419 -0.038406 -0.483871
v 4.677419 -0.061619 -0.806452
v 4.677419 -0.087432 -1.129032
v 4.677419 -0.105125 -1.451613
v 4.677419 -0.109159 -1.774194
v 4.677419 -0.095913 -2.096774
v 4.677419 -0.077451 -2.419355
v 4.677419 -0.053320 -2.741935
v 4.677419 -0.024135 -3.064516
v 4.677419 -0.001557 -3.387097
v 4.677419 0.000000 -3.709677
v 4.677419 0.000000 -4.032258
v 4.677419 0.000000 -4.354839
v 4.677419 0.000000 -4.677419
v 4.677419 0.000000 -5.000000
v 5.000000 0.000000 5.000000
v 5.000000 0.000000 4.677419
v 5.000000 0.000000 4.354839
v 5.000000 0.000000 4.032258
v 5.000000 0.000000 3.709677
v 5.000000 0.000000 3.387097
v 5.000000 0.000000 3.064516
v 5.000000 0.000000 2.741935
v 5.000000 0.000000 2.419355
v 5.000000 0.000000 2.096774
v 5.000000 0.000000 1.774194
v 5.000000 0.000000 1.451613
v 5.000000 0.000000 1.129032
v 5.000000 0.000000 0.806452
v 5.000000 0.000000 0.483871
v 5.000000 0.000000 0.161290
v 5.000000 0.000000 -0.161290
v 5.000000 0.000000 -0.483871
v 5.000000 0.000000 -0.806452
v 5.000000 0.000000 -1.129032
v 5.000000 0.000000 -1.451613
v 5.000000 0.000000 -1.774194
v 5.000000 0.000000 -2.096774
v 5.000000 0.000000 -2.419355
v 5.000000 0.000000 -2.741935
v 5.000000 0.000000 -3.064516
v 5.000000 0.000000 -3.387097
v 5.000000 0.000000 -3.709677
v 5.000000 0.000000 -4.032258
v 5.000000 0.000000 -4.354839
v 5.000000 0.000000 -4.677419
v 5.000000 0.000000 -5.000000
s 1
f 2 1 33 34
f 3 2 34 35
f 4 3 35 36
f 5 4 36 37
f 6 5 37 38
f 7 6 38 39
f 8 7 39 40
f 9 8 40 41
f 10 9 41 42
f 11 10 42 43
f 12 11 43 44
f 13 12 44 45
f 14 13 45 46
f 15 14 46 47
f 16 15 47 48
f 17 16 48 49
f 18 17 49 50
f 19 18 50 51
f 20 19 51 52
f 21 20 52 53
f 22 21 53 54
f 23 22 54 55
f 24 23 55 56
f 25 24 56 57
f 26 25 57 58
f 27 26 58 59
f 28 27 59 60
f 29 28 60 61
f 30 29 61 62
f 31 30 62 63
f 32 31 63 64
f 34 33 65 66
f 35 34 66 67
f 36 35 67 68
f 37 36 68 69
f 38 37 69 70
f 39 38 70 71
f 40 39 71 72
f 41 40 72 73
f 42 41 73 74
f 43 42 74 75
f 44 43 75 76
f 45 44 76 77
f 46 45 77 78
f 47 46 78 79
f 48 47 79 80
f 49 48 80 81
f 50 49 81 82
f 51 50 82 83
f 52 51 83 84
f 53 52 84 85
f 54 53 85 86
f 55 54 86 87
f 56 55 87 88
f 57 56 88 89
f 58 57 89 90
f 59 58 90 91
f 60 59 91 92
f 61 60 92 93
f 62 61 93 94
f 63 62 94 95
f 64 63 95 96
f 66 65 97 98
f 67 66 98 99
f 68 67 99 100
f 69 68 100 101
f 70 69 101 102
f 71 70 102 103
f 72 71 103 104
f 73 72 104 105
f 74 73 105 106
f 75 74 106 107
f 76 75 107 108
f 77 76 108 109
f 78 77 109 110
f 79 78 110 111
f 80 79 111 112
f 81 80 112 113
f 82 81 113 114
f 83 82 114 115
f 84 83 115 116
f 85 84 116 117
f 86 85 117 118
f 87 86 118 119
f 88 87 119 120
f 89 88 120 121
f 90 89 121 122
f 91 90 122 123
f 92 91 123 124
f 93 92 124 125
f 94 93 125 126
f 95 94 126 127
f 96 95 127 128
f 98 97 129 130
f 99 98 130 131
f 100 99 131 132
f 101 100 132 133
f 102 101 133 134
f 103 102 134 135
f 104 103 135 136
f 105 104 136 137
f 106 105 137 138
f 107 106 138 139
f 108 107 139 140
f 109 108 140 141
f 110 109 141 142
f 111 110 142 143
f 112 111 143 144
f 113 112 144 145
f 114 113 145 146
f 115 114 146 147
f 116 115 147 148
f 117 116 148 149
f 118 117 149 150
f 119 118 150 151
f 120 119 151 152
f 121 120 152 153
f 122 121 153 154
f 123 122 154 155
f 124 123 155 156
f 125 124 156 157
f 126 125 157 158
f 127 126 158 159
f 128 127 159 160
f 130 129 161 162
f 131 130 162 163
f 132 131 163 164
f 133 132 164 165
f 134 133 165 166
f 135 134 166 167
f 136 135 167 168
f 137 136 168 169
f 138 137 169 170
f 139 138 170 171
f 140 139 171 172
f 141 140 172 173
f 142 141 173 174
f 143 142 174 175
f 144 143 175 176
f 145 144 176 177
f 146 145 177 178
f 147 146 178 179
f 148 147 179 180
f 149 148 180 181
f 150 149 181 182
f 151 150 182 183
f 152 151 183 184
f 153 152 184 185
f 154 153 185 186
f 155 154 186 187
f 156 155 187 188
f 157 156 188 189
f 158 157 189 190
f 159 158 190 191
f 160 159 191 192
f 162 161 193 194
f 163 162 194 195
f 164 163 195 196
f 165 164 196 197
f 166 165 197 198
f 167 166 198 199
f 168 167 199 200
f 169 168 200 201
f 170 169 201 202
f 171 170 202 203
f 172 171 203 204
f 173 172 204 205
f 174 173 205 206
f 175 174 206 207
f 176 175 207 208
f 177 176 208 209
f 178 177 209 210
f 179 178 210 211
f 180 179 211 212
f 181 180 212 213
f 182 181 213 214
f 183 182 214 215
f 184 183 215 216
f 185 184 216 217
f 186 185 217 218
f 187 186 218 219
f 188 187 219 220
f 189 188 220 221
f 190 189 221 222
f 191 190 222 223
f 192 191 223 224
f 194 193 225 226
f 195 194 226 227
f 196 195 227 228
f 197 196 228 229
f 198 197 229 230
f 199 198 230 231
f 200 199 231 232
f 201 200 232 233
f 202 201 233 234
f 203 202 234 235
f 204 203 235 236
f 205 204 236 237
f 206 205 237 238
f 207 206 238 239
f 208 207 239 240
f 209 208 240 241
f 210 209 241 242
f 211 210 242 243
f 212 211 243 244
f 213 212 244 245
f 214 213 245 246
f 215 214 246 247
f 216 215 247 248
f 217 216 248 249
f 218 217 249 250
f 219 218 250 251
f 220 219 251 252
f 221 220 252 253
f 222 221 253 254
f 223 222 254 255
f 224 223 255 256
f 226 225 257 258
f 227 226 258 259
f 228 227 259 260
f 229 228 260 261
f 230 229 261 262
f 231 230 262 263
f 232 231 263 264
f 233 232 264 265
f 234 233 265 266
f 235 234 266 267
f 236 235 267 268
f 237 236 268 269
f 238 237 269 270
f 239 238 270 271
f 240 239 271 272
f 241 240 272 273
f 242 241 273 274
f 243 242 274 275
f 244 243 275 276
f 245 244 276 277
f 246 245 277 278
f 247 246 278 279
f 248 247 279 280
f 249 248 280 281
f 250 249 281 282
f 251 250 282 283
f 252 251 283 284
f 253 252 284 285
f 254 253 285 286
f 255 254 286 287
f 256 255 287 288
f 258 257 289 290
f 259 258 290 291
f 260 259 291 292
f 261 260 292 293
f 262 261 293 294
f 263 262 294 295
f 264 263 295 296
f 265 264 296 297
f 266 265 297 298
f 267 266 298 299
f 268 267 299 300
f 269 268 300 301
f 270 269 301 302
f 271 270 302 303
f 272 271 303 304
f 273 272 304 305
f 274 273 305 306
f 275 274 306 307
f 276 275 307 308
f 277 276 308 309
f 278 277 309 310
f 279 278 310 311
f 280 279 311 312
f 281 280 312 313
f 282 281 313 314
f 283 282 314 315
f 284 283 315 316
f 285 284 316 317
f 286 285 317 318
f 287 286 318 319
f 288 287 319 320
f 290 289 321 322
f 291 290 322 323
f 292 291 323 324
f 293 292 324 325
f 294 293 325 326
f 295 294 326 327
f 296 295 327 328
f 297 296 328 329
f 298 297 329 330
f 299 298 330 331
f 300 299 331 332
f 301 300 332 333
f 302 301 333 334
f 303 302 334 335
f 304 303 335 336
f 305 304 336 337
f 306 305 337 338
f 307 306 338 339
f 308 307 339 340
f 309 308 340 341
f 310 309 341 342
f 311 310 342 343
f 312 311 343 344
f 313 312 344 345
f 314 313 345 346
f 315 314 346 347
f 316 315 347 348
f 317 316 348 349
f 318 317 349 350
f 319 318 350 351
f 320 319 351 352
f 322 321 353 354
f 323 322 354 355
f 324 323 355 356
f 325 324 356 357
f 326 325 357 358
f 327 326 358 359
f 328 327 359 360
f 329 328 360 361
f 330 329 361 362
f 331 330 362 363
f 332 331 363 364
f 333 332 364 365
f 334 333 365 366
f 335 334 366 367
f 336 335 367 368
f 337 336 368 369
f 338 337 369 370
f 339 338 370 371
f 340 339 371 372
f 341 340 372 373
f 342 341 373 374
f 343 342 374 375
f 344 343 375 376
f 345 344 376 377
f 346 345 377 378
f 347 346 378 379
f 348 347 379 380
f 349 348 380 381
f 350 349 381 382
f 351 350 382 383
f 352 351 383 384
f 354 353 385 386
f 355 354 386 387
f 356 355 387 388
f 357 356 388 389
f 358 357 389 390
f 359 358 390 391
f 360 359 391 392
f 361 360 392 393
f 362 361 393 394
f 363 362 394 395
f 364 363 395 396
f 365 364 396 397
f 366 365 397 398
f 367 366 398 399
f 368 367 399 400
f 369 368 400 401
f 370 369 401 402
f 371 370 402 403
f 372 371 403 404
f 373 372 404 405
f 374 373 405 406
f 375 374 406 407
f 376 375 407 408
f 377 376 408 409
f 378 377 409 410
f 379 378 410 411
f 380 379 411 412
f 381 380 412 413
f 382 381 413 414
f 383 382 414 415
f 384 383 415 416
f 386 385 417 418
f 387 386 418 419
f 388 387 419 420
f 389 388 420 421
f 390 389 421 422
f 391 390 422 423
f 392 391 423 424
f 393 392 424 425
f 394 393 425 426
f 395 394 426 427
f 396 395 427 428
f 397 396 428 429
f 398 397 429 430
f 399 398 430 431
f 400 399 431 432
f 401 400 432 433
f 402 401 433 434
f 403 402 434 435
f 404 403 435 436
f 405 404 436 437
f 406 405 437 438
f 407 406 438 439
f 408 407 439 440
f 409 408 440 441
f 410 409 441 442
f 411 410 442 443
f 412 411 443 444
f 413 412 444 445
f 414 413 445 446
f 415 414 446 447
f 416 415 447 448
f 418 417 449 450
f 419 418 450 451
f 420 419 451 452
f 421 420 452 453
f 422 421 453 454
f 423 422 454 455
f 424 423 455 456
f 425 424 456 457
f 426 425 457 458
f 427 426 458 459
f 428 427 459 460
f 429 428 460 461
f 430 429 461 462
f 431 430 462 463
f 432 431 463 464
f 433 432 464 465
f 434 433 465 466
f 435 434 466 467
f 436 435 467 468
f 437 436 468 469
f 438 437 469 470
f 439 438 470 471
f 440 439 471 472
f 441 440 472 473
f 442 441 473 474
f 443 442 474 475
f 444 443 475 476
f 445 444 476 477
f 446 445 477 478
f 447 446 478 479
f 448 447 479 480
f 450 449 481 482
f 451 450 482 483
f 452 451 483 484
f 453 452 484 485
f 454 453 485 486
f 455 454 486 487
f 456 455 487 488
f 457 456 488 489
f 458 457 489 490
f 459 458 490 491
f 460 459 491 492
f 461 460 492 493
f 462 461 493 494
f 463 462 494 495
f 464 463 495 496
f 465 464 496 497
f 466 465 497 498
f 467 466 498 499
f 468 467 499 500
f 469 468 500 501
f 470 469 501 502
f 471 470 502 503
f 472 471 503 504
f 473 472 504 505
f 474 473 505 506
f 475 474 506 507
f 476 475 507 508
f 477 476 508 509
f 478 477 509 510
f 479 478 510 511
f 480 479 511 512
f 482 481 513 514
f 483 482 514 515
f 484 483 515 516
f 485 484 516 517
f 486 485 517 518
f 487 486 518 519
f 488 487 519 520
f 489 488 520 521
f 490 489 521 522
f 491 490 522 523
f 492 491 523 524
f 493 492 524 525
f 494 493 525 526
f 495 494 526 527
f 496 495 527 528
f 497 496 528 529
f 498 497 529 530
f 499 498 530 531
f 500 499 531 532
f 501 500 532 533
f 502 501 533 534
f 503 502 534 535
f 504 503 535 536
f 505 504 536 537
f 506 505 537 538
f 507 506 538 539
f 508 507 539 540
f 509 508 540 541
f 510 509 541 542
f 511 510 542 543
f 512 511 543 544
f 514 513 545 546
f 515 514 546 547
f 516 515 547 548
f 517 516 548 549
f 518 517 549 550
f 519 518 550 551
f 520 519 551 552
f 521 520 552 553
f 522 521 553 554
f 523 522 554 555
f 524 523 555 556
f 525 524 556 557
f 526 525 557 558
f 527 526 558 559
f 528 527 559 560
f 529 528 560 561
f 530 529 561 562
f 531 530 562 563
f 532 531 563 564
f 533 532 564 565
f 534 533 565 566
f 535 534 566 567
f 536 535 567 568
f 537 536 568 569
f 538 537 569 570
f 539 538 570 571
f 540 539 571 572
f 541 540 572 573
f 542 541 573 574
f 543 542 574 575
f 544 543 575 576
f 546 545 577 578
f 547 546 578 579
f 548 547 579 580
f 549 548 580 581
f 550 549 581 582
f 551 550 582 583
f 552 551 583 584
f 553 552 584 585
f 554 553 585 586
f 555 554 586 587
f 556 555 587 588
f 557 556 588 589
f 558 557 589 590
f 559 558 590 591
f 560 559 591 592
f 561 560 592 593
f 562 561 593 594
f 563 562 594 595
f 564 563 595 596
f 565 564 596 597
f 566 565 597 598
f 567 566 598 599
f 568 567 599 600
f 569 568 600 601
f 570 569 601 602
f 571 570 602 603
f 572 571 603 604
f 573 572 604 605
f 574 573 605 606
f 575 574 606 607
f 576 575 607 608
f 578 577 609 610
f 579 578 610 611
f 580 579 611 612
f 581 580 612 613
f 582 581 613 614
f 583 582 614 615
f 584 583 615 616
f 585 584 616 617
f 586 585 617 618
f 587 586 618 619
f 588 587 619 620
f 589 588 620 621
f 590 589 621 622
f 591 590 622 623
f 592 591 623 624
f 593 592 624 625
f 594 593 625 626
f 595 594 626 627
f 596 595 627 628
f 597 596 628 629
f 598 597 629 630
f 599 598 630 631
f 600 599 631 632
f 601 600 632 633
f 602 601 633 634
f 603 602 634 635
f 604 603 635 636
f 605 604 636 637
f 606 605 637 638
f 607 606 638 639
f 608 607 639 640
f 610 609 641 642
f 611 610 642 643
f 612 611 643 644
f 613 612 644 645
f 614 613 645 646
f 615 614 646 647
f 616 615 647 648
f 617 616 648 649
f 618 617 649 650
f 619 618 650 651
f 620 619 651 652
f 621 620 652 653
f 622 621 653 654
f 623 622 654 655
f 624 623 655 656
f 625 624 656 657
f 626 625 657 658
f 627 626 658 659
f 628 627 659 660
f 629 628 660 661
f 630 629 661 662
f 631 630 662 663
f 632 631 663 664
f 633 632 664 665
f 634 633 665 666
f 635 634 666 667
f 636 635 667 668
f 637 636 668 669
f 638 637 669 670
f 639 638 670 671
f 640 639 671 672
f 642 641 673 674
f 643 642 674 675
f 644 643 675 676
f 645 644 676 677
f 646 645 677 678
f 647 646 678 679
f 648 647 679 680
f 649 648 680 681
f 650 649 681 682
f 651 650 682 683
f 652 651 683 684
f 653 652 684 685
f 654 653 685 686
f 655 654 686 687
f 656 655 687 688
f 657 656 688 689
f 658 657 689 690
f 659 658 690 691
f 660 659 691 692
f 661 660 692 693
f 662 661 693 694
f 663 662 694 695
f 664 663 695 696
f 665 664 696 697
f 666 665 697 698
f 667 666 698 699
f 668 667 699 700
f 669 668 700 701
f 670 669 701 702
f 671 670 702 703
f 672 671 703 704
f 674 673 705 706
f 675 674 706 707
f 676 675 707 708
f 677 676 708 709
f 678 677 709 710
f 679 678 710 711
f 680 679 711 712
f 681 680 712 713
f 682 681 713 714
f 683 682 714 715
f 684 683 715 716
f 685 684 716 717
f 686 685 717 718
f 687 686 718 719
f 688 687 719 720
f 689 688 720 721
f 690 689 721 722
f 691 690 722 723
f 692 691 723 724
f 693 692 724 725
f 694 693 725 726
f 695 694 726 727
f 696 695 727 728
f 697 696 728 729
f 698 697 729 730
f 699 698 730 731
f 700 699 731 732
f 701 700 732 733
f 702 701 733 734
f 703 702 734 735
f 704 703 735 736
f 706 705 737 738
f 707 706 738 739
f 708 707 739 740
f 709 708 740 741
f 710 709 741 742
f 711 710 742 743
f 712 711 743 744
f 713 712 744 745
f 714 713 745 746
f 715 714 746 747
f 716 715 747 748
f 717 716 748 749
f 718 717 749 750
f 719 718 750 751
f 720 719 751 752
f 721 720 752 753
f 722 721 753 754
f 723 722 754 755
f 724 723 755 756
f 725 724 756 757
f 726 725 757 758
f 727 726 758 759
f 728 727 759 760
f 729 728 760 761
f 730 729 761 762
f 731 730 762 763
f 732 731 763 764
f 733 732 764 765
f 734 733 765 766
f 735 734 766 767
f 736 735 767 768
f 738 737 769 770
f 739 738 770 771
f 740 739 771 772
f 741 740 772 773
f 742 741 773 774
f 743 742 774 775
f 744 743 775 776
f 745 744 776 777
f 746 745 777 778
f 747 746 778 779
f 748 747 779 780
f 749 748 780 781
f 750 749 781 782
f 751 750 782 783
f 752 751 783 784
f 753 752 784 785
f 754 753 785 786
f 755 754 786 787
f 756 755 787 788
f 757 756 788 789
f 758 757 789 790
f 759 758 790 791
f 760 759 791 792
f 761 760 792 793
f 762 761 793 794
f 763 762 794 795
f 764 763 795 796
f 765 764 796 797
f 766 765 797 798
f 767 766 798 799
f 768 767 799 800
f 770 769 801 802
f 771 770 802 803
f 772 771 803 804
f 773 772 804 805
f 774 773 805 806
f 775 774 806 807
f 776 775 807 808
f 777 776 808 809
f 778 777 809 810
f 779 778 810 811
f 780 779 811 812
f 781 780 812 813
f 782 781 813 814
f 783 782 814 815
f 784 783 815 816
f 785 784 816 817
f 786 785 817 818
f 787 786 818 819
f 788 787 819 820
f 789 788 820 821
f 790 789 821 822
f 791 790 822 823
f 792 791 823 824
f 793 792 824 825
f 794 793 825 826
f 795 794 826 827
f 796 795 827 828
f 797 796 828 829
f 798 797 829 830
f 799 798 830 831
f 800 799 831 832
f 802 801 833 834
f 803 802 834 835
f 804 803 835 836
f 805 804 836 837
f 806 805 837 838
f 807 806 838 839
f 808 807 839 840
f 809 808 840 841
f 810 809 841 842
f 811 810 842 843
f 812 811 843 844
f 813 812 844 845
f 814 813 845 846
f 815 814 846 847
f 816 815 847 848
f 817 816 848 849
f 818 817 849 850
f 819 818 850 851
f 820 819 851 852
f 821 820 852 853
f 822 821 853 854
f 823 822 854 855
f 824 823 855 856
f 825 824 856 857
f 826 825 857 858
f 827 826 858 859
f 828 827 859 860
f 829 828 860 861
f 830 829 861 862
f 831 830 862 863
f 832 831 863 864
f 834 833 865 866
f 835 834 866 867
f 836 835 867 868
f 837 836 868 869
f 838 837 869 870
f 839 838 870 871
f 840 839 871 872
f 841 840 872 873
f 842 841 873 874
f 843 842 874 875
f 844 843 875 876
f 845 844 876 877
f 846 845 877 878
f 847 846 878 879
f 848 847 879 880
f 849 848 880 881
f 850 849 881 882
f 851 850 882 883
f 852 851 883 884
f 853 852 884 885
f 854 853 885 886
f 855 854 886 887
f 856 855 887 888
f 857 856 888 889
f 858 857 889 890
f 859 858 890 891
f 860 859 891 892
f 861 860 892 893
f 862 861 893 894
f 863 862 894 895
f 864 863 895 896
f 866 865 897 898
f 867 866 898 899
f 868 867 899 900
f 869 868 900 901
f 870 869 901 902
f 871 870 902 903
f 872 871 903 904
f 873 872 904 905
f 874 873 905 906
f 875 874 906 907
f 876 875 907 908
f 877 876 908 909
f 878 877 909 910
f 879 878 910 911
f 880 879 911 912
f 881 880 912 913
f 882 881 913 914
f 883 882 914 915
f 884 883 915 916
f 885 884 916 917
f 886 885 917 918
f 887 886 918 919
f 888 887 919 920
f 889 888 920 921
f 890 889 921 922
f 891 890 922 923
f 892 891 923 924
f 893 892 924 925
f 894 893 925 926
f 895 894 926 927
f 896 895 927 928
f 898 897 929 930
f 899 898 930 931
f 900 899 931 932
f 901 900 932 933
f 902 901 933 934
f 903 902 934 935
f 904 903 935 936
f 905 904 936 937
f 906 905 937 938
f 907 906 938 939
f 908 907 939 940
f 909 908 940 941
f 910 909 941 942
f 911 910 942 943
f 912 911 943 944
f 913 912 944 945
f 914 913 945 946
f 915 914 946 947
f 916 915 947 948
f 917 916 948 949
f 918 917 949 950
f 919 918 950 951
f 920 919 951 952
f 921 920 952 953
f 922 921 953 954
f 923 922 954 955
f 924 923 955 956
f 925 924 956 957
f 926 925 957 958
f 927 926 958 959
f 928 927 959 960
f 930 929 961 962
f 931 930 962 963
f 932 931 963 964
f 933 932 964 965
f 934 933 965 966
f 935 934 966 967
f 936 935 967 968
f 937 936 968 969
f 938 937 969 970
f 939 938 970 971
f 940 939 971 972
f 941 940 972 973
f 942 941 973 974
f 943 942 974 975
f 944 943 975 976
f 945 944 976 977
f 946 945 977 978
f 947 946 978 979
f 948 947 979 980
f 949 948 980 981
f 950 949 981 982
f 951 950 982 983
f 952 951 983 984
f 953 952 984 985
f 954 953 985 986
f 955 954 986 987
f 956 955 987 988
f 957 956 988 989
f 958 957 989 990
f 959 958 990 991
f 960 959 991 992
f 962 961 993 994
f 963 962 994 995
f 964 963 995 996
f 965 964 996 997
f 966 965 997 998
f 967 966 998 999
f 968 967 999 1000
f 969 968 1000 1001
f 970 969 1001 1002
f 971 970 1002 1003
f 972 971 1003 1004
f 973 972 1004 1005
f 974 973 1005 1006
f 975 974 1006 1007
f 976 975 1007 1008
f 977 976 1008 1009
f 978 977 1009 1010
f 979 978 1010 1011
f 980 979 1011 1012
f 981 980 1012 1013
f 982 981 1013 1014
f 983 982 1014 1015
f 984 983 1015 1016
f 985 984 1016 1017
f 986 985 1017 1018
f 987 986 1018 1019
f 988 987 1019 1020
f 989 988 1020 1021
f 990 989 1021 1022
f 991 990 1022 1023
f 992 991 1023 1024
