# Blender v2.79 (sub 0) OBJ File: ''
# www.blender.org
v -5.000000 0.000000 5.000000
v -5.000000 0.000000 4.756097
v -5.000000 0.000000 4.512195
v -5.000000 0.000000 4.268293
v -5.000000 0.000000 4.024390
v -5.000000 0.000000 3.780488
v -5.000000 0.000000 3.536585
v -5.000000 0.000000 3.292683
v -5.000000 0.000000 3.048780
v -5.000000 0.000000 2.804878
v -5.000000 0.000000 2.560976
v -5.000000 0.000000 2.317073
v -5.000000 0.000000 2.073171
v -5.000000 0.000000 1.829268
v -5.000000 0.000000 1.585366
v -5.000000 0.000000 1.341463
v -5.000000 0.000000 1.097561
v -5.000000 0.000000 0.853659
v -5.000000 0.000000 0.609756
v -5.000000 0.000000 0.365854
v -5.000000 0.000000 0.121951
v -5.000000 0.000000 -0.121951
v -5.000000 0.000000 -0.365854
v -5.000000 0.000000 -0.609756
v -5.000000 0.000000 -0.853659
v -5.000000 0.000000 -1.097561
v -5.000000 0.000000 -1.341463
v -5.000000 0.000000 -1.585366
v -5.000000 0.000000 -1.829268
v -5.000000 0.000000 -2.073171
v -5.000000 0.000000 -2.317073
v -5.000000 0.000000 -2.560976
v -5.000000 0.000000 -2.804878
v -5.000000 0.000000 -3.048780
v -5.000000 0.000000 -3.292683
v -5.000000 0.000000 -3.536585
v -5.000000 0.000000 -3.780488
v -5.000000 0.000000 -4.024390
v -5.000000 0.000000 -4.268293
v -5.000000 0.000000 -4.512195
v -5.000000 0.000000 -4.756097
v -5.000000 0.000000 -5.000000
v -4.756097 0.000000 5.000000
v -4.756097 0.000000 4.756097
v -4.756097 0.000000 4.512195
v -4.756097 0.000000 4.268293
v -4.756097 0.000000 4.024390
v -4.756097 0.000000 3.780488
v -4.756097 0.000000 3.536585
v -4.756097 0.000000 3.292683
v -4.756097 -0.004643 3.048780
v -4.756097 -0.016385 2.804878
v -4.756097 -0.026987 2.560976
v -4.756097 -0.035551 2.317073
v -4.756097 -0.042827 2.073171
v -4.756097 -0.050431 1.829268
v -4.756097 -0.054817 1.585366
v -4.756097 -0.052381 1.341463
v -4.756097 -0.047004 1.097561
v -4.756097 -0.046159 0.853659
v -4.756097 -0.049200 0.609756
v -4.756097 -0.050567 0.365854
v -4.756097 -0.045704 0.121951
v -4.756097 -0.036142 -0.121951
v -4.756097 -0.028490 -0.365854
v -4.756097 -0.022525 -0.609756
v -4.756097 -0.019396 -0.853659
v -4.756097 -0.010333 -1.097561
v -4.756097 -0.001576 -1.341463
v -4.756097 0.003094 -1.585366
v -4.756097 0.002024 -1.829268
v -4.756097 0.004604 -2.073171
v -4.756097 0.002025 -2.317073
v -4.756097 0.002034 -2.560976
v -4.756097 0.001837 -2.804878
v -4.756097 0.000597 -3.048780
v -4.756097 0.000000 -3.292683
v -4.756097 0.000000 -3.536585
v -4.756097 0.000000 -3.780488
v -4.756097 0.000000 -4.024390
v -4.756097 0.000000 -4.268293
v -4.756097 0.000000 -4.512195
v -4.756097 0.000000 -4.756097
v -4.756097 0.000000 -5.000000
v -4.512195 0.000000 5.000000
v -4.512195 0.000000 4.756097
v -4.512195 0.000000 4.512195
v -4.512195 0.000000 4.268293
v -4.512195 0.000000 4.024390
v -4.512195 -0.000261 3.780488
v -4.512195 -0.018886 3.536585
v -4.512195 -0.053222 3.292683
v -4.512195 -0.097457 3.048780
v -4.512195 -0.131022 2.804878
v -4.512195 -0.154050 2.560976
v -4.512195 -0.158989 2.317073
v -4.512195 -0.178068 2.073171
v -4.512195 -0.206484 1.829268
v -4.512195 -0.195756 1.585366
v -4.512195 -0.195133 1.341463
v -4.512195 -0.189625 1.097561
v -4.512195 -0.193957 0.853659
v -4.512195 -0.178236 0.609756
v -4.512195 -0.161126 0.365854
v -4.512195 -0.164901 0.121951
v -4.512195 -0.133452 -0.121951
v -4.512195 -0.091440 -0.365854
v -4.512195 -0.067236 -0.609756
v -4.512195 -0.058307 -0.853659
v -4.512195 -0.025381 -1.097561
v -4.512195 0.003980 -1.341463
v -4.512195 0.027551 -1.585366
v -4.512195 0.029586 -1.829268
v -4.512195 0.026852 -2.073171
v -4.512195 0.016083 -2.317073
v -4.512195 0.020844 -2.560976
v -4.512195 0.020754 -2.804878
v -4.512195 0.016397 -3.048780
v -4.512195 0.014483 -3.292683
v -4.512195 0.005660 -3.536585
v -4.512195 0.000081 -3.780488
v -4.512195 0.000000 -4.024390
v -4.512195 0.000000 -4.268293
v -4.512195 0.000000 -4.512195
v -4.512195 0.000000 -4.756097
v -4.512195 0.000000 -5.000000
v -4.268293 0.000000 5.000000
v -4.268293 0.000000 4.756097
v -4.268293 0.000000 4.512195
v -4.268293 0.000000 4.268293
v -4.268293 -0.005626 4.024390
v -4.268293 -0.046706 3.780488
v -4.268293 -0.111380 3.536585
v -4.268293 -0.178314 3.292683
v -4.268293 -0.251420 3.048780
v -4.268293 -0.298515 2.804878
v -4.268293 -0.340081 2.560976
v -4.268293 -0.367679 2.317073
v -4.268293 -0.394531 2.073171
v -4.268293 -0.418763 1.829268
v -4.268293 -0.408199 1.585366
v -4.268293 -0.375918 1.341463
v -4.268293 -0.371864 1.097561
v -4.268293 -0.371995 0.853659
v -4.268293 -0.334021 0.609756
v -4.268293 -0.320766 0.365854
v -4.268293 -0.295628 0.121951
v -4.268293 -0.235939 -0.121951
v -4.268293 -0.167639 -0.365854
v -4.268293 -0.109343 -0.609756
v -4.268293 -0.079475 -0.853659
v -4.268293 -0.020951 -1.097561
v -4.268293 0.029227 -1.341463
v -4.268293 0.061164 -1.585366
v -4.268293 0.103496 -1.829268
v -4.268293 0.085234 -2.073171
v -4.268293 0.064579 -2.317073
v -4.268293 0.060675 -2.560976
v -4.268293 0.060874 -2.804878
v -4.268293 0.053876 -3.048780
v -4.268293 0.058989 -3.292683
v -4.268293 0.046682 -3.536585
v -4.268293 0.022266 -3.780488
v -4.268293 0.002346 -4.024390
v -4.268293 0.000000 -4.268293
v -4.268293 0.000000 -4.512195
v -4.268293 0.000000 -4.756097
v -4.268293 0.000000 -5.000000
v -4.024390 0.000000 5.000000
v -4.024390 0.000000 4.756097
v -4.024390 0.000000 4.512195
v -4.024390 -0.004583 4.268293
v -4.024390 -0.052753 4.024390
v -4.024390 -0.140182 3.780488
v -4.024390 -0.235953 3.536585
v -4.024390 -0.340272 3.292683
v -4.024390 -0.407048 3.048780
v -4.024390 -0.486316 2.804878
v -4.024390 -0.545057 2.560976
v -4.024390 -0.540668 2.317073
v -4.024390 -0.595774 2.073171
v -4.024390 -0.667253 1.829268
v -4.024390 -0.653456 1.585366
v -4.024390 -0.593772 1.341463
v -4.024390 -0.596398 1.097561
v -4.024390 -0.551585 0.853659
v -4.024390 -0.504608 0.609756
v -4.024390 -0.487148 0.365854
v -4.024390 -0.455355 0.121951
v -4.024390 -0.338453 -0.121951
v -4.024390 -0.230538 -0.365854
v -4.024390 -0.152007 -0.609756
v -4.024390 -0.097657 -0.853659
v -4.024390 0.001329 -1.097561
v -4.024390 0.096922 -1.341463
v -4.024390 0.156806 -1.585366
v -4.024390 0.200207 -1.829268
v -4.024390 0.181545 -2.073171
v -4.024390 0.157579 -2.317073
v -4.024390 0.161864 -2.560976
v -4.024390 0.151442 -2.804878
v -4.024390 0.157882 -3.048780
v -4.024390 0.146188 -3.292683
v -4.024390 0.121812 -3.536585
v -4.024390 0.079717 -3.780488
v -4.024390 0.032605 -4.024390
v -4.024390 0.002756 -4.268293
v -4.024390 0.000000 -4.512195
v -4.024390 0.000000 -4.756097
v -4.024390 0.000000 -5.000000
v -3.780488 0.000000 5.000000
v -3.780488 0.000000 4.756097
v -3.780488 -0.000165 4.512195
v -3.780488 -0.033632 4.268293
v -3.780488 -0.114381 4.024390
v -3.780488 -0.228291 3.780488
v -3.780488 -0.368836 3.536585
v -3.780488 -0.528709 3.292683
v -3.780488 -0.630502 3.048780
v -3.780488 -0.662915 2.804878
v -3.780488 -0.734620 2.560976
v -3.780488 -0.734183 2.317073
v -3.780488 -0.738485 2.073171
v -3.780488 -0.806362 1.829268
v -3.780488 -0.840918 1.585366
v -3.780488 -0.813359 1.341463
v -3.780488 -0.752287 1.097561
v -3.780488 -0.709630 0.853659
v -3.780488 -0.653230 0.609756
v -3.780488 -0.623460 0.365854
v -3.780488 -0.588880 0.121951
v -3.780488 -0.431612 -0.121951
v -3.780488 -0.248383 -0.365854
v -3.780488 -0.229310 -0.609756
v -3.780488 -0.114778 -0.853659
v -3.780488 0.033672 -1.097561
v -3.780488 0.199574 -1.341463
v -3.780488 0.242179 -1.585366
v -3.780488 0.255599 -1.829268
v -3.780488 0.278725 -2.073171
v -3.780488 0.284501 -2.317073
v -3.780488 0.228339 -2.560976
v -3.780488 0.246281 -2.804878
v -3.780488 0.228720 -3.048780
v -3.780488 0.216078 -3.292683
v -3.780488 0.215948 -3.536585
v -3.780488 0.153755 -3.780488
v -3.780488 0.081551 -4.024390
v -3.780488 0.023934 -4.268293
v -3.780488 0.000113 -4.512195
v -3.780488 0.000000 -4.756097
v -3.780488 0.000000 -5.000000
v -3.536585 0.000000 5.000000
v -3.536585 0.000000 4.756097
v -3.536585 -0.012586 4.512195
v -3.536585 -0.085344 4.268293
v -3.536585 -0.195364 4.024390
v -3.536585 -0.324810 3.780488
v -3.536585 -0.532624 3.536585
v -3.536585 -0.736307 3.292683
v -3.536585 -0.849661 3.048780
v -3.536585 -0.861345 2.804878
v -3.536585 -0.923177 2.560976
v -3.536585 -0.869867 2.317073
v -3.536585 -0.861596 2.073171
v -3.536585 -0.900273 1.829268
v -3.536585 -0.921665 1.585366
v -3.536585 -0.942711 1.341463
v -3.536585 -0.886068 1.097561
v -3.536585 -0.760968 0.853659
v -3.536585 -0.675080 0.609756
v -3.536585 -0.671869 0.365854
v -3.536585 -0.569270 0.121951
v -3.536585 -0.435123 -0.121951
v -3.536585 -0.269715 -0.365854
v -3.536585 -0.231490 -0.609756
v -3.536585 -0.050940 -0.853659
v -3.536585 0.051950 -1.097561
v -3.536585 0.212587 -1.341463
v -3.536585 0.322273 -1.585366
v -3.536585 0.350555 -1.829268
v -3.536585 0.406880 -2.073171
v -3.536585 0.340499 -2.317073
v -3.536585 0.273506 -2.560976
v -3.536585 0.291363 -2.804878
v -3.536585 0.241969 -3.048780
v -3.536585 0.257891 -3.292683
v -3.536585 0.261944 -3.536585
v -3.536585 0.237202 -3.780488
v -3.536585 0.130548 -4.024390
v -3.536585 0.057214 -4.268293
v -3.536585 0.008808 -4.512195
v -3.536585 0.000000 -4.756097
v -3.536585 0.000000 -5.000000
v -3.292683 0.000000 5.000000
v -3.292683 0.000000 4.756097
v -3.292683 -0.037862 4.512195
v -3.292683 -0.137662 4.268293
v -3.292683 -0.260928 4.024390
v -3.292683 -0.425980 3.780488
v -3.292683 -0.596276 3.536585
v -3.292683 -0.829915 3.292683
v -3.292683 -0.974131 3.048780
v -3.292683 -1.090178 2.804878
v -3.292683 -1.057487 2.560976
v -3.292683 -0.992591 2.317073
v -3.292683 -0.955208 2.073171
v -3.292683 -0.849585 1.829268
v -3.292683 -0.910633 1.585366
v -3.292683 -0.851579 1.341463
v -3.292683 -0.794020 1.097561
v -3.292683 -0.716309 0.853659
v -3.292683 -0.514199 0.609756
v -3.292683 -0.562482 0.365854
v -3.292683 -0.480015 0.121951
v -3.292683 -0.456078 -0.121951
v -3.292683 -0.330739 -0.365854
v -3.292683 -0.283653 -0.609756
v -3.292683 -0.098623 -0.853659
v -3.292683 0.089591 -1.097561
v -3.292683 0.256488 -1.341463
v -3.292683 0.323384 -1.585366
v -3.292683 0.483939 -1.829268
v -3.292683 0.539201 -2.073171
v -3.292683 0.402848 -2.317073
v -3.292683 0.288621 -2.560976
v -3.292683 0.324093 -2.804878
v -3.292683 0.355515 -3.048780
v -3.292683 0.319776 -3.292683
v -3.292683 0.303494 -3.536585
v -3.292683 0.286770 -3.780488
v -3.292683 0.202820 -4.024390
v -3.292683 0.103141 -4.268293
v -3.292683 0.026454 -4.512195
v -3.292683 0.000000 -4.756097
v -3.292683 0.000000 -5.000000
v -3.048780 0.000000 5.000000
v -3.048780 -0.003088 4.756097
v -3.048780 -0.071417 4.512195
v -3.048780 -0.188245 4.268293
v -3.048780 -0.335348 4.024390
v -3.048780 -0.520917 3.780488
v -3.048780 -0.677797 3.536585
v -3.048780 -0.858405 3.292683
v -3.048780 -1.073617 3.048780
v -3.048780 -1.108270 2.804878
v -3.048780 -1.070442 2.560976
v -3.048780 -0.947153 2.317073
v -3.048780 -0.999684 2.073171
v -3.048780 -0.955945 1.829268
v -3.048780 -0.939024 1.585366
v -3.048780 -0.832386 1.341463
v -3.048780 -0.654871 1.097561
v -3.048780 -0.569280 0.853659
v -3.048780 -0.419719 0.609756
v -3.048780 -0.375590 0.365854
v -3.048780 -0.380203 0.121951
v -3.048780 -0.275324 -0.121951
v -3.048780 -0.206171 -0.365854
v -3.048780 -0.179654 -0.609756
v -3.048780 -0.030045 -0.853659
v -3.048780 0.215770 -1.097561
v -3.048780 0.462849 -1.341463
v -3.048780 0.546714 -1.585366
v -3.048780 0.560978 -1.829268
v -3.048780 0.531912 -2.073171
v -3.048780 0.456962 -2.317073
v -3.048780 0.433673 -2.560976
v -3.048780 0.417671 -2.804878
v -3.048780 0.424034 -3.048780
v -3.048780 0.391271 -3.292683
v -3.048780 0.359255 -3.536585
v -3.048780 0.322948 -3.780488
v -3.048780 0.253254 -4.024390
v -3.048780 0.124231 -4.268293
v -3.048780 0.043197 -4.512195
v -3.048780 0.001729 -4.756097
v -3.048780 0.000000 -5.000000
v -2.804878 0.000000 5.000000
v -2.804878 -0.011535 4.756097
v -2.804878 -0.104028 4.512195
v -2.804878 -0.254585 4.268293
v -2.804878 -0.429456 4.024390
v -2.804878 -0.600780 3.780488
v -2.804878 -0.744431 3.536585
v -2.804878 -0.965152 3.292683
v -2.804878 -1.090236 3.048780
v -2.804878 -1.099012 2.804878
v -2.804878 -1.009196 2.560976
v -2.804878 -0.835822 2.317073
v -2.804878 -0.940321 2.073171
v -2.804878 -0.920983 1.829268
v -2.804878 -0.881891 1.585366
v -2.804878 -0.663931 1.341463
v -2.804878 -0.468123 1.097561
v -2.804878 -0.323117 0.853659
v -2.804878 -0.217863 0.609756
v -2.804878 -0.123800 0.365854
v -2.804878 -0.128431 0.121951
v -2.804878 -0.196397 -0.121951
v -2.804878 -0.171061 -0.365854
v -2.804878 -0.038958 -0.609756
v -2.804878 0.103933 -0.853659
v -2.804878 0.283049 -1.097561
v -2.804878 0.473529 -1.341463
v -2.804878 0.637320 -1.585366
v -2.804878 0.617116 -1.829268
v -2.804878 0.621367 -2.073171
v -2.804878 0.477783 -2.317073
v -2.804878 0.503889 -2.560976
v -2.804878 0.529797 -2.804878
v -2.804878 0.520488 -3.048780
v -2.804878 0.468940 -3.292683
v -2.804878 0.389606 -3.536585
v -2.804878 0.327855 -3.780488
v -2.804878 0.258804 -4.024390
v -2.804878 0.153815 -4.268293
v -2.804878 0.053415 -4.512195
v -2.804878 0.005472 -4.756097
v -2.804878 0.000000 -5.000000
v -2.560976 0.000000 5.000000
v -2.560976 -0.022273 4.756097
v -2.560976 -0.120114 4.512195
v -2.560976 -0.283562 4.268293
v -2.560976 -0.484284 4.024390
v -2.560976 -0.671544 3.780488
v -2.560976 -0.809837 3.536585
v -2.560976 -0.970894 3.292683
v -2.560976 -1.057731 3.048780
v -2.560976 -1.049593 2.804878
v -2.560976 -1.060601 2.560976
v -2.560976 -0.881853 2.317073
v -2.560976 -0.886960 2.073171
v -2.560976 -0.890700 1.829268
v -2.560976 -0.760202 1.585366
v -2.560976 -0.476659 1.341463
v -2.560976 -0.226863 1.097561
v -2.560976 -0.034568 0.853659
v -2.560976 -0.053402 0.609756
v -2.560976 0.092636 0.365854
v -2.560976 0.131953 0.121951
v -2.560976 -0.017970 -0.121951
v -2.560976 -0.054858 -0.365854
v -2.560976 0.118359 -0.609756
v -2.560976 0.328224 -0.853659
v -2.560976 0.317567 -1.097561
v -2.560976 0.535764 -1.341463
v -2.560976 0.801312 -1.585366
v -2.560976 0.756506 -1.829268
v -2.560976 0.646844 -2.073171
v -2.560976 0.603122 -2.317073
v -2.560976 0.753731 -2.560976
v -2.560976 0.676188 -2.804878
v -2.560976 0.642050 -3.048780
v -2.560976 0.566074 -3.292683
v -2.560976 0.461516 -3.536585
v -2.560976 0.444809 -3.780488
v -2.560976 0.325256 -4.024390
v -2.560976 0.179912 -4.268293
v -2.560976 0.075756 -4.512195
v -2.560976 0.012775 -4.756097
v -2.560976 0.000000 -5.000000
v -2.317073 0.000000 5.000000
v -2.317073 -0.030924 4.756097
v -2.317073 -0.135274 4.512195
v -2.317073 -0.304674 4.268293
v -2.317073 -0.520957 4.024390
v -2.317073 -0.730482 3.780488
v -2.317073 -0.873985 3.536585
v -2.317073 -1.024351 3.292683
v -2.317073 -1.085175 3.048780
v -2.317073 -1.076294 2.804878
v -2.317073 -1.039191 2.560976
v -2.317073 -0.933644 2.317073
v -2.317073 -0.809574 2.073171
v -2.317073 -0.642287 1.829268
v -2.317073 -0.555215 1.585366
v -2.317073 -0.343487 1.341463
v -2.317073 -0.165416 1.097561
v -2.317073 0.071875 0.853659
v -2.317073 0.141744 0.609756
v -2.317073 0.292976 0.365854
v -2.317073 0.285805 0.121951
v -2.317073 0.162768 -0.121951
v -2.317073 0.123348 -0.365854
v -2.317073 0.343161 -0.609756
v -2.317073 0.573554 -0.853659
v -2.317073 0.527669 -1.097561
v -2.317073 0.587655 -1.341463
v -2.317073 0.769708 -1.585366
v -2.317073 0.792435 -1.829268
v -2.317073 0.712634 -2.073171
v -2.317073 0.802882 -2.317073
v -2.317073 0.885144 -2.560976
v -2.317073 0.928482 -2.804878
v -2.317073 0.793379 -3.048780
v -2.317073 0.691306 -3.292683
v -2.317073 0.592739 -3.536585
v -2.317073 0.505329 -3.780488
v -2.317073 0.415870 -4.024390
v -2.317073 0.226921 -4.268293
v -2.317073 0.103467 -4.512195
v -2.317073 0.021863 -4.756097
v -2.317073 0.000000 -5.000000
v -2.073171 0.000000 5.000000
v -2.073171 -0.034561 4.756097
v -2.073171 -0.129543 4.512195
v -2.073171 -0.280652 4.268293
v -2.073171 -0.515343 4.024390
v -2.073171 -0.747660 3.780488
v -2.073171 -0.956278 3.536585
v -2.073171 -1.085356 3.292683
v -2.073171 -1.053729 3.048780
v -2.073171 -1.062752 2.804878
v -2.073171 -0.945786 2.560976
v -2.073171 -0.967160 2.317073
v -2.073171 -0.832474 2.073171
v -2.073171 -0.541229 1.829268
v -2.073171 -0.334955 1.585366
v -2.073171 -0.286881 1.341463
v -2.073171 -0.150376 1.097561
v -2.073171 0.029615 0.853659
v -2.073171 0.297056 0.609756
v -2.073171 0.417043 0.365854
v -2.073171 0.532775 0.121951
v -2.073171 0.314535 -0.121951
v -2.073171 0.431144 -0.365854
v -2.073171 0.826397 -0.609756
v -2.073171 0.889565 -0.853659
v -2.073171 0.755857 -1.097561
v -2.073171 0.704541 -1.341463
v -2.073171 0.656272 -1.585366
v -2.073171 0.666250 -1.829268
v -2.073171 0.815528 -2.073171
v -2.073171 0.917496 -2.317073
v -2.073171 1.072775 -2.560976
v -2.073171 1.046159 -2.804878
v -2.073171 0.914832 -3.048780
v -2.073171 0.719258 -3.292683
v -2.073171 0.627017 -3.536585
v -2.073171 0.618083 -3.780488
v -2.073171 0.458744 -4.024390
v -2.073171 0.288333 -4.268293
v -2.073171 0.132192 -4.512195
v -2.073171 0.031366 -4.756097
v -2.073171 0.000000 -5.000000
v -1.829268 0.000000 5.000000
v -1.829268 -0.032878 4.756097
v -1.829268 -0.105903 4.512195
v -1.829268 -0.251618 4.268293
v -1.829268 -0.450572 4.024390
v -1.829268 -0.683128 3.780488
v -1.829268 -0.906228 3.536585
v -1.829268 -1.023037 3.292683
v -1.829268 -0.970737 3.048780
v -1.829268 -1.032362 2.804878
v -1.829268 -0.885874 2.560976
v -1.829268 -0.931572 2.317073
v -1.829268 -0.733589 2.073171
v -1.829268 -0.404401 1.829268
v -1.829268 -0.083805 1.585366
v -1.829268 0.066918 1.341463
v -1.829268 0.081584 1.097561
v -1.829268 0.253774 0.853659
v -1.829268 0.512292 0.609756
v -1.829268 0.654055 0.365854
v -1.829268 0.640584 0.121951
v -1.829268 0.715681 -0.121951
v -1.829268 0.746297 -0.365854
v -1.829268 1.009741 -0.609756
v -1.829268 0.884747 -0.853659
v -1.829268 0.821666 -1.097561
v -1.829268 0.787153 -1.341463
v -1.829268 0.661416 -1.585366
v -1.829268 0.791867 -1.829268
v -1.829268 0.801079 -2.073171
v -1.829268 0.930283 -2.317073
v -1.829268 1.091442 -2.560976
v -1.829268 1.124160 -2.804878
v -1.829268 0.913341 -3.048780
v -1.829268 0.643487 -3.292683
v -1.829268 0.570477 -3.536585
v -1.829268 0.604528 -3.780488
v -1.829268 0.488219 -4.024390
v -1.829268 0.285215 -4.268293
v -1.829268 0.137101 -4.512195
v -1.829268 0.036474 -4.756097
v -1.829268 0.000000 -5.000000
v -1.585366 0.000000 5.000000
v -1.585366 -0.027780 4.756097
v -1.585366 -0.105457 4.512195
v -1.585366 -0.230016 4.268293
v -1.585366 -0.405914 4.024390
v -1.585366 -0.577552 3.780488
v -1.585366 -0.786586 3.536585
v -1.585366 -0.872686 3.292683
v -1.585366 -0.895532 3.048780
v -1.585366 -0.885945 2.804878
v -1.585366 -0.893994 2.560976
v -1.585366 -0.744211 2.317073
v -1.585366 -0.559722 2.073171
v -1.585366 -0.259358 1.829268
v -1.585366 0.099947 1.585366
v -1.585366 0.365925 1.341463
v -1.585366 0.352403 1.097561
v -1.585366 0.360786 0.853659
v -1.585366 0.511355 0.609756
v -1.585366 0.700242 0.365854
v -1.585366 1.033013 0.121951
v -1.585366 1.112185 -0.121951
v -1.585366 1.078111 -0.365854
v -1.585366 1.127434 -0.609756
v -1.585366 1.042169 -0.853659
v -1.585366 0.898264 -1.097561
v -1.585366 0.825629 -1.341463
v -1.585366 0.697219 -1.585366
v -1.585366 0.748219 -1.829268
v -1.585366 0.790545 -2.073171
v -1.585366 0.923996 -2.317073
v -1.585366 0.863053 -2.560976
v -1.585366 0.920067 -2.804878
v -1.585366 0.749392 -3.048780
v -1.585366 0.533936 -3.292683
v -1.585366 0.527615 -3.536585
v -1.585366 0.553056 -3.780488
v -1.585366 0.480076 -4.024390
v -1.585366 0.284809 -4.268293
v -1.585366 0.133987 -4.512195
v -1.585366 0.037479 -4.756097
v -1.585366 0.000000 -5.000000
v -1.341463 0.000000 5.000000
v -1.341463 -0.025229 4.756097
v -1.341463 -0.101568 4.512195
v -1.341463 -0.208147 4.268293
v -1.341463 -0.352584 4.024390
v -1.341463 -0.495550 3.780488
v -1.341463 -0.626820 3.536585
v -1.341463 -0.741561 3.292683
v -1.341463 -0.801198 3.048780
v -1.341463 -0.877662 2.804878
v -1.341463 -0.878020 2.560976
v -1.341463 -0.577793 2.317073
v -1.341463 -0.426231 2.073171
v -1.341463 -0.183213 1.829268
v -1.341463 0.160274 1.585366
v -1.341463 0.413417 1.341463
v -1.341463 0.571712 1.097561
v -1.341463 0.642413 0.853659
v -1.341463 0.711638 0.609756
v -1.341463 0.881773 0.365854
v -1.341463 1.070686 0.121951
v -1.341463 1.293977 -0.121951
v -1.341463 1.399813 -0.365854
v -1.341463 1.254918 -0.609756
v -1.341463 1.070712 -0.853659
v -1.341463 0.774461 -1.097561
v -1.341463 0.627306 -1.341463
v -1.341463 0.575204 -1.585366
v -1.341463 0.540638 -1.829268
v -1.341463 0.516962 -2.073171
v -1.341463 0.531885 -2.317073
v -1.341463 0.671368 -2.560976
v -1.341463 0.642170 -2.804878
v -1.341463 0.551941 -3.048780
v -1.341463 0.503322 -3.292683
v -1.341463 0.534348 -3.536585
v -1.341463 0.569180 -3.780488
v -1.341463 0.484971 -4.024390
v -1.341463 0.287926 -4.268293
v -1.341463 0.139605 -4.512195
v -1.341463 0.038182 -4.756097
v -1.341463 0.000000 -5.000000
v -1.097561 0.000000 5.000000
v -1.097561 -0.025412 4.756097
v -1.097561 -0.089611 4.512195
v -1.097561 -0.180824 4.268293
v -1.097561 -0.302380 4.024390
v -1.097561 -0.429489 3.780488
v -1.097561 -0.559257 3.536585
v -1.097561 -0.641312 3.292683
v -1.097561 -0.769943 3.048780
v -1.097561 -0.918040 2.804878
v -1.097561 -0.703163 2.560976
v -1.097561 -0.349025 2.317073
v -1.097561 -0.240431 2.073171
v -1.097561 -0.158381 1.829268
v -1.097561 0.322583 1.585366
v -1.097561 0.471434 1.341463
v -1.097561 0.626907 1.097561
v -1.097561 0.873027 0.853659
v -1.097561 0.891364 0.609756
v -1.097561 1.111641 0.365854
v -1.097561 1.304821 0.121951
v -1.097561 1.382180 -0.121951
v -1.097561 1.424200 -0.365854
v -1.097561 1.049368 -0.609756
v -1.097561 0.833944 -0.853659
v -1.097561 0.587324 -1.097561
v -1.097561 0.487004 -1.341463
v -1.097561 0.529743 -1.585366
v -1.097561 0.342605 -1.829268
v -1.097561 0.322432 -2.073171
v -1.097561 0.398561 -2.317073
v -1.097561 0.494797 -2.560976
v -1.097561 0.560923 -2.804878
v -1.097561 0.510439 -3.048780
v -1.097561 0.462561 -3.292683
v -1.097561 0.497459 -3.536585
v -1.097561 0.527541 -3.780488
v -1.097561 0.462680 -4.024390
v -1.097561 0.309456 -4.268293
v -1.097561 0.146387 -4.512195
v -1.097561 0.043686 -4.756097
v -1.097561 0.000000 -5.000000
v -0.853659 0.000000 5.000000
v -0.853659 -0.021171 4.756097
v -0.853659 -0.060602 4.512195
v -0.853659 -0.129278 4.268293
v -0.853659 -0.248885 4.024390
v -0.853659 -0.357890 3.780488
v -0.853659 -0.407897 3.536585
v -0.853659 -0.495969 3.292683
v -0.853659 -0.654017 3.048780
v -0.853659 -0.618221 2.804878
v -0.853659 -0.473364 2.560976
v -0.853659 -0.241180 2.317073
v -0.853659 -0.035886 2.073171
v -0.853659 0.032943 1.829268
v -0.853659 0.200266 1.585366
v -0.853659 0.386424 1.341463
v -0.853659 0.635302 1.097561
v -0.853659 0.776496 0.853659
v -0.853659 1.086240 0.609756
v -0.853659 1.046477 0.365854
v -0.853659 1.311517 0.121951
v -0.853659 1.264186 -0.121951
v -0.853659 1.205173 -0.365854
v -0.853659 0.930244 -0.609756
v -0.853659 0.779479 -0.853659
v -0.853659 0.565423 -1.097561
v -0.853659 0.396943 -1.341463
v -0.853659 0.254824 -1.585366
v -0.853659 0.324322 -1.829268
v -0.853659 0.176424 -2.073171
v -0.853659 0.293240 -2.317073
v -0.853659 0.338115 -2.560976
v -0.853659 0.430650 -2.804878
v -0.853659 0.482644 -3.048780
v -0.853659 0.381881 -3.292683
v -0.853659 0.481855 -3.536585
v -0.853659 0.485666 -3.780488
v -0.853659 0.420296 -4.024390
v -0.853659 0.308508 -4.268293
v -0.853659 0.157139 -4.512195
v -0.853659 0.043746 -4.756097
v -0.853659 0.000000 -5.000000
v -0.609756 0.000000 5.000000
v -0.609756 -0.012213 4.756097
v -0.609756 -0.034586 4.512195
v -0.609756 -0.065060 4.268293
v -0.609756 -0.095864 4.024390
v -0.609756 -0.143375 3.780488
v -0.609756 -0.170191 3.536585
v -0.609756 -0.281259 3.292683
v -0.609756 -0.337703 3.048780
v -0.609756 -0.299108 2.804878
v -0.609756 -0.140082 2.560976
v -0.609756 0.133928 2.317073
v -0.609756 0.304489 2.073171
v -0.609756 0.324158 1.829268
v -0.609756 0.417782 1.585366
v -0.609756 0.527146 1.341463
v -0.609756 0.772219 1.097561
v -0.609756 0.920091 0.853659
v -0.609756 0.871128 0.609756
v -0.609756 0.973030 0.365854
v -0.609756 1.207228 0.121951
v -0.609756 1.137113 -0.121951
v -0.609756 0.918296 -0.365854
v -0.609756 0.764051 -0.609756
v -0.609756 0.714391 -0.853659
v -0.609756 0.502565 -1.097561
v -0.609756 0.149811 -1.341463
v -0.609756 0.133453 -1.585366
v -0.609756 0.047201 -1.829268
v -0.609756 0.045467 -2.073171
v -0.609756 0.110658 -2.317073
v -0.609756 0.197741 -2.560976
v -0.609756 0.352319 -2.804878
v -0.609756 0.528603 -3.048780
v -0.609756 0.412293 -3.292683
v -0.609756 0.431929 -3.536585
v -0.609756 0.423491 -3.780488
v -0.609756 0.369868 -4.024390
v -0.609756 0.262157 -4.268293
v -0.609756 0.141138 -4.512195
v -0.609756 0.043652 -4.756097
v -0.609756 0.000000 -5.000000
v -0.365854 0.000000 5.000000
v -0.365854 -0.005580 4.756097
v -0.365854 -0.010494 4.512195
v -0.365854 -0.036216 4.268293
v -0.365854 -0.010826 4.024390
v -0.365854 0.032158 3.780488
v -0.365854 0.020566 3.536585
v -0.365854 -0.110501 3.292683
v -0.365854 -0.115787 3.048780
v -0.365854 0.009874 2.804878
v -0.365854 0.312104 2.560976
v -0.365854 0.477659 2.317073
v -0.365854 0.544055 2.073171
v -0.365854 0.586821 1.829268
v -0.365854 0.717023 1.585366
v -0.365854 0.663633 1.341463
v -0.365854 0.855424 1.097561
v -0.365854 0.821820 0.853659
v -0.365854 0.830889 0.609756
v -0.365854 1.004449 0.365854
v -0.365854 1.131396 0.121951
v -0.365854 1.001292 -0.121951
v -0.365854 0.811905 -0.365854
v -0.365854 0.684436 -0.609756
v -0.365854 0.625991 -0.853659
v -0.365854 0.396775 -1.097561
v -0.365854 0.114755 -1.341463
v -0.365854 -0.028535 -1.585366
v -0.365854 -0.009050 -1.829268
v -0.365854 -0.031771 -2.073171
v -0.365854 -0.165579 -2.317073
v -0.365854 -0.102799 -2.560976
v -0.365854 0.155302 -2.804878
v -0.365854 0.455690 -3.048780
v -0.365854 0.466275 -3.292683
v -0.365854 0.421350 -3.536585
v -0.365854 0.355396 -3.780488
v -0.365854 0.300749 -4.024390
v -0.365854 0.212527 -4.268293
v -0.365854 0.123240 -4.512195
v -0.365854 0.042312 -4.756097
v -0.365854 0.000000 -5.000000
v -0.121951 0.000000 5.000000
v -0.121951 -0.006881 4.756097
v -0.121951 -0.016248 4.512195
v -0.121951 -0.008317 4.268293
v -0.121951 0.054592 4.024390
v -0.121951 0.115407 3.780488
v -0.121951 0.123770 3.536585
v -0.121951 0.111819 3.292683
v -0.121951 0.206557 3.048780
v -0.121951 0.314872 2.804878
v -0.121951 0.563298 2.560976
v -0.121951 0.651814 2.317073
v -0.121951 0.686364 2.073171
v -0.121951 0.773189 1.829268
v -0.121951 0.807046 1.585366
v -0.121951 0.769176 1.341463
v -0.121951 0.756223 1.097561
v -0.121951 0.774204 0.853659
v -0.121951 0.778234 0.609756
v -0.121951 1.053172 0.365854
v -0.121951 1.037840 0.121951
v -0.121951 0.926083 -0.121951
v -0.121951 0.791926 -0.365854
v -0.121951 0.597605 -0.609756
v -0.121951 0.488292 -0.853659
v -0.121951 0.129383 -1.097561
v -0.121951 -0.067954 -1.341463
v -0.121951 -0.059573 -1.585366
v -0.121951 -0.096954 -1.829268
v -0.121951 -0.298823 -2.073171
v -0.121951 -0.345201 -2.317073
v -0.121951 -0.247739 -2.560976
v -0.121951 0.072059 -2.804878
v -0.121951 0.243730 -3.048780
v -0.121951 0.373949 -3.292683
v -0.121951 0.362878 -3.536585
v -0.121951 0.322925 -3.780488
v -0.121951 0.273923 -4.024390
v -0.121951 0.160200 -4.268293
v -0.121951 0.097182 -4.512195
v -0.121951 0.034234 -4.756097
v -0.121951 0.000000 -5.000000
v 0.121951 0.000000 5.000000
v 0.121951 -0.006272 4.756097
v 0.121951 -0.015475 4.512195
v 0.121951 0.004381 4.268293
v 0.121951 0.074264 4.024390
v 0.121951 0.133521 3.780488
v 0.121951 0.160505 3.536585
v 0.121951 0.239491 3.292683
v 0.121951 0.407008 3.048780
v 0.121951 0.456991 2.804878
v 0.121951 0.628193 2.560976
v 0.121951 0.792510 2.317073
v 0.121951 0.834239 2.073171
v 0.121951 0.868347 1.829268
v 0.121951 0.740089 1.585366
v 0.121951 0.671743 1.341463
v 0.121951 0.641738 1.097561
v 0.121951 0.478075 0.853659
v 0.121951 0.654024 0.609756
v 0.121951 0.787146 0.365854
v 0.121951 0.840551 0.121951
v 0.121951 0.736269 -0.121951
v 0.121951 0.510520 -0.365854
v 0.121951 0.318644 -0.609756
v 0.121951 0.181408 -0.853659
v 0.121951 -0.070774 -1.097561
v 0.121951 -0.117561 -1.341463
v 0.121951 -0.178211 -1.585366
v 0.121951 -0.269231 -1.829268
v 0.121951 -0.413566 -2.073171
v 0.121951 -0.361847 -2.317073
v 0.121951 -0.289656 -2.560976
v 0.121951 -0.084029 -2.804878
v 0.121951 0.111283 -3.048780
v 0.121951 0.169779 -3.292683
v 0.121951 0.251077 -3.536585
v 0.121951 0.201620 -3.780488
v 0.121951 0.212965 -4.024390
v 0.121951 0.140787 -4.268293
v 0.121951 0.094058 -4.512195
v 0.121951 0.030776 -4.756097
v 0.121951 0.000000 -5.000000
v 0.365854 0.000000 5.000000
v 0.365854 -0.001605 4.756097
v 0.365854 -0.013649 4.512195
v 0.365854 -0.004520 4.268293
v 0.365854 0.095489 4.024390
v 0.365854 0.190042 3.780488
v 0.365854 0.199214 3.536585
v 0.365854 0.264390 3.292683
v 0.365854 0.456142 3.048780
v 0.365854 0.649144 2.804878
v 0.365854 0.719265 2.560976
v 0.365854 0.813859 2.317073
v 0.365854 1.011083 2.073171
v 0.365854 0.910473 1.829268
v 0.365854 0.969442 1.585366
v 0.365854 0.714553 1.341463
v 0.365854 0.644018 1.097561
v 0.365854 0.674398 0.853659
v 0.365854 0.754314 0.609756
v 0.365854 0.847902 0.365854
v 0.365854 0.685502 0.121951
v 0.365854 0.448599 -0.121951
v 0.365854 0.245261 -0.365854
v 0.365854 0.001239 -0.609756
v 0.365854 -0.158220 -0.853659
v 0.365854 -0.258185 -1.097561
v 0.365854 -0.342734 -1.341463
v 0.365854 -0.371174 -1.585366
v 0.365854 -0.667166 -1.829268
v 0.365854 -0.850599 -2.073171
v 0.365854 -0.653840 -2.317073
v 0.365854 -0.451785 -2.560976
v 0.365854 -0.202498 -2.804878
v 0.365854 -0.087434 -3.048780
v 0.365854 0.051339 -3.292683
v 0.365854 0.105836 -3.536585
v 0.365854 0.110572 -3.780488
v 0.365854 0.110808 -4.024390
v 0.365854 0.113622 -4.268293
v 0.365854 0.077150 -4.512195
v 0.365854 0.026763 -4.756097
v 0.365854 0.000000 -5.000000
v 0.609756 0.000000 5.000000
v 0.609756 -0.003770 4.756097
v 0.609756 -0.014926 4.512195
v 0.609756 0.023015 4.268293
v 0.609756 0.089870 4.024390
v 0.609756 0.159795 3.780488
v 0.609756 0.178743 3.536585
v 0.609756 0.265073 3.292683
v 0.609756 0.445000 3.048780
v 0.609756 0.854359 2.804878
v 0.609756 1.045895 2.560976
v 0.609756 1.170045 2.317073
v 0.609756 1.193065 2.073171
v 0.609756 1.265999 1.829268
v 0.609756 1.140021 1.585366
v 0.609756 0.991244 1.341463
v 0.609756 0.843869 1.097561
v 0.609756 0.780061 0.853659
v 0.609756 0.974616 0.609756
v 0.609756 0.898069 0.365854
v 0.609756 0.554087 0.121951
v 0.609756 0.449822 -0.121951
v 0.609756 0.170093 -0.365854
v 0.609756 -0.139077 -0.609756
v 0.609756 -0.354094 -0.853659
v 0.609756 -0.419379 -1.097561
v 0.609756 -0.552423 -1.341463
v 0.609756 -0.616928 -1.585366
v 0.609756 -0.883102 -1.829268
v 0.609756 -0.989304 -2.073171
v 0.609756 -0.776865 -2.317073
v 0.609756 -0.516160 -2.560976
v 0.609756 -0.406017 -2.804878
v 0.609756 -0.253192 -3.048780
v 0.609756 -0.025777 -3.292683
v 0.609756 -0.004954 -3.536585
v 0.609756 0.042408 -3.780488
v 0.609756 0.051188 -4.024390
v 0.609756 0.055069 -4.268293
v 0.609756 0.043907 -4.512195
v 0.609756 0.021924 -4.756097
v 0.609756 0.000000 -5.000000
v 0.853659 0.000000 5.000000
v 0.853659 -0.002589 4.756097
v 0.853659 -0.007200 4.512195
v 0.853659 0.027874 4.268293
v 0.853659 0.064367 4.024390
v 0.853659 0.142571 3.780488
v 0.853659 0.183659 3.536585
v 0.853659 0.332087 3.292683
v 0.853659 0.585896 3.048780
v 0.853659 0.889162 2.804878
v 0.853659 1.141879 2.560976
v 0.853659 1.300210 2.317073
v 0.853659 1.421405 2.073171
v 0.853659 1.512789 1.829268
v 0.853659 1.389930 1.585366
v 0.853659 1.280865 1.341463
v 0.853659 1.042365 1.097561
v 0.853659 0.795560 0.853659
v 0.853659 0.703410 0.609756
v 0.853659 0.682832 0.365854
v 0.853659 0.630433 0.121951
v 0.853659 0.470990 -0.121951
v 0.853659 0.010336 -0.365854
v 0.853659 -0.330476 -0.609756
v 0.853659 -0.523704 -0.853659
v 0.853659 -0.802482 -1.097561
v 0.853659 -0.893139 -1.341463
v 0.853659 -0.938881 -1.585366
v 0.853659 -0.951049 -1.829268
v 0.853659 -0.991139 -2.073171
v 0.853659 -0.912569 -2.317073
v 0.853659 -0.703374 -2.560976
v 0.853659 -0.475823 -2.804878
v 0.853659 -0.270374 -3.048780
v 0.853659 -0.137000 -3.292683
v 0.853659 -0.082834 -3.536585
v 0.853659 -0.074560 -3.780488
v 0.853659 -0.002562 -4.024390
v 0.853659 0.020320 -4.268293
v 0.853659 0.029910 -4.512195
v 0.853659 0.012841 -4.756097
v 0.853659 0.000000 -5.000000
v 1.097561 0.000000 5.000000
v 1.097561 0.000110 4.756097
v 1.097561 0.003666 4.512195
v 1.097561 0.033702 4.268293
v 1.097561 0.077143 4.024390
v 1.097561 0.176618 3.780488
v 1.097561 0.212751 3.536585
v 1.097561 0.427612 3.292683
v 1.097561 0.646925 3.048780
v 1.097561 0.865069 2.804878
v 1.097561 1.085717 2.560976
v 1.097561 1.427290 2.317073
v 1.097561 1.546432 2.073171
v 1.097561 1.600580 1.829268
v 1.097561 1.428649 1.585366
v 1.097561 1.255985 1.341463
v 1.097561 1.067067 1.097561
v 1.097561 0.823965 0.853659
v 1.097561 0.617401 0.609756
v 1.097561 0.483185 0.365854
v 1.097561 0.545196 0.121951
v 1.097561 0.292422 -0.121951
v 1.097561 -0.080246 -0.365854
v 1.097561 -0.588946 -0.609756
v 1.097561 -0.661165 -0.853659
v 1.097561 -0.971038 -1.097561
v 1.097561 -1.014431 -1.341463
v 1.097561 -1.134187 -1.585366
v 1.097561 -1.194532 -1.829268
v 1.097561 -1.116988 -2.073171
v 1.097561 -1.044192 -2.317073
v 1.097561 -0.754086 -2.560976
v 1.097561 -0.500984 -2.804878
v 1.097561 -0.304898 -3.048780
v 1.097561 -0.258513 -3.292683
v 1.097561 -0.198043 -3.536585
v 1.097561 -0.121218 -3.780488
v 1.097561 -0.040446 -4.024390
v 1.097561 -0.009652 -4.268293
v 1.097561 0.001795 -4.512195
v 1.097561 0.001752 -4.756097
v 1.097561 0.000000 -5.000000
v 1.341463 0.000000 5.000000
v 1.341463 0.000915 4.756097
v 1.341463 0.004469 4.512195
v 1.341463 0.028364 4.268293
v 1.341463 0.075968 4.024390
v 1.341463 0.106150 3.780488
v 1.341463 0.277694 3.536585
v 1.341463 0.447248 3.292683
v 1.341463 0.639596 3.048780
v 1.341463 0.748781 2.804878
v 1.341463 1.048213 2.560976
v 1.341463 1.405077 2.317073
v 1.341463 1.582931 2.073171
v 1.341463 1.515463 1.829268
v 1.341463 1.471298 1.585366
v 1.341463 1.229775 1.341463
v 1.341463 1.010125 1.097561
v 1.341463 0.795455 0.853659
v 1.341463 0.564124 0.609756
v 1.341463 0.434640 0.365854
v 1.341463 0.134935 0.121951
v 1.341463 0.033457 -0.121951
v 1.341463 -0.204505 -0.365854
v 1.341463 -0.576979 -0.609756
v 1.341463 -0.893468 -0.853659
v 1.341463 -0.988628 -1.097561
v 1.341463 -0.999183 -1.341463
v 1.341463 -1.119872 -1.585366
v 1.341463 -1.299699 -1.829268
v 1.341463 -1.430200 -2.073171
v 1.341463 -1.314165 -2.317073
v 1.341463 -1.115132 -2.560976
v 1.341463 -0.829603 -2.804878
v 1.341463 -0.572570 -3.048780
v 1.341463 -0.514284 -3.292683
v 1.341463 -0.395737 -3.536585
v 1.341463 -0.251051 -3.780488
v 1.341463 -0.134176 -4.024390
v 1.341463 -0.070968 -4.268293
v 1.341463 -0.028391 -4.512195
v 1.341463 -0.007109 -4.756097
v 1.341463 0.000000 -5.000000
v 1.585366 0.000000 5.000000
v 1.585366 0.003313 4.756097
v 1.585366 0.014353 4.512195
v 1.585366 0.010740 4.268293
v 1.585366 0.014347 4.024390
v 1.585366 0.111324 3.780488
v 1.585366 0.252292 3.536585
v 1.585366 0.411691 3.292683
v 1.585366 0.499234 3.048780
v 1.585366 0.681044 2.804878
v 1.585366 0.958163 2.560976
v 1.585366 1.199069 2.317073
v 1.585366 1.312281 2.073171
v 1.585366 1.262767 1.829268
v 1.585366 1.230734 1.585366
v 1.585366 1.213750 1.341463
v 1.585366 1.032580 1.097561
v 1.585366 0.836167 0.853659
v 1.585366 0.420589 0.609756
v 1.585366 0.120758 0.365854
v 1.585366 -0.090551 0.121951
v 1.585366 -0.264146 -0.121951
v 1.585366 -0.423180 -0.365854
v 1.585366 -0.631094 -0.609756
v 1.585366 -0.906201 -0.853659
v 1.585366 -1.012979 -1.097561
v 1.585366 -0.911222 -1.341463
v 1.585366 -1.152911 -1.585366
v 1.585366 -1.343218 -1.829268
v 1.585366 -1.504677 -2.073171
v 1.585366 -1.529913 -2.317073
v 1.585366 -1.375110 -2.560976
v 1.585366 -1.170913 -2.804878
v 1.585366 -0.970594 -3.048780
v 1.585366 -0.827497 -3.292683
v 1.585366 -0.586097 -3.536585
v 1.585366 -0.431823 -3.780488
v 1.585366 -0.285073 -4.024390
v 1.585366 -0.158899 -4.268293
v 1.585366 -0.072404 -4.512195
v 1.585366 -0.017103 -4.756097
v 1.585366 0.000000 -5.000000
v 1.829268 0.000000 5.000000
v 1.829268 0.005277 4.756097
v 1.829268 0.018247 4.512195
v 1.829268 0.021393 4.268293
v 1.829268 -0.015559 4.024390
v 1.829268 0.050711 3.780488
v 1.829268 0.202014 3.536585
v 1.829268 0.370081 3.292683
v 1.829268 0.469950 3.048780
v 1.829268 0.654671 2.804878
v 1.829268 0.876327 2.560976
v 1.829268 1.031934 2.317073
v 1.829268 1.036110 2.073171
v 1.829268 1.199604 1.829268
v 1.829268 1.113297 1.585366
v 1.829268 1.029231 1.341463
v 1.829268 0.842038 1.097561
v 1.829268 0.514128 0.853659
v 1.829268 0.198023 0.609756
v 1.829268 -0.036750 0.365854
v 1.829268 -0.011408 0.121951
v 1.829268 -0.302774 -0.121951
v 1.829268 -0.723860 -0.365854
v 1.829268 -0.895018 -0.609756
v 1.829268 -1.122444 -0.853659
v 1.829268 -1.137587 -1.097561
v 1.829268 -1.053726 -1.341463
v 1.829268 -1.160503 -1.585366
v 1.829268 -1.428479 -1.829268
v 1.829268 -1.640152 -2.073171
v 1.829268 -1.536911 -2.317073
v 1.829268 -1.488713 -2.560976
v 1.829268 -1.351346 -2.804878
v 1.829268 -1.203178 -3.048780
v 1.829268 -1.005547 -3.292683
v 1.829268 -0.845083 -3.536585
v 1.829268 -0.633829 -3.780488
v 1.829268 -0.433390 -4.024390
v 1.829268 -0.251351 -4.268293
v 1.829268 -0.118905 -4.512195
v 1.829268 -0.025033 -4.756097
v 1.829268 0.000000 -5.000000
v 2.073171 0.000000 5.000000
v 2.073171 0.008565 4.756097
v 2.073171 0.031846 4.512195
v 2.073171 0.034093 4.268293
v 2.073171 0.051099 4.024390
v 2.073171 0.079767 3.780488
v 2.073171 0.236370 3.536585
v 2.073171 0.423760 3.292683
v 2.073171 0.458135 3.048780
v 2.073171 0.629348 2.804878
v 2.073171 0.817771 2.560976
v 2.073171 1.058438 2.317073
v 2.073171 1.140649 2.073171
v 2.073171 1.276336 1.829268
v 2.073171 1.158134 1.585366
v 2.073171 0.866387 1.341463
v 2.073171 0.678455 1.097561
v 2.073171 0.558456 0.853659
v 2.073171 0.315726 0.609756
v 2.073171 0.046919 0.365854
v 2.073171 -0.146541 0.121951
v 2.073171 -0.442933 -0.121951
v 2.073171 -0.772067 -0.365854
v 2.073171 -0.948900 -0.609756
v 2.073171 -1.212971 -0.853659
v 2.073171 -1.321008 -1.097561
v 2.073171 -1.251980 -1.341463
v 2.073171 -1.312728 -1.585366
v 2.073171 -1.539615 -1.829268
v 2.073171 -1.605394 -2.073171
v 2.073171 -1.629270 -2.317073
v 2.073171 -1.655869 -2.560976
v 2.073171 -1.550419 -2.804878
v 2.073171 -1.439713 -3.048780
v 2.073171 -1.257126 -3.292683
v 2.073171 -0.988359 -3.536585
v 2.073171 -0.776804 -3.780488
v 2.073171 -0.506917 -4.024390
v 2.073171 -0.305907 -4.268293
v 2.073171 -0.137967 -4.512195
v 2.073171 -0.028703 -4.756097
v 2.073171 0.000000 -5.000000
v 2.317073 0.000000 5.000000
v 2.317073 0.013647 4.756097
v 2.317073 0.049762 4.512195
v 2.317073 0.084746 4.268293
v 2.317073 0.105163 4.024390
v 2.317073 0.148982 3.780488
v 2.317073 0.224310 3.536585
v 2.317073 0.344617 3.292683
v 2.317073 0.470194 3.048780
v 2.317073 0.627055 2.804878
v 2.317073 0.865516 2.560976
v 2.317073 0.957584 2.317073
v 2.317073 1.096905 2.073171
v 2.317073 1.141085 1.829268
v 2.317073 1.093845 1.585366
v 2.317073 0.901440 1.341463
v 2.317073 0.783276 1.097561
v 2.317073 0.746277 0.853659
v 2.317073 0.333691 0.609756
v 2.317073 0.140893 0.365854
v 2.317073 -0.201177 0.121951
v 2.317073 -0.437283 -0.121951
v 2.317073 -0.753122 -0.365854
v 2.317073 -0.995767 -0.609756
v 2.317073 -1.177679 -0.853659
v 2.317073 -1.252047 -1.097561
v 2.317073 -1.413557 -1.341463
v 2.317073 -1.535208 -1.585366
v 2.317073 -1.676351 -1.829268
v 2.317073 -1.789528 -2.073171
v 2.317073 -1.711290 -2.317073
v 2.317073 -1.773618 -2.560976
v 2.317073 -1.655414 -2.804878
v 2.317073 -1.574907 -3.048780
v 2.317073 -1.401626 -3.292683
v 2.317073 -1.136701 -3.536585
v 2.317073 -0.850359 -3.780488
v 2.317073 -0.565183 -4.024390
v 2.317073 -0.334786 -4.268293
v 2.317073 -0.150691 -4.512195
v 2.317073 -0.028134 -4.756097
v 2.317073 0.000000 -5.000000
v 2.560976 0.000000 5.000000
v 2.560976 0.013919 4.756097
v 2.560976 0.080047 4.512195
v 2.560976 0.144435 4.268293
v 2.560976 0.212227 4.024390
v 2.560976 0.248682 3.780488
v 2.560976 0.282362 3.536585
v 2.560976 0.357432 3.292683
v 2.560976 0.460743 3.048780
v 2.560976 0.622879 2.804878
v 2.560976 0.721393 2.560976
v 2.560976 0.896448 2.317073
v 2.560976 0.991049 2.073171
v 2.560976 0.947424 1.829268
v 2.560976 0.945765 1.585366
v 2.560976 0.913684 1.341463
v 2.560976 0.903646 1.097561
v 2.560976 0.754762 0.853659
v 2.560976 0.349184 0.609756
v 2.560976 -0.023005 0.365854
v 2.560976 -0.248637 0.121951
v 2.560976 -0.382466 -0.121951
v 2.560976 -0.689707 -0.365854
v 2.560976 -1.063969 -0.609756
v 2.560976 -1.224566 -0.853659
v 2.560976 -1.272826 -1.097561
v 2.560976 -1.512703 -1.341463
v 2.560976 -1.670833 -1.585366
v 2.560976 -1.610869 -1.829268
v 2.560976 -1.606970 -2.073171
v 2.560976 -1.659616 -2.317073
v 2.560976 -1.714460 -2.560976
v 2.560976 -1.644047 -2.804878
v 2.560976 -1.662784 -3.048780
v 2.560976 -1.515854 -3.292683
v 2.560976 -1.215313 -3.536585
v 2.560976 -0.922113 -3.780488
v 2.560976 -0.582311 -4.024390
v 2.560976 -0.343245 -4.268293
v 2.560976 -0.141339 -4.512195
v 2.560976 -0.022779 -4.756097
v 2.560976 0.000000 -5.000000
v 2.804878 0.000000 5.000000
v 2.804878 0.008462 4.756097
v 2.804878 0.075044 4.512195
v 2.804878 0.140511 4.268293
v 2.804878 0.230920 4.024390
v 2.804878 0.302241 3.780488
v 2.804878 0.385847 3.536585
v 2.804878 0.404632 3.292683
v 2.804878 0.436104 3.048780
v 2.804878 0.541160 2.804878
v 2.804878 0.608941 2.560976
v 2.804878 0.737850 2.317073
v 2.804878 0.774051 2.073171
v 2.804878 0.888447 1.829268
v 2.804878 0.927514 1.585366
v 2.804878 0.798084 1.341463
v 2.804878 0.769470 1.097561
v 2.804878 0.480498 0.853659
v 2.804878 0.212337 0.609756
v 2.804878 -0.094866 0.365854
v 2.804878 -0.286422 0.121951
v 2.804878 -0.370246 -0.121951
v 2.804878 -0.645405 -0.365854
v 2.804878 -0.943530 -0.609756
v 2.804878 -1.101663 -0.853659
v 2.804878 -1.311864 -1.097561
v 2.804878 -1.594783 -1.341463
v 2.804878 -1.706581 -1.585366
v 2.804878 -1.668700 -1.829268
v 2.804878 -1.605942 -2.073171
v 2.804878 -1.526224 -2.317073
v 2.804878 -1.601445 -2.560976
v 2.804878 -1.500106 -2.804878
v 2.804878 -1.524091 -3.048780
v 2.804878 -1.405155 -3.292683
v 2.804878 -1.165939 -3.536585
v 2.804878 -0.866417 -3.780488
v 2.804878 -0.538156 -4.024390
v 2.804878 -0.315887 -4.268293
v 2.804878 -0.125135 -4.512195
v 2.804878 -0.013571 -4.756097
v 2.804878 0.000000 -5.000000
v 3.048780 0.000000 5.000000
v 3.048780 0.002482 4.756097
v 3.048780 0.055587 4.512195
v 3.048780 0.134367 4.268293
v 3.048780 0.240689 4.024390
v 3.048780 0.326987 3.780488
v 3.048780 0.377315 3.536585
v 3.048780 0.440754 3.292683
v 3.048780 0.494587 3.048780
v 3.048780 0.664961 2.804878
v 3.048780 0.665106 2.560976
v 3.048780 0.653711 2.317073
v 3.048780 0.681834 2.073171
v 3.048780 0.718644 1.829268
v 3.048780 0.861245 1.585366
v 3.048780 0.774928 1.341463
v 3.048780 0.617589 1.097561
v 3.048780 0.422108 0.853659
v 3.048780 0.200302 0.609756
v 3.048780 0.007951 0.365854
v 3.048780 -0.189617 0.121951
v 3.048780 -0.346312 -0.121951
v 3.048780 -0.639002 -0.365854
v 3.048780 -0.934597 -0.609756
v 3.048780 -1.171906 -0.853659
v 3.048780 -1.419398 -1.097561
v 3.048780 -1.543363 -1.341463
v 3.048780 -1.647322 -1.585366
v 3.048780 -1.556604 -1.829268
v 3.048780 -1.522089 -2.073171
v 3.048780 -1.482809 -2.317073
v 3.048780 -1.454992 -2.560976
v 3.048780 -1.465730 -2.804878
v 3.048780 -1.406321 -3.048780
v 3.048780 -1.280049 -3.292683
v 3.048780 -1.079601 -3.536585
v 3.048780 -0.792401 -3.780488
v 3.048780 -0.509169 -4.024390
v 3.048780 -0.290333 -4.268293
v 3.048780 -0.096178 -4.512195
v 3.048780 -0.004172 -4.756097
v 3.048780 0.000000 -5.000000
v 3.292683 0.000000 5.000000
v 3.292683 0.000000 4.756097
v 3.292683 0.034150 4.512195
v 3.292683 0.113736 4.268293
v 3.292683 0.219855 4.024390
v 3.292683 0.370759 3.780488
v 3.292683 0.469809 3.536585
v 3.292683 0.545802 3.292683
v 3.292683 0.641932 3.048780
v 3.292683 0.699454 2.804878
v 3.292683 0.554286 2.560976
v 3.292683 0.457568 2.317073
v 3.292683 0.397965 2.073171
v 3.292683 0.449449 1.829268
v 3.292683 0.487390 1.585366
v 3.292683 0.485735 1.341463
v 3.292683 0.368595 1.097561
v 3.292683 0.217300 0.853659
v 3.292683 0.127542 0.609756
v 3.292683 -0.038274 0.365854
v 3.292683 -0.300141 0.121951
v 3.292683 -0.447276 -0.121951
v 3.292683 -0.717344 -0.365854
v 3.292683 -0.915753 -0.609756
v 3.292683 -1.115069 -0.853659
v 3.292683 -1.332234 -1.097561
v 3.292683 -1.443679 -1.341463
v 3.292683 -1.408053 -1.585366
v 3.292683 -1.414452 -1.829268
v 3.292683 -1.383881 -2.073171
v 3.292683 -1.340565 -2.317073
v 3.292683 -1.386512 -2.560976
v 3.292683 -1.344589 -2.804878
v 3.292683 -1.283805 -3.048780
v 3.292683 -1.151390 -3.292683
v 3.292683 -0.957208 -3.536585
v 3.292683 -0.704860 -3.780488
v 3.292683 -0.440063 -4.024390
v 3.292683 -0.217477 -4.268293
v 3.292683 -0.059841 -4.512195
v 3.292683 0.000000 -4.756097
v 3.292683 0.000000 -5.000000
v 3.536585 0.000000 5.000000
v 3.536585 0.000000 4.756097
v 3.536585 0.012965 4.512195
v 3.536585 0.086349 4.268293
v 3.536585 0.206367 4.024390
v 3.536585 0.347497 3.780488
v 3.536585 0.471174 3.536585
v 3.536585 0.528468 3.292683
v 3.536585 0.597242 3.048780
v 3.536585 0.552311 2.804878
v 3.536585 0.472297 2.560976
v 3.536585 0.431836 2.317073
v 3.536585 0.279123 2.073171
v 3.536585 0.236799 1.829268
v 3.536585 0.243345 1.585366
v 3.536585 0.322248 1.341463
v 3.536585 0.267803 1.097561
v 3.536585 0.202339 0.853659
v 3.536585 0.121604 0.609756
v 3.536585 -0.115045 0.365854
v 3.536585 -0.328580 0.121951
v 3.536585 -0.485087 -0.121951
v 3.536585 -0.628831 -0.365854
v 3.536585 -0.858698 -0.609756
v 3.536585 -0.956688 -0.853659
v 3.536585 -1.079462 -1.097561
v 3.536585 -1.163239 -1.341463
v 3.536585 -1.094427 -1.585366
v 3.536585 -1.107133 -1.829268
v 3.536585 -1.088212 -2.073171
v 3.536585 -1.121704 -2.317073
v 3.536585 -1.133754 -2.560976
v 3.536585 -1.085698 -2.804878
v 3.536585 -1.022085 -3.048780
v 3.536585 -0.924318 -3.292683
v 3.536585 -0.771527 -3.536585
v 3.536585 -0.536596 -3.780488
v 3.536585 -0.314771 -4.024390
v 3.536585 -0.134114 -4.268293
v 3.536585 -0.021067 -4.512195
v 3.536585 0.000000 -4.756097
v 3.536585 0.000000 -5.000000
v 3.780488 0.000000 5.000000
v 3.780488 0.000000 4.756097
v 3.780488 0.000187 4.512195
v 3.780488 0.041448 4.268293
v 3.780488 0.134480 4.024390
v 3.780488 0.248072 3.780488
v 3.780488 0.360263 3.536585
v 3.780488 0.455823 3.292683
v 3.780488 0.513482 3.048780
v 3.780488 0.440643 2.804878
v 3.780488 0.373306 2.560976
v 3.780488 0.384453 2.317073
v 3.780488 0.267379 2.073171
v 3.780488 0.229728 1.829268
v 3.780488 0.259945 1.585366
v 3.780488 0.312612 1.341463
v 3.780488 0.247613 1.097561
v 3.780488 0.195903 0.853659
v 3.780488 0.054460 0.609756
v 3.780488 -0.117509 0.365854
v 3.780488 -0.288358 0.121951
v 3.780488 -0.415567 -0.121951
v 3.780488 -0.537936 -0.365854
v 3.780488 -0.690551 -0.609756
v 3.780488 -0.745581 -0.853659
v 3.780488 -0.857462 -1.097561
v 3.780488 -0.924018 -1.341463
v 3.780488 -0.883800 -1.585366
v 3.780488 -0.828002 -1.829268
v 3.780488 -0.869746 -2.073171
v 3.780488 -0.894637 -2.317073
v 3.780488 -0.888693 -2.560976
v 3.780488 -0.848387 -2.804878
v 3.780488 -0.804296 -3.048780
v 3.780488 -0.701721 -3.292683
v 3.780488 -0.542188 -3.536585
v 3.780488 -0.361051 -3.780488
v 3.780488 -0.184982 -4.024390
v 3.780488 -0.058559 -4.268293
v 3.780488 -0.000292 -4.512195
v 3.780488 0.000000 -4.756097
v 3.780488 0.000000 -5.000000
v 4.024390 0.000000 5.000000
v 4.024390 0.000000 4.756097
v 4.024390 0.000000 4.512195
v 4.024390 0.005111 4.268293
v 4.024390 0.056308 4.024390
v 4.024390 0.139067 3.780488
v 4.024390 0.229111 3.536585
v 4.024390 0.313790 3.292683
v 4.024390 0.361064 3.048780
v 4.024390 0.337561 2.804878
v 4.024390 0.291835 2.560976
v 4.024390 0.283371 2.317073
v 4.024390 0.230846 2.073171
v 4.024390 0.227075 1.829268
v 4.024390 0.226793 1.585366
v 4.024390 0.209169 1.341463
v 4.024390 0.181693 1.097561
v 4.024390 0.133054 0.853659
v 4.024390 0.011928 0.609756
v 4.024390 -0.084821 0.365854
v 4.024390 -0.142149 0.121951
v 4.024390 -0.204387 -0.121951
v 4.024390 -0.352055 -0.365854
v 4.024390 -0.491758 -0.609756
v 4.024390 -0.529042 -0.853659
v 4.024390 -0.627370 -1.097561
v 4.024390 -0.698279 -1.341463
v 4.024390 -0.678436 -1.585366
v 4.024390 -0.599740 -1.829268
v 4.024390 -0.620901 -2.073171
v 4.024390 -0.660637 -2.317073
v 4.024390 -0.682687 -2.560976
v 4.024390 -0.636012 -2.804878
v 4.024390 -0.563321 -3.048780
v 4.024390 -0.458194 -3.292683
v 4.024390 -0.326999 -3.536585
v 4.024390 -0.195854 -3.780488
v 4.024390 -0.075735 -4.024390
v 4.024390 -0.007280 -4.268293
v 4.024390 0.000000 -4.512195
v 4.024390 0.000000 -4.756097
v 4.024390 0.000000 -5.000000
v 4.268293 0.000000 5.000000
v 4.268293 0.000000 4.756097
v 4.268293 0.000000 4.512195
v 4.268293 0.000000 4.268293
v 4.268293 0.005193 4.024390
v 4.268293 0.044460 3.780488
v 4.268293 0.103751 3.536585
v 4.268293 0.159166 3.292683
v 4.268293 0.186599 3.048780
v 4.268293 0.184295 2.804878
v 4.268293 0.187707 2.560976
v 4.268293 0.167785 2.317073
v 4.268293 0.179007 2.073171
v 4.268293 0.155319 1.829268
v 4.268293 0.116952 1.585366
v 4.268293 0.097443 1.341463
v 4.268293 0.101329 1.097561
v 4.268293 0.080564 0.853659
v 4.268293 0.008372 0.609756
v 4.268293 -0.039059 0.365854
v 4.268293 -0.078789 0.121951
v 4.268293 -0.136667 -0.121951
v 4.268293 -0.181960 -0.365854
v 4.268293 -0.256221 -0.609756
v 4.268293 -0.324777 -0.853659
v 4.268293 -0.396287 -1.097561
v 4.268293 -0.446371 -1.341463
v 4.268293 -0.454390 -1.585366
v 4.268293 -0.421568 -1.829268
v 4.268293 -0.410414 -2.073171
v 4.268293 -0.404166 -2.317073
v 4.268293 -0.399791 -2.560976
v 4.268293 -0.372138 -2.804878
v 4.268293 -0.308385 -3.048780
v 4.268293 -0.235574 -3.292683
v 4.268293 -0.142656 -3.536585
v 4.268293 -0.058758 -3.780488
v 4.268293 -0.007267 -4.024390
v 4.268293 0.000000 -4.268293
v 4.268293 0.000000 -4.512195
v 4.268293 0.000000 -4.756097
v 4.268293 0.000000 -5.000000
v 4.512195 0.000000 5.000000
v 4.512195 0.000000 4.756097
v 4.512195 0.000000 4.512195
v 4.512195 0.000000 4.268293
v 4.512195 0.000000 4.024390
v 4.512195 0.000214 3.780488
v 4.512195 0.016140 3.536585
v 4.512195 0.044900 3.292683
v 4.512195 0.064220 3.048780
v 4.512195 0.072093 2.804878
v 4.512195 0.079165 2.560976
v 4.512195 0.085062 2.317073
v 4.512195 0.092290 2.073171
v 4.512195 0.083018 1.829268
v 4.512195 0.056363 1.585366
v 4.512195 0.056246 1.341463
v 4.512195 0.053236 1.097561
v 4.512195 0.026633 0.853659
v 4.512195 0.002100 0.609756
v 4.512195 -0.027664 0.365854
v 4.512195 -0.052199 0.121951
v 4.512195 -0.075557 -0.121951
v 4.512195 -0.082169 -0.365854
v 4.512195 -0.101881 -0.609756
v 4.512195 -0.157773 -0.853659
v 4.512195 -0.195193 -1.097561
v 4.512195 -0.214910 -1.341463
v 4.512195 -0.234458 -1.585366
v 4.512195 -0.236670 -1.829268
v 4.512195 -0.210364 -2.073171
v 4.512195 -0.190531 -2.317073
v 4.512195 -0.175778 -2.560976
v 4.512195 -0.148454 -2.804878
v 4.512195 -0.110038 -3.048780
v 4.512195 -0.063701 -3.292683
v 4.512195 -0.021508 -3.536585
v 4.512195 -0.000291 -3.780488
v 4.512195 0.000000 -4.024390
v 4.512195 0.000000 -4.268293
v 4.512195 0.000000 -4.512195
v 4.512195 0.000000 -4.756097
v 4.512195 0.000000 -5.000000
v 4.756097 0.000000 5.000000
v 4.756097 0.000000 4.756097
v 4.756097 0.000000 4.512195
v 4.756097 0.000000 4.268293
v 4.756097 0.000000 4.024390
v 4.756097 0.000000 3.780488
v 4.756097 0.000000 3.536585
v 4.756097 0.000000 3.292683
v 4.756097 0.003009 3.048780
v 4.756097 0.009205 2.804878
v 4.756097 0.014660 2.560976
v 4.756097 0.018184 2.317073
v 4.756097 0.023403 2.073171
v 4.756097 0.022246 1.829268
v 4.756097 0.017744 1.585366
v 4.756097 0.015175 1.341463
v 4.756097 0.015577 1.097561
v 4.756097 0.008877 0.853659
v 4.756097 -0.002750 0.609756
v 4.756097 -0.006807 0.365854
v 4.756097 -0.014830 0.121951
v 4.756097 -0.019333 -0.121951
v 4.756097 -0.021761 -0.365854
v 4.756097 -0.026954 -0.609756
v 4.756097 -0.034803 -0.853659
v 4.756097 -0.048523 -1.097561
v 4.756097 -0.057219 -1.341463
v 4.756097 -0.064540 -1.585366
v 4.756097 -0.061350 -1.829268
v 4.756097 -0.054313 -2.073171
v 4.756097 -0.043450 -2.317073
v 4.756097 -0.032286 -2.560976
v 4.756097 -0.017562 -2.804878
v 4.756097 -0.005070 -3.048780
v 4.756097 0.000000 -3.292683
v 4.756097 0.000000 -3.536585
v 4.756097 0.000000 -3.780488
v 4.756097 0.000000 -4.024390
v 4.756097 0.000000 -4.268293
v 4.756097 0.000000 -4.512195
v 4.756097 0.000000 -4.756097
v 4.756097 0.000000 -5.000000
v 5.000000 0.000000 5.000000
v 5.000000 0.000000 4.756097
v 5.000000 0.000000 4.512195
v 5.000000 0.000000 4.268293
v 5.000000 0.000000 4.024390
v 5.000000 0.000000 3.780488
v 5.000000 0.000000 3.536585
v 5.000000 0.000000 3.292683
v 5.000000 0.000000 3.048780
v 5.000000 0.000000 2.804878
v 5.000000 0.000000 2.560976
v 5.000000 0.000000 2.317073
v 5.000000 0.000000 2.073171
v 5.000000 0.000000 1.829268
v 5.000000 0.000000 1.585366
v 5.000000 0.000000 1.341463
v 5.000000 0.000000 1.097561
v 5.000000 0.000000 0.853659
v 5.000000 0.000000 0.609756
v 5.000000 0.000000 0.365854
v 5.000000 0.000000 0.121951
v 5.000000 0.000000 -0.121951
v 5.000000 0.000000 -0.365854
v 5.000000 0.000000 -0.609756
v 5.000000 0.000000 -0.853659
v 5.000000 0.000000 -1.097561
v 5.000000 0.000000 -1.341463
v 5.000000 0.000000 -1.585366
v 5.000000 0.000000 -1.829268
v 5.000000 0.000000 -2.073171
v 5.000000 0.000000 -2.317073
v 5.000000 0.000000 -2.560976
v 5.000000 0.000000 -2.804878
v 5.000000 0.000000 -3.048780
v 5.000000 0.000000 -3.292683
v 5.000000 0.000000 -3.536585
v 5.000000 0.000000 -3.780488
v 5.000000 0.000000 -4.024390
v 5.000000 0.000000 -4.268293
v 5.000000 0.000000 -4.512195
v 5.000000 0.000000 -4.756097
v 5.000000 0.000000 -5.000000
s 1
f 2 1 43 44
f 3 2 44 45
f 4 3 45 46
f 5 4 46 47
f 6 5 47 48
f 7 6 48 49
f 8 7 49 50
f 9 8 50 51
f 10 9 51 52
f 11 10 52 53
f 12 11 53 54
f 13 12 54 55
f 14 13 55 56
f 15 14 56 57
f 16 15 57 58
f 17 16 58 59
f 18 17 59 60
f 19 18 60 61
f 20 19 61 62
f 21 20 62 63
f 22 21 63 64
f 23 22 64 65
f 24 23 65 66
f 25 24 66 67
f 26 25 67 68
f 27 26 68 69
f 28 27 69 70
f 29 28 70 71
f 30 29 71 72
f 31 30 72 73
f 32 31 73 74
f 33 32 74 75
f 34 33 75 76
f 35 34 76 77
f 36 35 77 78
f 37 36 78 79
f 38 37 79 80
f 39 38 80 81
f 40 39 81 82
f 41 40 82 83
f 42 41 83 84
f 44 43 85 86
f 45 44 86 87
f 46 45 87 88
f 47 46 88 89
f 48 47 89 90
f 49 48 90 91
f 50 49 91 92
f 51 50 92 93
f 52 51 93 94
f 53 52 94 95
f 54 53 95 96
f 55 54 96 97
f 56 55 97 98
f 57 56 98 99
f 58 57 99 100
f 59 58 100 101
f 60 59 101 102
f 61 60 102 103
f 62 61 103 104
f 63 62 104 105
f 64 63 105 106
f 65 64 106 107
f 66 65 107 108
f 67 66 108 109
f 68 67 109 110
f 69 68 110 111
f 70 69 111 112
f 71 70 112 113
f 72 71 113 114
f 73 72 114 115
f 74 73 115 116
f 75 74 116 117
f 76 75 117 118
f 77 76 118 119
f 78 77 119 120
f 79 78 120 121
f 80 79 121 122
f 81 80 122 123
f 82 81 123 124
f 83 82 124 125
f 84 83 125 126
f 86 85 127 128
f 87 86 128 129
f 88 87 129 130
f 89 88 130 131
f 90 89 131 132
f 91 90 132 133
f 92 91 133 134
f 93 92 134 135
f 94 93 135 136
f 95 94 136 137
f 96 95 137 138
f 97 96 138 139
f 98 97 139 140
f 99 98 140 141
f 100 99 141 142
f 101 100 142 143
f 102 101 143 144
f 103 102 144 145
f 104 103 145 146
f 105 104 146 147
f 106 105 147 148
f 107 106 148 149
f 108 107 149 150
f 109 108 150 151
f 110 109 151 152
f 111 110 152 153
f 112 111 153 154
f 113 112 154 155
f 114 113 155 156
f 115 114 156 157
f 116 115 157 158
f 117 116 158 159
f 118 117 159 160
f 119 118 160 161
f 120 119 161 162
f 121 120 162 163
f 122 121 163 164
f 123 122 164 165
f 124 123 165 166
f 125 124 166 167
f 126 125 167 168
f 128 127 169 170
f 129 128 170 171
f 130 129 171 172
f 131 130 172 173
f 132 131 173 174
f 133 132 174 175
f 134 133 175 176
f 135 134 176 177
f 136 135 177 178
f 137 136 178 179
f 138 137 179 180
f 139 138 180 181
f 140 139 181 182
f 141 140 182 183
f 142 141 183 184
f 143 142 184 185
f 144 143 185 186
f 145 144 186 187
f 146 145 187 188
f 147 146 188 189
f 148 147 189 190
f 149 148 190 191
f 150 149 191 192
f 151 150 192 193
f 152 151 193 194
f 153 152 194 195
f 154 153 195 196
f 155 154 196 197
f 156 155 197 198
f 157 156 198 199
f 158 157 199 200
f 159 158 200 201
f 160 159 201 202
f 161 160 202 203
f 162 161 203 204
f 163 162 204 205
f 164 163 205 206
f 165 164 206 207
f 166 165 207 208
f 167 166 208 209
f 168 167 209 210
f 170 169 211 212
f 171 170 212 213
f 172 171 213 214
f 173 172 214 215
f 174 173 215 216
f 175 174 216 217
f 176 175 217 218
f 177 176 218 219
f 178 177 219 220
f 179 178 220 221
f 180 179 221 222
f 181 180 222 223
f 182 181 223 224
f 183 182 224 225
f 184 183 225 226
f 185 184 226 227
f 186 185 227 228
f 187 186 228 229
f 188 187 229 230
f 189 188 230 231
f 190 189 231 232
f 191 190 232 233
f 192 191 233 234
f 193 192 234 235
f 194 193 235 236
f 195 194 236 237
f 196 195 237 238
f 197 196 238 239
f 198 197 239 240
f 199 198 240 241
f 200 199 241 242
f 201 200 242 243
f 202 201 243 244
f 203 202 244 245
f 204 203 245 246
f 205 204 246 247
f 206 205 247 248
f 207 206 248 249
f 208 207 249 250
f 209 208 250 251
f 210 209 251 252
f 212 211 253 254
f 213 212 254 255
f 214 213 255 256
f 215 214 256 257
f 216 215 257 258
f 217 216 258 259
f 218 217 259 260
f 219 218 260 261
f 220 219 261 262
f 221 220 262 263
f 222 221 263 264
f 223 222 264 265
f 224 223 265 266
f 225 224 266 267
f 226 225 267 268
f 227 226 268 269
f 228 227 269 270
f 229 228 270 271
f 230 229 271 272
f 231 230 272 273
f 232 231 273 274
f 233 232 274 275
f 234 233 275 276
f 235 234 276 277
f 236 235 277 278
f 237 236 278 279
f 238 237 279 280
f 239 238 280 281
f 240 239 281 282
f 241 240 282 283
f 242 241 283 284
f 243 242 284 285
f 244 243 285 286
f 245 244 286 287
f 246 245 287 288
f 247 246 288 289
f 248 247 289 290
f 249 248 290 291
f 250 249 291 292
f 251 250 292 293
f 252 251 293 294
f 254 253 295 296
f 255 254 296 297
f 256 255 297 298
f 257 256 298 299
f 258 257 299 300
f 259 258 300 301
f 260 259 301 302
f 261 260 302 303
f 262 261 303 304
f 263 262 304 305
f 264 263 305 306
f 265 264 306 307
f 266 265 307 308
f 267 266 308 309
f 268 267 309 310
f 269 268 310 311
f 270 269 311 312
f 271 270 312 313
f 272 271 313 314
f 273 272 314 315
f 274 273 315 316
f 275 274 316 317
f 276 275 317 318
f 277 276 318 319
f 278 277 319 320
f 279 278 320 321
f 280 279 321 322
f 281 280 322 323
f 282 281 323 324
f 283 282 324 325
f 284 283 325 326
f 285 284 326 327
f 286 285 327 328
f 287 286 328 329
f 288 287 329 330
f 289 288 330 331
f 290 289 331 332
f 291 290 332 333
f 292 291 333 334
f 293 292 334 335
f 294 293 335 336
f 296 295 337 338
f 297 296 338 339
f 298 297 339 340
f 299 298 340 341
f 300 299 341 342
f 301 300 342 343
f 302 301 343 344
f 303 302 344 345
f 304 303 345 346
f 305 304 346 347
f 306 305 347 348
f 307 306 348 349
f 308 307 349 350
f 309 308 350 351
f 310 309 351 352
f 311 310 352 353
f 312 311 353 354
f 313 312 354 355
f 314 313 355 356
f 315 314 356 357
f 316 315 357 358
f 317 316 358 359
f 318 317 359 360
f 319 318 360 361
f 320 319 361 362
f 321 320 362 363
f 322 321 363 364
f 323 322 364 365
f 324 323 365 366
f 325 324 366 367
f 326 325 367 368
f 327 326 368 369
f 328 327 369 370
f 329 328 370 371
f 330 329 371 372
f 331 330 372 373
f 332 331 373 374
f 333 332 374 375
f 334 333 375 376
f 335 334 376 377
f 336 335 377 378
f 338 337 379 380
f 339 338 380 381
f 340 339 381 382
f 341 340 382 383
f 342 341 383 384
f 343 342 384 385
f 344 343 385 386
f 345 344 386 387
f 346 345 387 388
f 347 346 388 389
f 348 347 389 390
f 349 348 390 391
f 350 349 391 392
f 351 350 392 393
f 352 351 393 394
f 353 352 394 395
f 354 353 395 396
f 355 354 396 397
f 356 355 397 398
f 357 356 398 399
f 358 357 399 400
f 359 358 400 401
f 360 359 401 402
f 361 360 402 403
f 362 361 403 404
f 363 362 404 405
f 364 363 405 406
f 365 364 406 407
f 366 365 407 408
f 367 366 408 409
f 368 367 409 410
f 369 368 410 411
f 370 369 411 412
f 371 370 412 413
f 372 371 413 414
f 373 372 414 415
f 374 373 415 416
f 375 374 416 417
f 376 375 417 418
f 377 376 418 419
f 378 377 419 420
f 380 379 421 422
f 381 380 422 423
f 382 381 423 424
f 383 382 424 425
f 384 383 425 426
f 385 384 426 427
f 386 385 427 428
f 387 386 428 429
f 388 387 429 430
f 389 388 430 431
f 390 389 431 432
f 391 390 432 433
f 392 391 433 434
f 393 392 434 435
f 394 393 435 436
f 395 394 436 437
f 396 395 437 438
f 397 396 438 439
f 398 397 439 440
f 399 398 440 441
f 400 399 441 442
f 401 400 442 443
f 402 401 443 444
f 403 402 444 445
f 404 403 445 446
f 405 404 446 447
f 406 405 447 448
f 407 406 448 449
f 408 407 449 450
f 409 408 450 451
f 410 409 451 452
f 411 410 452 453
f 412 411 453 454
f 413 412 454 455
f 414 413 455 456
f 415 414 456 457
f 416 415 457 458
f 417 416 458 459
f 418 417 459 460
f 419 418 460 461
f 420 419 461 462
f 422 421 463 464
f 423 422 464 465
f 424 423 465 466
f 425 424 466 467
f 426 425 467 468
f 427 426 468 469
f 428 427 469 470
f 429 428 470 471
f 430 429 471 472
f 431 430 472 473
f 432 431 473 474
f 433 432 474 475
f 434 433 475 476
f 435 434 476 477
f 436 435 477 478
f 437 436 478 479
f 438 437 479 480
f 439 438 480 481
f 440 439 481 482
f 441 440 482 483
f 442 441 483 484
f 443 442 484 485
f 444 443 485 486
f 445 444 486 487
f 446 445 487 488
f 447 446 488 489
f 448 447 489 490
f 449 448 490 491
f 450 449 491 492
f 451 450 492 493
f 452 451 493 494
f 453 452 494 495
f 454 453 495 496
f 455 454 496 497
f 456 455 497 498
f 457 456 498 499
f 458 457 499 500
f 459 458 500 501
f 460 459 501 502
f 461 460 502 503
f 462 461 503 504
f 464 463 505 506
f 465 464 506 507
f 466 465 507 508
f 467 466 508 509
f 468 467 509 510
f 469 468 510 511
f 470 469 511 512
f 471 470 512 513
f 472 471 513 514
f 473 472 514 515
f 474 473 515 516
f 475 474 516 517
f 476 475 517 518
f 477 476 518 519
f 478 477 519 520
f 479 478 520 521
f 480 479 521 522
f 481 480 522 523
f 482 481 523 524
f 483 482 524 525
f 484 483 525 526
f 485 484 526 527
f 486 485 527 528
f 487 486 528 529
f 488 487 529 530
f 489 488 530 531
f 490 489 531 532
f 491 490 532 533
f 492 491 533 534
f 493 492 534 535
f 494 493 535 536
f 495 494 536 537
f 496 495 537 538
f 497 496 538 539
f 498 497 539 540
f 499 498 540 541
f 500 499 541 542
f 501 500 542 543
f 502 501 543 544
f 503 502 544 545
f 504 503 545 546
f 506 505 547 548
f 507 506 548 549
f 508 507 549 550
f 509 508 550 551
f 510 509 551 552
f 511 510 552 553
f 512 511 553 554
f 513 512 554 555
f 514 513 555 556
f 515 514 556 557
f 516 515 557 558
f 517 516 558 559
f 518 517 559 560
f 519 518 560 561
f 520 519 561 562
f 521 520 562 563
f 522 521 563 564
f 523 522 564 565
f 524 523 565 566
f 525 524 566 567
f 526 525 567 568
f 527 526 568 569
f 528 527 569 570
f 529 528 570 571
f 530 529 571 572
f 531 530 572 573
f 532 531 573 574
f 533 532 574 575
f 534 533 575 576
f 535 534 576 577
f 536 535 577 578
f 537 536 578 579
f 538 537 579 580
f 539 538 580 581
f 540 539 581 582
f 541 540 582 583
f 542 541 583 584
f 543 542 584 585
f 544 543 585 586
f 545 544 586 587
f 546 545 587 588
f 548 547 589 590
f 549 548 590 591
f 550 549 591 592
f 551 550 592 593
f 552 551 593 594
f 553 552 594 595
f 554 553 595 596
f 555 554 596 597
f 556 555 597 598
f 557 556 598 599
f 558 557 599 600
f 559 558 600 601
f 560 559 601 602
f 561 560 602 603
f 562 561 603 604
f 563 562 604 605
f 564 563 605 606
f 565 564 606 607
f 566 565 607 608
f 567 566 608 609
f 568 567 609 610
f 569 568 610 611
f 570 569 611 612
f 571 570 612 613
f 572 571 613 614
f 573 572 614 615
f 574 573 615 616
f 575 574 616 617
f 576 575 617 618
f 577 576 618 619
f 578 577 619 620
f 579 578 620 621
f 580 579 621 622
f 581 580 622 623
f 582 581 623 624
f 583 582 624 625
f 584 583 625 626
f 585 584 626 627
f 586 585 627 628
f 587 586 628 629
f 588 587 629 630
f 590 589 631 632
f 591 590 632 633
f 592 591 633 634
f 593 592 634 635
f 594 593 635 636
f 595 594 636 637
f 596 595 637 638
f 597 596 638 639
f 598 597 639 640
f 599 598 640 641
f 600 599 641 642
f 601 600 642 643
f 602 601 643 644
f 603 602 644 645
f 604 603 645 646
f 605 604 646 647
f 606 605 647 648
f 607 606 648 649
f 608 607 649 650
f 609 608 650 651
f 610 609 651 652
f 611 610 652 653
f 612 611 653 654
f 613 612 654 655
f 614 613 655 656
f 615 614 656 657
f 616 615 657 658
f 617 616 658 659
f 618 617 659 660
f 619 618 660 661
f 620 619 661 662
f 621 620 662 663
f 622 621 663 664
f 623 622 664 665
f 624 623 665 666
f 625 624 666 667
f 626 625 667 668
f 627 626 668 669
f 628 627 669 670
f 629 628 670 671
f 630 629 671 672
f 632 631 673 674
f 633 632 674 675
f 634 633 675 676
f 635 634 676 677
f 636 635 677 678
f 637 636 678 679
f 638 637 679 680
f 639 638 680 681
f 640 639 681 682
f 641 640 682 683
f 642 641 683 684
f 643 642 684 685
f 644 643 685 686
f 645 644 686 687
f 646 645 687 688
f 647 646 688 689
f 648 647 689 690
f 649 648 690 691
f 650 649 691 692
f 651 650 692 693
f 652 651 693 694
f 653 652 694 695
f 654 653 695 696
f 655 654 696 697
f 656 655 697 698
f 657 656 698 699
f 658 657 699 700
f 659 658 700 701
f 660 659 701 702
f 661 660 702 703
f 662 661 703 704
f 663 662 704 705
f 664 663 705 706
f 665 664 706 707
f 666 665 707 708
f 667 666 708 709
f 668 667 709 710
f 669 668 710 711
f 670 669 711 712
f 671 670 712 713
f 672 671 713 714
f 674 673 715 716
f 675 674 716 717
f 676 675 717 718
f 677 676 718 719
f 678 677 719 720
f 679 678 720 721
f 680 679 721 722
f 681 680 722 723
f 682 681 723 724
f 683 682 724 725
f 684 683 725 726
f 685 684 726 727
f 686 685 727 728
f 687 686 728 729
f 688 687 729 730
f 689 688 730 731
f 690 689 731 732
f 691 690 732 733
f 692 691 733 734
f 693 692 734 735
f 694 693 735 736
f 695 694 736 737
f 696 695 737 738
f 697 696 738 739
f 698 697 739 740
f 699 698 740 741
f 700 699 741 742
f 701 700 742 743
f 702 701 743 744
f 703 702 744 745
f 704 703 745 746
f 705 704 746 747
f 706 705 747 748
f 707 706 748 749
f 708 707 749 750
f 709 708 750 751
f 710 709 751 752
f 711 710 752 753
f 712 711 753 754
f 713 712 754 755
f 714 713 755 756
f 716 715 757 758
f 717 716 758 759
f 718 717 759 760
f 719 718 760 761
f 720 719 761 762
f 721 720 762 763
f 722 721 763 764
f 723 722 764 765
f 724 723 765 766
f 725 724 766 767
f 726 725 767 768
f 727 726 768 769
f 728 727 769 770
f 729 728 770 771
f 730 729 771 772
f 731 730 772 773
f 732 731 773 774
f 733 732 774 775
f 734 733 775 776
f 735 734 776 777
f 736 735 777 778
f 737 736 778 779
f 738 737 779 780
f 739 738 780 781
f 740 739 781 782
f 741 740 782 783
f 742 741 783 784
f 743 742 784 785
f 744 743 785 786
f 745 744 786 787
f 746 745 787 788
f 747 746 788 789
f 748 747 789 790
f 749 748 790 791
f 750 749 791 792
f 751 750 792 793
f 752 751 793 794
f 753 752 794 795
f 754 753 795 796
f 755 754 796 797
f 756 755 797 798
f 758 757 799 800
f 759 758 800 801
f 760 759 801 802
f 761 760 802 803
f 762 761 803 804
f 763 762 804 805
f 764 763 805 806
f 765 764 806 807
f 766 765 807 808
f 767 766 808 809
f 768 767 809 810
f 769 768 810 811
f 770 769 811 812
f 771 770 812 813
f 772 771 813 814
f 773 772 814 815
f 774 773 815 816
f 775 774 816 817
f 776 775 817 818
f 777 776 818 819
f 778 777 819 820
f 779 778 820 821
f 780 779 821 822
f 781 780 822 823
f 782 781 823 824
f 783 782 824 825
f 784 783 825 826
f 785 784 826 827
f 786 785 827 828
f 787 786 828 829
f 788 787 829 830
f 789 788 830 831
f 790 789 831 832
f 791 790 832 833
f 792 791 833 834
f 793 792 834 835
f 794 793 835 836
f 795 794 836 837
f 796 795 837 838
f 797 796 838 839
f 798 797 839 840
f 800 799 841 842
f 801 800 842 843
f 802 801 843 844
f 803 802 844 845
f 804 803 845 846
f 805 804 846 847
f 806 805 847 848
f 807 806 848 849
f 808 807 849 850
f 809 808 850 851
f 810 809 851 852
f 811 810 852 853
f 812 811 853 854
f 813 812 854 855
f 814 813 855 856
f 815 814 856 857
f 816 815 857 858
f 817 816 858 859
f 818 817 859 860
f 819 818 860 861
f 820 819 861 862
f 821 820 862 863
f 822 821 863 864
f 823 822 864 865
f 824 823 865 866
f 825 824 866 867
f 826 825 867 868
f 827 826 868 869
f 828 827 869 870
f 829 828 870 871
f 830 829 871 872
f 831 830 872 873
f 832 831 873 874
f 833 832 874 875
f 834 833 875 876
f 835 834 876 877
f 836 835 877 878
f 837 836 878 879
f 838 837 879 880
f 839 838 880 881
f 840 839 881 882
f 842 841 883 884
f 843 842 884 885
f 844 843 885 886
f 845 844 886 887
f 846 845 887 888
f 847 846 888 889
f 848 847 889 890
f 849 848 890 891
f 850 849 891 892
f 851 850 892 893
f 852 851 893 894
f 853 852 894 895
f 854 853 895 896
f 855 854 896 897
f 856 855 897 898
f 857 856 898 899
f 858 857 899 900
f 859 858 900 901
f 860 859 901 902
f 861 860 902 903
f 862 861 903 904
f 863 862 904 905
f 864 863 905 906
f 865 864 906 907
f 866 865 907 908
f 867 866 908 909
f 868 867 909 910
f 869 868 910 911
f 870 869 911 912
f 871 870 912 913
f 872 871 913 914
f 873 872 914 915
f 874 873 915 916
f 875 874 916 917
f 876 875 917 918
f 877 876 918 919
f 878 877 919 920
f 879 878 920 921
f 880 879 921 922
f 881 880 922 923
f 882 881 923 924
f 884 883 925 926
f 885 884 926 927
f 886 885 927 928
f 887 886 928 929
f 888 887 929 930
f 889 888 930 931
f 890 889 931 932
f 891 890 932 933
f 892 891 933 934
f 893 892 934 935
f 894 893 935 936
f 895 894 936 937
f 896 895 937 938
f 897 896 938 939
f 898 897 939 940
f 899 898 940 941
f 900 899 941 942
f 901 900 942 943
f 902 901 943 944
f 903 902 944 945
f 904 903 945 946
f 905 904 946 947
f 906 905 947 948
f 907 906 948 949
f 908 907 949 950
f 909 908 950 951
f 910 909 951 952
f 911 910 952 953
f 912 911 953 954
f 913 912 954 955
f 914 913 955 956
f 915 914 956 957
f 916 915 957 958
f 917 916 958 959
f 918 917 959 960
f 919 918 960 961
f 920 919 961 962
f 921 920 962 963
f 922 921 963 964
f 923 922 964 965
f 924 923 965 966
f 926 925 967 968
f 927 926 968 969
f 928 927 969 970
f 929 928 970 971
f 930 929 971 972
f 931 930 972 973
f 932 931 973 974
f 933 932 974 975
f 934 933 975 976
f 935 934 976 977
f 936 935 977 978
f 937 936 978 979
f 938 937 979 980
f 939 938 980 981
f 940 939 981 982
f 941 940 982 983
f 942 941 983 984
f 943 942 984 985
f 944 943 985 986
f 945 944 986 987
f 946 945 987 988
f 947 946 988 989
f 948 947 989 990
f 949 948 990 991
f 950 949 991 992
f 951 950 992 993
f 952 951 993 994
f 953 952 994 995
f 954 953 995 996
f 955 954 996 997
f 956 955 997 998
f 957 956 998 999
f 958 957 999 1000
f 959 958 1000 1001
f 960 959 1001 1002
f 961 960 1002 1003
f 962 961 1003 1004
f 963 962 1004 1005
f 964 963 1005 1006
f 965 964 1006 1007
f 966 965 1007 1008
f 968 967 1009 1010
f 969 968 1010 1011
f 970 969 1011 1012
f 971 970 1012 1013
f 972 971 1013 1014
f 973 972 1014 1015
f 974 973 1015 1016
f 975 974 1016 1017
f 976 975 1017 1018
f 977 976 1018 1019
f 978 977 1019 1020
f 979 978 1020 1021
f 980 979 1021 1022
f 981 980 1022 1023
f 982 981 1023 1024
f 983 982 1024 1025
f 984 983 1025 1026
f 985 984 1026 1027
f 986 985 1027 1028
f 987 986 1028 1029
f 988 987 1029 1030
f 989 988 1030 1031
f 990 989 1031 1032
f 991 990 1032 1033
f 992 991 1033 1034
f 993 992 1034 1035
f 994 993 1035 1036
f 995 994 1036 1037
f 996 995 1037 1038
f 997 996 1038 1039
f 998 997 1039 1040
f 999 998 1040 1041
f 1000 999 1041 1042
f 1001 1000 1042 1043
f 1002 1001 1043 1044
f 1003 1002 1044 1045
f 1004 1003 1045 1046
f 1005 1004 1046 1047
f 1006 1005 1047 1048
f 1007 1006 1048 1049
f 1008 1007 1049 1050
f 1010 1009 1051 1052
f 1011 1010 1052 1053
f 1012 1011 1053 1054
f 1013 1012 1054 1055
f 1014 1013 1055 1056
f 1015 1014 1056 1057
f 1016 1015 1057 1058
f 1017 1016 1058 1059
f 1018 1017 1059 1060
f 1019 1018 1060 1061
f 1020 1019 1061 1062
f 1021 1020 1062 1063
f 1022 1021 1063 1064
f 1023 1022 1064 1065
f 1024 1023 1065 1066
f 1025 1024 1066 1067
f 1026 1025 1067 1068
f 1027 1026 1068 1069
f 1028 1027 1069 1070
f 1029 1028 1070 1071
f 1030 1029 1071 1072
f 1031 1030 1072 1073
f 1032 1031 1073 1074
f 1033 1032 1074 1075
f 1034 1033 1075 1076
f 1035 1034 1076 1077
f 1036 1035 1077 1078
f 1037 1036 1078 1079
f 1038 1037 1079 1080
f 1039 1038 1080 1081
f 1040 1039 1081 1082
f 1041 1040 1082 1083
f 1042 1041 1083 1084
f 1043 1042 1084 1085
f 1044 1043 1085 1086
f 1045 1044 1086 1087
f 1046 1045 1087 1088
f 1047 1046 1088 1089
f 1048 1047 1089 1090
f 1049 1048 1090 1091
f 1050 1049 1091 1092
f 1052 1051 1093 1094
f 1053 1052 1094 1095
f 1054 1053 1095 1096
f 1055 1054 1096 1097
f 1056 1055 1097 1098
f 1057 1056 1098 1099
f 1058 1057 1099 1100
f 1059 1058 1100 1101
f 1060 1059 1101 1102
f 1061 1060 1102 1103
f 1062 1061 1103 1104
f 1063 1062 1104 1105
f 1064 1063 1105 1106
f 1065 1064 1106 1107
f 1066 1065 1107 1108
f 1067 1066 1108 1109
f 1068 1067 1109 1110
f 1069 1068 1110 1111
f 1070 1069 1111 1112
f 1071 1070 1112 1113
f 1072 1071 1113 1114
f 1073 1072 1114 1115
f 1074 1073 1115 1116
f 1075 1074 1116 1117
f 1076 1075 1117 1118
f 1077 1076 1118 1119
f 1078 1077 1119 1120
f 1079 1078 1120 1121
f 1080 1079 1121 1122
f 1081 1080 1122 1123
f 1082 1081 1123 1124
f 1083 1082 1124 1125
f 1084 1083 1125 1126
f 1085 1084 1126 1127
f 1086 1085 1127 1128
f 1087 1086 1128 1129
f 1088 1087 1129 1130
f 1089 1088 1130 1131
f 1090 1089 1131 1132
f 1091 1090 1132 1133
f 1092 1091 1133 1134
f 1094 1093 1135 1136
f 1095 1094 1136 1137
f 1096 1095 1137 1138
f 1097 1096 1138 1139
f 1098 1097 1139 1140
f 1099 1098 1140 1141
f 1100 1099 1141 1142
f 1101 1100 1142 1143
f 1102 1101 1143 1144
f 1103 1102 1144 1145
f 1104 1103 1145 1146
f 1105 1104 1146 1147
f 1106 1105 1147 1148
f 1107 1106 1148 1149
f 1108 1107 1149 1150
f 1109 1108 1150 1151
f 1110 1109 1151 1152
f 1111 1110 1152 1153
f 1112 1111 1153 1154
f 1113 1112 1154 1155
f 1114 1113 1155 1156
f 1115 1114 1156 1157
f 1116 1115 1157 1158
f 1117 1116 1158 1159
f 1118 1117 1159 1160
f 1119 1118 1160 1161
f 1120 1119 1161 1162
f 1121 1120 1162 1163
f 1122 1121 1163 1164
f 1123 1122 1164 1165
f 1124 1123 1165 1166
f 1125 1124 1166 1167
f 1126 1125 1167 1168
f 1127 1126 1168 1169
f 1128 1127 1169 1170
f 1129 1128 1170 1171
f 1130 1129 1171 1172
f 1131 1130 1172 1173
f 1132 1131 1173 1174
f 1133 1132 1174 1175
f 1134 1133 1175 1176
f 1136 1135 1177 1178
f 1137 1136 1178 1179
f 1138 1137 1179 1180
f 1139 1138 1180 1181
f 1140 1139 1181 1182
f 1141 1140 1182 1183
f 1142 1141 1183 1184
f 1143 1142 1184 1185
f 1144 1143 1185 1186
f 1145 1144 1186 1187
f 1146 1145 1187 1188
f 1147 1146 1188 1189
f 1148 1147 1189 1190
f 1149 1148 1190 1191
f 1150 1149 1191 1192
f 1151 1150 1192 1193
f 1152 1151 1193 1194
f 1153 1152 1194 1195
f 1154 1153 1195 1196
f 1155 1154 1196 1197
f 1156 1155 1197 1198
f 1157 1156 1198 1199
f 1158 1157 1199 1200
f 1159 1158 1200 1201
f 1160 1159 1201 1202
f 1161 1160 1202 1203
f 1162 1161 1203 1204
f 1163 1162 1204 1205
f 1164 1163 1205 1206
f 1165 1164 1206 1207
f 1166 1165 1207 1208
f 1167 1166 1208 1209
f 1168 1167 1209 1210
f 1169 1168 1210 1211
f 1170 1169 1211 1212
f 1171 1170 1212 1213
f 1172 1171 1213 1214
f 1173 1172 1214 1215
f 1174 1173 1215 1216
f 1175 1174 1216 1217
f 1176 1175 1217 1218
f 1178 1177 1219 1220
f 1179 1178 1220 1221
f 1180 1179 1221 1222
f 1181 1180 1222 1223
f 1182 1181 1223 1224
f 1183 1182 1224 1225
f 1184 1183 1225 1226
f 1185 1184 1226 1227
f 1186 1185 1227 1228
f 1187 1186 1228 1229
f 1188 1187 1229 1230
f 1189 1188 1230 1231
f 1190 1189 1231 1232
f 1191 1190 1232 1233
f 1192 1191 1233 1234
f 1193 1192 1234 1235
f 1194 1193 1235 1236
f 1195 1194 1236 1237
f 1196 1195 1237 1238
f 1197 1196 1238 1239
f 1198 1197 1239 1240
f 1199 1198 1240 1241
f 1200 1199 1241 1242
f 1201 1200 1242 1243
f 1202 1201 1243 1244
f 1203 1202 1244 1245
f 1204 1203 1245 1246
f 1205 1204 1246 1247
f 1206 1205 1247 1248
f 1207 1206 1248 1249
f 1208 1207 1249 1250
f 1209 1208 1250 1251
f 1210 1209 1251 1252
f 1211 1210 1252 1253
f 1212 1211 1253 1254
f 1213 1212 1254 1255
f 1214 1213 1255 1256
f 1215 1214 1256 1257
f 1216 1215 1257 1258
f 1217 1216 1258 1259
f 1218 1217 1259 1260
f 1220 1219 1261 1262
f 1221 1220 1262 1263
f 1222 1221 1263 1264
f 1223 1222 1264 1265
f 1224 1223 1265 1266
f 1225 1224 1266 1267
f 1226 1225 1267 1268
f 1227 1226 1268 1269
f 1228 1227 1269 1270
f 1229 1228 1270 1271
f 1230 1229 1271 1272
f 1231 1230 1272 1273
f 1232 1231 1273 1274
f 1233 1232 1274 1275
f 1234 1233 1275 1276
f 1235 1234 1276 1277
f 1236 1235 1277 1278
f 1237 1236 1278 1279
f 1238 1237 1279 1280
f 1239 1238 1280 1281
f 1240 1239 1281 1282
f 1241 1240 1282 1283
f 1242 1241 1283 1284
f 1243 1242 1284 1285
f 1244 1243 1285 1286
f 1245 1244 1286 1287
f 1246 1245 1287 1288
f 1247 1246 1288 1289
f 1248 1247 1289 1290
f 1249 1248 1290 1291
f 1250 1249 1291 1292
f 1251 1250 1292 1293
f 1252 1251 1293 1294
f 1253 1252 1294 1295
f 1254 1253 1295 1296
f 1255 1254 1296 1297
f 1256 1255 1297 1298
f 1257 1256 1298 1299
f 1258 1257 1299 1300
f 1259 1258 1300 1301
f 1260 1259 1301 1302
f 1262 1261 1303 1304
f 1263 1262 1304 1305
f 1264 1263 1305 1306
f 1265 1264 1306 1307
f 1266 1265 1307 1308
f 1267 1266 1308 1309
f 1268 1267 1309 1310
f 1269 1268 1310 1311
f 1270 1269 1311 1312
f 1271 1270 1312 1313
f 1272 1271 1313 1314
f 1273 1272 1314 1315
f 1274 1273 1315 1316
f 1275 1274 1316 1317
f 1276 1275 1317 1318
f 1277 1276 1318 1319
f 1278 1277 1319 1320
f 1279 1278 1320 1321
f 1280 1279 1321 1322
f 1281 1280 1322 1323
f 1282 1281 1323 1324
f 1283 1282 1324 1325
f 1284 1283 1325 1326
f 1285 1284 1326 1327
f 1286 1285 1327 1328
f 1287 1286 1328 1329
f 1288 1287 1329 1330
f 1289 1288 1330 1331
f 1290 1289 1331 1332
f 1291 1290 1332 1333
f 1292 1291 1333 1334
f 1293 1292 1334 1335
f 1294 1293 1335 1336
f 1295 1294 1336 1337
f 1296 1295 1337 1338
f 1297 1296 1338 1339
f 1298 1297 1339 1340
f 1299 1298 1340 1341
f 1300 1299 1341 1342
f 1301 1300 1342 1343
f 1302 1301 1343 1344
f 1304 1303 1345 1346
f 1305 1304 1346 1347
f 1306 1305 1347 1348
f 1307 1306 1348 1349
f 1308 1307 1349 1350
f 1309 1308 1350 1351
f 1310 1309 1351 1352
f 1311 1310 1352 1353
f 1312 1311 1353 1354
f 1313 1312 1354 1355
f 1314 1313 1355 1356
f 1315 1314 1356 1357
f 1316 1315 1357 1358
f 1317 1316 1358 1359
f 1318 1317 1359 1360
f 1319 1318 1360 1361
f 1320 1319 1361 1362
f 1321 1320 1362 1363
f 1322 1321 1363 1364
f 1323 1322 1364 1365
f 1324 1323 1365 1366
f 1325 1324 1366 1367
f 1326 1325 1367 1368
f 1327 1326 1368 1369
f 1328 1327 1369 1370
f 1329 1328 1370 1371
f 1330 1329 1371 1372
f 1331 1330 1372 1373
f 1332 1331 1373 1374
f 1333 1332 1374 1375
f 1334 1333 1375 1376
f 1335 1334 1376 1377
f 1336 1335 1377 1378
f 1337 1336 1378 1379
f 1338 1337 1379 1380
f 1339 1338 1380 1381
f 1340 1339 1381 1382
f 1341 1340 1382 1383
f 1342 1341 1383 1384
f 1343 1342 1384 1385
f 1344 1343 1385 1386
f 1346 1345 1387 1388
f 1347 1346 1388 1389
f 1348 1347 1389 1390
f 1349 1348 1390 1391
f 1350 1349 1391 1392
f 1351 1350 1392 1393
f 1352 1351 1393 1394
f 1353 1352 1394 1395
f 1354 1353 1395 1396
f 1355 1354 1396 1397
f 1356 1355 1397 1398
f 1357 1356 1398 1399
f 1358 1357 1399 1400
f 1359 1358 1400 1401
f 1360 1359 1401 1402
f 1361 1360 1402 1403
f 1362 1361 1403 1404
f 1363 1362 1404 1405
f 1364 1363 1405 1406
f 1365 1364 1406 1407
f 1366 1365 1407 1408
f 1367 1366 1408 1409
f 1368 1367 1409 1410
f 1369 1368 1410 1411
f 1370 1369 1411 1412
f 1371 1370 1412 1413
f 1372 1371 1413 1414
f 1373 1372 1414 1415
f 1374 1373 1415 1416
f 1375 1374 1416 1417
f 1376 1375 1417 1418
f 1377 1376 1418 1419
f 1378 1377 1419 1420
f 1379 1378 1420 1421
f 1380 1379 1421 1422
f 1381 1380 1422 1423
f 1382 1381 1423 1424
f 1383 1382 1424 1425
f 1384 1383 1425 1426
f 1385 1384 1426 1427
f 1386 1385 1427 1428
f 1388 1387 1429 1430
f 1389 1388 1430 1431
f 1390 1389 1431 1432
f 1391 1390 1432 1433
f 1392 1391 1433 1434
f 1393 1392 1434 1435
f 1394 1393 1435 1436
f 1395 1394 1436 1437
f 1396 1395 1437 1438
f 1397 1396 1438 1439
f 1398 1397 1439 1440
f 1399 1398 1440 1441
f 1400 1399 1441 1442
f 1401 1400 1442 1443
f 1402 1401 1443 1444
f 1403 1402 1444 1445
f 1404 1403 1445 1446
f 1405 1404 1446 1447
f 1406 1405 1447 1448
f 1407 1406 1448 1449
f 1408 1407 1449 1450
f 1409 1408 1450 1451
f 1410 1409 1451 1452
f 1411 1410 1452 1453
f 1412 1411 1453 1454
f 1413 1412 1454 1455
f 1414 1413 1455 1456
f 1415 1414 1456 1457
f 1416 1415 1457 1458
f 1417 1416 1458 1459
f 1418 1417 1459 1460
f 1419 1418 1460 1461
f 1420 1419 1461 1462
f 1421 1420 1462 1463
f 1422 1421 1463 1464
f 1423 1422 1464 1465
f 1424 1423 1465 1466
f 1425 1424 1466 1467
f 1426 1425 1467 1468
f 1427 1426 1468 1469
f 1428 1427 1469 1470
f 1430 1429 1471 1472
f 1431 1430 1472 1473
f 1432 1431 1473 1474
f 1433 1432 1474 1475
f 1434 1433 1475 1476
f 1435 1434 1476 1477
f 1436 1435 1477 1478
f 1437 1436 1478 1479
f 1438 1437 1479 1480
f 1439 1438 1480 1481
f 1440 1439 1481 1482
f 1441 1440 1482 1483
f 1442 1441 1483 1484
f 1443 1442 1484 1485
f 1444 1443 1485 1486
f 1445 1444 1486 1487
f 1446 1445 1487 1488
f 1447 1446 1488 1489
f 1448 1447 1489 1490
f 1449 1448 1490 1491
f 1450 1449 1491 1492
f 1451 1450 1492 1493
f 1452 1451 1493 1494
f 1453 1452 1494 1495
f 1454 1453 1495 1496
f 1455 1454 1496 1497
f 1456 1455 1497 1498
f 1457 1456 1498 1499
f 1458 1457 1499 1500
f 1459 1458 1500 1501
f 1460 1459 1501 1502
f 1461 1460 1502 1503
f 1462 1461 1503 1504
f 1463 1462 1504 1505
f 1464 1463 1505 1506
f 1465 1464 1506 1507
f 1466 1465 1507 1508
f 1467 1466 1508 1509
f 1468 1467 1509 1510
f 1469 1468 1510 1511
f 1470 1469 1511 1512
f 1472 1471 1513 1514
f 1473 1472 1514 1515
f 1474 1473 1515 1516
f 1475 1474 1516 1517
f 1476 1475 1517 1518
f 1477 1476 1518 1519
f 1478 1477 1519 1520
f 1479 1478 1520 1521
f 1480 1479 1521 1522
f 1481 1480 1522 1523
f 1482 1481 1523 1524
f 1483 1482 1524 1525
f 1484 1483 1525 1526
f 1485 1484 1526 1527
f 1486 1485 1527 1528
f 1487 1486 1528 1529
f 1488 1487 1529 1530
f 1489 1488 1530 1531
f 1490 1489 1531 1532
f 1491 1490 1532 1533
f 1492 1491 1533 1534
f 1493 1492 1534 1535
f 1494 1493 1535 1536
f 1495 1494 1536 1537
f 1496 1495 1537 1538
f 1497 1496 1538 1539
f 1498 1497 1539 1540
f 1499 1498 1540 1541
f 1500 1499 1541 1542
f 1501 1500 1542 1543
f 1502 1501 1543 1544
f 1503 1502 1544 1545
f 1504 1503 1545 1546
f 1505 1504 1546 1547
f 1506 1505 1547 1548
f 1507 1506 1548 1549
f 1508 1507 1549 1550
f 1509 1508 1550 1551
f 1510 1509 1551 1552
f 1511 1510 1552 1553
f 1512 1511 1553 1554
f 1514 1513 1555 1556
f 1515 1514 1556 1557
f 1516 1515 1557 1558
f 1517 1516 1558 1559
f 1518 1517 1559 1560
f 1519 1518 1560 1561
f 1520 1519 1561 1562
f 1521 1520 1562 1563
f 1522 1521 1563 1564
f 1523 1522 1564 1565
f 1524 1523 1565 1566
f 1525 1524 1566 1567
f 1526 1525 1567 1568
f 1527 1526 1568 1569
f 1528 1527 1569 1570
f 1529 1528 1570 1571
f 1530 1529 1571 1572
f 1531 1530 1572 1573
f 1532 1531 1573 1574
f 1533 1532 1574 1575
f 1534 1533 1575 1576
f 1535 1534 1576 1577
f 1536 1535 1577 1578
f 1537 1536 1578 1579
f 1538 1537 1579 1580
f 1539 1538 1580 1581
f 1540 1539 1581 1582
f 1541 1540 1582 1583
f 1542 1541 1583 1584
f 1543 1542 1584 1585
f 1544 1543 1585 1586
f 1545 1544 1586 1587
f 1546 1545 1587 1588
f 1547 1546 1588 1589
f 1548 1547 1589 1590
f 1549 1548 1590 1591
f 1550 1549 1591 1592
f 1551 1550 1592 1593
f 1552 1551 1593 1594
f 1553 1552 1594 1595
f 1554 1553 1595 1596
f 1556 1555 1597 1598
f 1557 1556 1598 1599
f 1558 1557 1599 1600
f 1559 1558 1600 1601
f 1560 1559 1601 1602
f 1561 1560 1602 1603
f 1562 1561 1603 1604
f 1563 1562 1604 1605
f 1564 1563 1605 1606
f 1565 1564 1606 1607
f 1566 1565 1607 1608
f 1567 1566 1608 1609
f 1568 1567 1609 1610
f 1569 1568 1610 1611
f 1570 1569 1611 1612
f 1571 1570 1612 1613
f 1572 1571 1613 1614
f 1573 1572 1614 1615
f 1574 1573 1615 1616
f 1575 1574 1616 1617
f 1576 1575 1617 1618
f 1577 1576 1618 1619
f 1578 1577 1619 1620
f 1579 1578 1620 1621
f 1580 1579 1621 1622
f 1581 1580 1622 1623
f 1582 1581 1623 1624
f 1583 1582 1624 1625
f 1584 1583 1625 1626
f 1585 1584 1626 1627
f 1586 1585 1627 1628
f 1587 1586 1628 1629
f 1588 1587 1629 1630
f 1589 1588 1630 1631
f 1590 1589 1631 1632
f 1591 1590 1632 1633
f 1592 1591 1633 1634
f 1593 1592 1634 1635
f 1594 1593 1635 1636
f 1595 1594 1636 1637
f 1596 1595 1637 1638
f 1598 1597 1639 1640
f 1599 1598 1640 1641
f 1600 1599 1641 1642
f 1601 1600 1642 1643
f 1602 1601 1643 1644
f 1603 1602 1644 1645
f 1604 1603 1645 1646
f 1605 1604 1646 1647
f 1606 1605 1647 1648
f 1607 1606 1648 1649
f 1608 1607 1649 1650
f 1609 1608 1650 1651
f 1610 1609 1651 1652
f 1611 1610 1652 1653
f 1612 1611 1653 1654
f 1613 1612 1654 1655
f 1614 1613 1655 1656
f 1615 1614 1656 1657
f 1616 1615 1657 1658
f 1617 1616 1658 1659
f 1618 1617 1659 1660
f 1619 1618 1660 1661
f 1620 1619 1661 1662
f 1621 1620 1662 1663
f 1622 1621 1663 1664
f 1623 1622 1664 1665
f 1624 1623 1665 1666
f 1625 1624 1666 1667
f 1626 1625 1667 1668
f 1627 1626 1668 1669
f 1628 1627 1669 1670
f 1629 1628 1670 1671
f 1630 1629 1671 1672
f 1631 1630 1672 1673
f 1632 1631 1673 1674
f 1633 1632 1674 1675
f 1634 1633 1675 1676
f 1635 1634 1676 1677
f 1636 1635 1677 1678
f 1637 1636 1678 1679
f 1638 1637 1679 1680
f 1640 1639 1681 1682
f 1641 1640 1682 1683
f 1642 1641 1683 1684
f 1643 1642 1684 1685
f 1644 1643 1685 1686
f 1645 1644 1686 1687
f 1646 1645 1687 1688
f 1647 1646 1688 1689
f 1648 1647 1689 1690
f 1649 1648 1690 1691
f 1650 1649 1691 1692
f 1651 1650 1692 1693
f 1652 1651 1693 1694
f 1653 1652 1694 1695
f 1654 1653 1695 1696
f 1655 1654 1696 1697
f 1656 1655 1697 1698
f 1657 1656 1698 1699
f 1658 1657 1699 1700
f 1659 1658 1700 1701
f 1660 1659 1701 1702
f 1661 1660 1702 1703
f 1662 1661 1703 1704
f 1663 1662 1704 1705
f 1664 1663 1705 1706
f 1665 1664 1706 1707
f 1666 1665 1707 1708
f 1667 1666 1708 1709
f 1668 1667 1709 1710
f 1669 1668 1710 1711
f 1670 1669 1711 1712
f 1671 1670 1712 1713
f 1672 1671 1713 1714
f 1673 1672 1714 1715
f 1674 1673 1715 1716
f 1675 1674 1716 1717
f 1676 1675 1717 1718
f 1677 1676 1718 1719
f 1678 1677 1719 1720
f 1679 1678 1720 1721
f 1680 1679 1721 1722
f 1682 1681 1723 1724
f 1683 1682 1724 1725
f 1684 1683 1725 1726
f 1685 1684 1726 1727
f 1686 1685 1727 1728
f 1687 1686 1728 1729
f 1688 1687 1729 1730
f 1689 1688 1730 1731
f 1690 1689 1731 1732
f 1691 1690 1732 1733
f 1692 1691 1733 1734
f 1693 1692 1734 1735
f 1694 1693 1735 1736
f 1695 1694 1736 1737
f 1696 1695 1737 1738
f 1697 1696 1738 1739
f 1698 1697 1739 1740
f 1699 1698 1740 1741
f 1700 1699 1741 1742
f 1701 1700 1742 1743
f 1702 1701 1743 1744
f 1703 1702 1744 1745
f 1704 1703 1745 1746
f 1705 1704 1746 1747
f 1706 1705 1747 1748
f 1707 1706 1748 1749
f 1708 1707 1749 1750
f 1709 1708 1750 1751
f 1710 1709 1751 1752
f 1711 1710 1752 1753
f 1712 1711 1753 1754
f 1713 1712 1754 1755
f 1714 1713 1755 1756
f 1715 1714 1756 1757
f 1716 1715 1757 1758
f 1717 1716 1758 1759
f 1718 1717 1759 1760
f 1719 1718 1760 1761
f 1720 1719 1761 1762
f 1721 1720 1762 1763
f 1722 1721 1763 1764
