# Blender v2.79 (sub 0) OBJ File: ''
# www.blender.org
v -5.000000 0.000000 5.000000
v -5.000000 0.000000 4.565217
v -5.000000 0.000000 4.130435
v -5.000000 0.000000 3.695652
v -5.000000 0.000000 3.260870
v -5.000000 0.000000 2.826087
v -5.000000 0.000000 2.391304
v -5.000000 0.000000 1.956522
v -5.000000 0.000000 1.521739
v -5.000000 0.000000 1.086957
v -5.000000 0.000000 0.652174
v -5.000000 0.000000 0.217391
v -5.000000 0.000000 -0.217391
v -5.000000 0.000000 -0.652174
v -5.000000 0.000000 -1.086957
v -5.000000 0.000000 -1.521739
v -5.000000 0.000000 -1.956522
v -5.000000 0.000000 -2.391304
v -5.000000 0.000000 -2.826087
v -5.000000 0.000000 -3.260870
v -5.000000 0.000000 -3.695652
v -5.000000 0.000000 -4.130435
v -5.000000 0.000000 -4.565217
v -5.000000 0.000000 -5.000000
v -4.565217 0.000000 5.000000
v -4.565217 0.000000 4.565217
v -4.565217 0.000000 4.130435
v -4.565217 -0.000116 3.695652
v -4.565217 -0.037518 3.260870
v -4.565217 -0.097912 2.826087
v -4.565217 -0.127411 2.391304
v -4.565217 -0.156480 1.956522
v -4.565217 -0.159567 1.521739
v -4.565217 -0.155859 1.086957
v -4.565217 -0.145237 0.652174
v -4.565217 -0.133534 0.217391
v -4.565217 -0.094414 -0.217391
v -4.565217 -0.056157 -0.652174
v -4.565217 -0.023674 -1.086957
v -4.565217 0.017319 -1.521739
v -4.565217 0.018472 -1.956522
v -4.565217 0.012969 -2.391304
v -4.565217 0.015103 -2.826087
v -4.565217 0.008645 -3.260870
v -4.565217 0.000031 -3.695652
v -4.565217 0.000000 -4.130435
v -4.565217 0.000000 -4.565217
v -4.565217 0.000000 -5.000000
v -4.130435 0.000000 5.000000
v -4.130435 0.000000 4.565217
v -4.130435 -0.010042 4.130435
v -4.130435 -0.125136 3.695652
v -4.130435 -0.278304 3.260870
v -4.130435 -0.409268 2.826087
v -4.130435 -0.456579 2.391304
v -4.130435 -0.530025 1.956522
v -4.130435 -0.521000 1.521739
v -4.130435 -0.508550 1.086957
v -4.130435 -0.427412 0.652174
v -4.130435 -0.420290 0.217391
v -4.130435 -0.254450 -0.217391
v -4.130435 -0.130754 -0.652174
v -4.130435 -0.013390 -1.086957
v -4.130435 0.096903 -1.521739
v -4.130435 0.157735 -1.956522
v -4.130435 0.118129 -2.391304
v -4.130435 0.106118 -2.826087
v -4.130435 0.109352 -3.260870
v -4.130435 0.063838 -3.695652
v -4.130435 0.005249 -4.130435
v -4.130435 0.000000 -4.565217
v -4.130435 0.000000 -5.000000
v -3.695652 0.000000 5.000000
v -3.695652 -0.000071 4.565217
v -3.695652 -0.097453 4.130435
v -3.695652 -0.321313 3.695652
v -3.695652 -0.633915 3.260870
v -3.695652 -0.723422 2.826087
v -3.695652 -0.786868 2.391304
v -3.695652 -0.809865 1.956522
v -3.695652 -0.879499 1.521739
v -3.695652 -0.785263 1.086957
v -3.695652 -0.687602 0.652174
v -3.695652 -0.621039 0.217391
v -3.695652 -0.342203 -0.217391
v -3.695652 -0.242215 -0.652174
v -3.695652 0.027712 -1.086957
v -3.695652 0.282258 -1.521739
v -3.695652 0.290094 -1.956522
v -3.695652 0.299808 -2.391304
v -3.695652 0.248717 -2.826087
v -3.695652 0.227945 -3.260870
v -3.695652 0.210796 -3.695652
v -3.695652 0.067560 -4.130435
v -3.695652 0.000048 -4.565217
v -3.695652 0.000000 -5.000000
v -3.260870 0.000000 5.000000
v -3.260870 -0.026958 4.565217
v -3.260870 -0.216687 4.130435
v -3.260870 -0.502593 3.695652
v -3.260870 -0.864187 3.260870
v -3.260870 -1.095776 2.826087
v -3.260870 -0.997003 2.391304
v -3.260870 -0.908535 1.956522
v -3.260870 -0.899037 1.521739
v -3.260870 -0.775600 1.086957
v -3.260870 -0.516470 0.652174
v -3.260870 -0.497974 0.217391
v -3.260870 -0.408355 -0.217391
v -3.260870 -0.271897 -0.652174
v -3.260870 0.076754 -1.086957
v -3.260870 0.316687 -1.521739
v -3.260870 0.528979 -1.956522
v -3.260870 0.392222 -2.391304
v -3.260870 0.346338 -2.826087
v -3.260870 0.328872 -3.260870
v -3.260870 0.314880 -3.695652
v -3.260870 0.166630 -4.130435
v -3.260870 0.017844 -4.565217
v -3.260870 0.000000 -5.000000
v -2.826087 0.000000 5.000000
v -2.826087 -0.076001 4.565217
v -2.826087 -0.337331 4.130435
v -2.826087 -0.642728 3.695652
v -2.826087 -0.976675 3.260870
v -2.826087 -1.112716 2.826087
v -2.826087 -0.898203 2.391304
v -2.826087 -0.993570 1.956522
v -2.826087 -0.844082 1.521739
v -2.826087 -0.479412 1.086957
v -2.826087 -0.239309 0.652174
v -2.826087 -0.172066 0.217391
v -2.826087 -0.153910 -0.217391
v -2.826087 -0.004087 -0.652174
v -2.826087 0.261640 -1.086957
v -2.826087 0.603193 -1.521739
v -2.826087 0.593016 -1.956522
v -2.826087 0.481476 -2.391304
v -2.826087 0.534414 -2.826087
v -2.826087 0.463263 -3.260870
v -2.826087 0.340668 -3.695652
v -2.826087 0.220878 -4.130435
v -2.826087 0.035779 -4.565217
v -2.826087 0.000000 -5.000000
v -2.391304 0.000000 5.000000
v -2.391304 -0.107444 4.565217
v -2.391304 -0.435094 4.130435
v -2.391304 -0.753031 3.695652
v -2.391304 -1.004577 3.260870
v -2.391304 -1.037438 2.826087
v -2.391304 -0.982034 2.391304
v -2.391304 -0.813337 1.956522
v -2.391304 -0.532168 1.521739
v -2.391304 -0.141598 1.086957
v -2.391304 0.127892 0.652174
v -2.391304 0.282423 0.217391
v -2.391304 0.130578 -0.217391
v -2.391304 0.352821 -0.652174
v -2.391304 0.481243 -1.086957
v -2.391304 0.684611 -1.521739
v -2.391304 0.745618 -1.956522
v -2.391304 0.776957 -2.391304
v -2.391304 0.871247 -2.826087
v -2.391304 0.649217 -3.260870
v -2.391304 0.521454 -3.695652
v -2.391304 0.315345 -4.130435
v -2.391304 0.073878 -4.565217
v -2.391304 0.000000 -5.000000
v -1.956522 0.000000 5.000000
v -1.956522 -0.099002 4.565217
v -1.956522 -0.373035 4.130435
v -1.956522 -0.819552 3.695652
v -1.956522 -1.072513 3.260870
v -1.956522 -1.034986 2.826087
v -1.956522 -0.955371 2.391304
v -1.956522 -0.669194 1.956522
v -1.956522 -0.116867 1.521739
v -1.956522 -0.025250 1.086957
v -1.956522 0.334171 0.652174
v -1.956522 0.570885 0.217391
v -1.956522 0.505528 -0.217391
v -1.956522 0.943317 -0.652174
v -1.956522 0.830739 -1.086957
v -1.956522 0.616267 -1.521739
v -1.956522 0.707372 -1.956522
v -1.956522 0.959356 -2.391304
v -1.956522 1.129139 -2.826087
v -1.956522 0.685394 -3.260870
v -1.956522 0.637516 -3.695652
v -1.956522 0.405401 -4.130435
v -1.956522 0.108872 -4.565217
v -1.956522 0.000000 -5.000000
v -1.521739 0.000000 5.000000
v -1.521739 -0.086469 4.565217
v -1.521739 -0.303577 4.130435
v -1.521739 -0.620122 3.695652
v -1.521739 -0.806167 3.260870
v -1.521739 -0.861353 2.826087
v -1.521739 -0.827799 2.391304
v -1.521739 -0.365433 1.956522
v -1.521739 0.211150 1.521739
v -1.521739 0.422940 1.086957
v -1.521739 0.521155 0.652174
v -1.521739 0.948667 0.217391
v -1.521739 1.163351 -0.217391
v -1.521739 1.210309 -0.652174
v -1.521739 0.890795 -1.086957
v -1.521739 0.689282 -1.521739
v -1.521739 0.690988 -1.956522
v -1.521739 0.823523 -2.391304
v -1.521739 0.832585 -2.826087
v -1.521739 0.518173 -3.260870
v -1.521739 0.537356 -3.695652
v -1.521739 0.383210 -4.130435
v -1.521739 0.111682 -4.565217
v -1.521739 0.000000 -5.000000
v -1.086957 0.000000 5.000000
v -1.086957 -0.075062 4.565217
v -1.086957 -0.232655 4.130435
v -1.086957 -0.432802 3.695652
v -1.086957 -0.633047 3.260870
v -1.086957 -0.907820 2.826087
v -1.086957 -0.431616 2.391304
v -1.086957 -0.176839 1.956522
v -1.086957 0.402451 1.521739
v -1.086957 0.657684 1.086957
v -1.086957 0.888118 0.652174
v -1.086957 1.202799 0.217391
v -1.086957 1.399878 -0.217391
v -1.086957 1.021326 -0.652174
v -1.086957 0.578888 -1.086957
v -1.086957 0.470787 -1.521739
v -1.086957 0.263831 -1.956522
v -1.086957 0.413371 -2.391304
v -1.086957 0.547167 -2.826087
v -1.086957 0.450798 -3.260870
v -1.086957 0.510042 -3.695652
v -1.086957 0.390088 -4.130435
v -1.086957 0.120834 -4.565217
v -1.086957 0.000000 -5.000000
v -0.652174 0.000000 5.000000
v -0.652174 -0.037287 4.565217
v -0.652174 -0.110690 4.130435
v -0.652174 -0.198168 3.695652
v -0.652174 -0.332184 3.260870
v -0.652174 -0.368133 2.826087
v -0.652174 -0.056076 2.391304
v -0.652174 0.258245 1.956522
v -0.652174 0.354019 1.521739
v -0.652174 0.723818 1.086957
v -0.652174 0.895895 0.652174
v -0.652174 1.178716 0.217391
v -0.652174 1.053881 -0.217391
v -0.652174 0.731068 -0.652174
v -0.652174 0.567523 -1.086957
v -0.652174 0.096888 -1.521739
v -0.652174 0.014715 -1.956522
v -0.652174 0.146816 -2.391304
v -0.652174 0.395777 -2.826087
v -0.652174 0.425639 -3.260870
v -0.652174 0.464646 -3.695652
v -0.652174 0.332564 -4.130435
v -0.652174 0.121206 -4.565217
v -0.652174 0.000000 -5.000000
v -0.217391 0.000000 5.000000
v -0.217391 -0.007933 4.565217
v -0.217391 0.029003 4.130435
v -0.217391 0.121771 3.695652
v -0.217391 0.039980 3.260870
v -0.217391 0.165947 2.826087
v -0.217391 0.571722 2.391304
v -0.217391 0.733590 1.956522
v -0.217391 0.761963 1.521739
v -0.217391 0.855386 1.086957
v -0.217391 0.785757 0.652174
v -0.217391 1.117391 0.217391
v -0.217391 0.993402 -0.217391
v -0.217391 0.627087 -0.652174
v -0.217391 0.235591 -1.086957
v -0.217391 -0.076258 -1.521739
v -0.217391 -0.139052 -1.956522
v -0.217391 -0.337945 -2.391304
v -0.217391 0.118643 -2.826087
v -0.217391 0.402107 -3.260870
v -0.217391 0.355284 -3.695652
v -0.217391 0.246172 -4.130435
v -0.217391 0.091291 -4.565217
v -0.217391 0.000000 -5.000000
v 0.217391 0.000000 5.000000
v 0.217391 -0.015847 4.565217
v 0.217391 0.032487 4.130435
v 0.217391 0.186460 3.695652
v 0.217391 0.305980 3.260870
v 0.217391 0.561647 2.826087
v 0.217391 0.793676 2.391304
v 0.217391 0.885925 1.956522
v 0.217391 0.695217 1.521739
v 0.217391 0.639401 1.086957
v 0.217391 0.681627 0.652174
v 0.217391 0.817230 0.217391
v 0.217391 0.471130 -0.217391
v 0.217391 0.166427 -0.652174
v 0.217391 -0.130424 -1.086957
v 0.217391 -0.186902 -1.521739
v 0.217391 -0.528225 -1.956522
v 0.217391 -0.465784 -2.391304
v 0.217391 -0.138261 -2.826087
v 0.217391 0.175626 -3.260870
v 0.217391 0.172515 -3.695652
v 0.217391 0.167925 -4.130435
v 0.217391 0.076074 -4.565217
v 0.217391 0.000000 -5.000000
v 0.652174 0.000000 5.000000
v 0.652174 -0.009031 4.565217
v 0.652174 0.061642 4.130435
v 0.652174 0.149154 3.695652
v 0.652174 0.283006 3.260870
v 0.652174 0.845385 2.826087
v 0.652174 1.202214 2.391304
v 0.652174 1.310371 1.956522
v 0.652174 1.116030 1.521739
v 0.652174 0.923382 1.086957
v 0.652174 0.911355 0.652174
v 0.652174 0.652354 0.217391
v 0.652174 0.383577 -0.217391
v 0.652174 -0.246813 -0.652174
v 0.652174 -0.485929 -1.086957
v 0.652174 -0.632350 -1.521739
v 0.652174 -1.011831 -1.956522
v 0.652174 -0.745291 -2.391304
v 0.652174 -0.400743 -2.826087
v 0.652174 -0.064813 -3.260870
v 0.652174 -0.016328 -3.695652
v 0.652174 0.044704 -4.130435
v 0.652174 0.039604 -4.565217
v 0.652174 0.000000 -5.000000
v 1.086957 0.000000 5.000000
v 1.086957 0.000014 4.565217
v 1.086957 0.045526 4.130435
v 1.086957 0.186271 3.695652
v 1.086957 0.442651 3.260870
v 1.086957 0.842730 2.826087
v 1.086957 1.308861 2.391304
v 1.086957 1.601719 1.956522
v 1.086957 1.388235 1.521739
v 1.086957 1.062244 1.086957
v 1.086957 0.631240 0.652174
v 1.086957 0.444095 0.217391
v 1.086957 0.154427 -0.217391
v 1.086957 -0.631906 -0.652174
v 1.086957 -0.956466 -1.086957
v 1.086957 -1.113245 -1.521739
v 1.086957 -1.173563 -1.956522
v 1.086957 -0.949198 -2.391304
v 1.086957 -0.476492 -2.826087
v 1.086957 -0.251046 -3.260870
v 1.086957 -0.158931 -3.695652
v 1.086957 -0.031631 -4.130435
v 1.086957 0.006583 -4.565217
v 1.086957 0.000000 -5.000000
v 1.521739 0.000000 5.000000
v 1.521739 0.005867 4.565217
v 1.521739 0.021564 4.130435
v 1.521739 0.185981 3.695652
v 1.521739 0.437519 3.260870
v 1.521739 0.672102 2.826087
v 1.521739 1.171706 2.391304
v 1.521739 1.346006 1.956522
v 1.521739 1.257506 1.521739
v 1.521739 1.032127 1.086957
v 1.521739 0.495851 0.652174
v 1.521739 0.048387 0.217391
v 1.521739 -0.270974 -0.217391
v 1.521739 -0.674550 -0.652174
v 1.521739 -1.005869 -1.086957
v 1.521739 -1.048339 -1.521739
v 1.521739 -1.420903 -1.956522
v 1.521739 -1.421233 -2.391304
v 1.521739 -1.071696 -2.826087
v 1.521739 -0.791403 -3.260870
v 1.521739 -0.395443 -3.695652
v 1.521739 -0.183168 -4.130435
v 1.521739 -0.049572 -4.565217
v 1.521739 0.000000 -5.000000
v 1.956522 0.000000 5.000000
v 1.956522 0.018391 4.565217
v 1.956522 0.030979 4.130435
v 1.956522 0.104269 3.695652
v 1.956522 0.409447 3.260870
v 1.956522 0.627916 2.826087
v 1.956522 1.020132 2.391304
v 1.956522 1.259747 1.956522
v 1.956522 1.103088 1.521739
v 1.956522 0.713529 1.086957
v 1.956522 0.232676 0.652174
v 1.956522 -0.058189 0.217391
v 1.956522 -0.662105 -0.217391
v 1.956522 -0.957608 -0.652174
v 1.956522 -1.231021 -1.086957
v 1.956522 -1.211430 -1.521739
v 1.956522 -1.583329 -1.956522
v 1.956522 -1.545630 -2.391304
v 1.956522 -1.469259 -2.826087
v 1.956522 -1.137744 -3.260870
v 1.956522 -0.774985 -3.695652
v 1.956522 -0.389741 -4.130435
v 1.956522 -0.102618 -4.565217
v 1.956522 0.000000 -5.000000
v 2.391304 0.000000 5.000000
v 2.391304 0.049126 4.565217
v 2.391304 0.124068 4.130435
v 2.391304 0.201404 3.695652
v 2.391304 0.355288 3.260870
v 2.391304 0.605213 2.826087
v 2.391304 0.930700 2.391304
v 2.391304 1.143237 1.956522
v 2.391304 1.051198 1.521739
v 2.391304 0.848358 1.086957
v 2.391304 0.465680 0.652174
v 2.391304 -0.074208 0.217391
v 2.391304 -0.598285 -0.217391
v 2.391304 -1.049009 -0.652174
v 2.391304 -1.234573 -1.086957
v 2.391304 -1.510088 -1.521739
v 2.391304 -1.731245 -1.956522
v 2.391304 -1.756490 -2.391304
v 2.391304 -1.639649 -2.826087
v 2.391304 -1.472625 -3.260870
v 2.391304 -0.957260 -3.695652
v 2.391304 -0.461441 -4.130435
v 2.391304 -0.115476 -4.565217
v 2.391304 0.000000 -5.000000
v 2.826087 0.000000 5.000000
v 2.826087 0.054678 4.565217
v 2.826087 0.194788 4.130435
v 2.826087 0.332855 3.695652
v 2.826087 0.406273 3.260870
v 2.826087 0.534452 2.826087
v 2.826087 0.675593 2.391304
v 2.826087 0.789305 1.956522
v 2.826087 0.895625 1.521739
v 2.826087 0.791180 1.086957
v 2.826087 0.249808 0.652174
v 2.826087 -0.192354 0.217391
v 2.826087 -0.441400 -0.217391
v 2.826087 -0.956303 -0.652174
v 2.826087 -1.299866 -1.086957
v 2.826087 -1.659946 -1.521739
v 2.826087 -1.658015 -1.956522
v 2.826087 -1.548263 -2.391304
v 2.826087 -1.501344 -2.826087
v 2.826087 -1.417256 -3.260870
v 2.826087 -0.967179 -3.695652
v 2.826087 -0.433916 -4.130435
v 2.826087 -0.089275 -4.565217
v 2.826087 0.000000 -5.000000
v 3.260870 0.000000 5.000000
v 3.260870 0.024228 4.565217
v 3.260870 0.178879 4.130435
v 3.260870 0.416461 3.695652
v 3.260870 0.547100 3.260870
v 3.260870 0.717099 2.826087
v 3.260870 0.520847 2.391304
v 3.260870 0.498109 1.956522
v 3.260870 0.544521 1.521739
v 3.260870 0.370219 1.086957
v 3.260870 0.150386 0.652174
v 3.260870 -0.184749 0.217391
v 3.260870 -0.509970 -0.217391
v 3.260870 -0.945686 -0.652174
v 3.260870 -1.348837 -1.086957
v 3.260870 -1.424830 -1.521739
v 3.260870 -1.395523 -1.956522
v 3.260870 -1.394776 -2.391304
v 3.260870 -1.370880 -2.826087
v 3.260870 -1.202538 -3.260870
v 3.260870 -0.805877 -3.695652
v 3.260870 -0.351699 -4.130435
v 3.260870 -0.041012 -4.565217
v 3.260870 0.000000 -5.000000
v 3.695652 0.000000 5.000000
v 3.695652 0.000078 4.565217
v 3.695652 0.115852 4.130435
v 3.695652 0.313221 3.695652
v 3.695652 0.502231 3.260870
v 3.695652 0.479038 2.826087
v 3.695652 0.429414 2.391304
v 3.695652 0.237127 1.956522
v 3.695652 0.257426 1.521739
v 3.695652 0.254308 1.086957
v 3.695652 0.129648 0.652174
v 3.695652 -0.233792 0.217391
v 3.695652 -0.515226 -0.217391
v 3.695652 -0.780607 -0.652174
v 3.695652 -0.940660 -1.086957
v 3.695652 -0.952584 -1.521739
v 3.695652 -0.936741 -1.956522
v 3.695652 -0.976171 -2.391304
v 3.695652 -0.946305 -2.826087
v 3.695652 -0.801399 -3.260870
v 3.695652 -0.482810 -3.695652
v 3.695652 -0.160190 -4.130435
v 3.695652 -0.000125 -4.565217
v 3.695652 0.000000 -5.000000
v 4.130435 0.000000 5.000000
v 4.130435 0.000000 4.565217
v 4.130435 0.010167 4.130435
v 4.130435 0.116222 3.695652
v 4.130435 0.257979 3.260870
v 4.130435 0.269319 2.826087
v 4.130435 0.244787 2.391304
v 4.130435 0.213362 1.956522
v 4.130435 0.169261 1.521739
v 4.130435 0.164217 1.086957
v 4.130435 0.022253 0.652174
v 4.130435 -0.084462 0.217391
v 4.130435 -0.231689 -0.217391
v 4.130435 -0.389604 -0.652174
v 4.130435 -0.534026 -1.086957
v 4.130435 -0.590619 -1.521739
v 4.130435 -0.524163 -1.956522
v 4.130435 -0.546653 -2.391304
v 4.130435 -0.519186 -2.826087
v 4.130435 -0.368640 -3.260870
v 4.130435 -0.166843 -3.695652
v 4.130435 -0.014026 -4.130435
v 4.130435 0.000000 -4.565217
v 4.130435 0.000000 -5.000000
v 4.565217 0.000000 5.000000
v 4.565217 0.000000 4.565217
v 4.565217 0.000000 4.130435
v 4.565217 0.000094 3.695652
v 4.565217 0.030420 3.260870
v 4.565217 0.052898 2.826087
v 4.565217 0.064931 2.391304
v 4.565217 0.075813 1.956522
v 4.565217 0.048195 1.521739
v 4.565217 0.042450 1.086957
v 4.565217 0.003339 0.652174
v 4.565217 -0.029793 0.217391
v 4.565217 -0.065305 -0.217391
v 4.565217 -0.092024 -0.652174
v 4.565217 -0.152928 -1.086957
v 4.565217 -0.187876 -1.521739
v 4.565217 -0.182227 -1.956522
v 4.565217 -0.145286 -2.391304
v 4.565217 -0.106530 -2.826087
v 4.565217 -0.044426 -3.260870
v 4.565217 -0.000126 -3.695652
v 4.565217 0.000000 -4.130435
v 4.565217 0.000000 -4.565217
v 4.565217 0.000000 -5.000000
v 5.000000 0.000000 5.000000
v 5.000000 0.000000 4.565217
v 5.000000 0.000000 4.130435
v 5.000000 0.000000 3.695652
v 5.000000 0.000000 3.260870
v 5.000000 0.000000 2.826087
v 5.000000 0.000000 2.391304
v 5.000000 0.000000 1.956522
v 5.000000 0.000000 1.521739
v 5.000000 0.000000 1.086957
v 5.000000 0.000000 0.652174
v 5.000000 0.000000 0.217391
v 5.000000 0.000000 -0.217391
v 5.000000 0.000000 -0.652174
v 5.000000 0.000000 -1.086957
v 5.000000 0.000000 -1.521739
v 5.000000 0.000000 -1.956522
v 5.000000 0.000000 -2.391304
v 5.000000 0.000000 -2.826087
v 5.000000 0.000000 -3.260870
v 5.000000 0.000000 -3.695652
v 5.000000 0.000000 -4.130435
v 5.000000 0.000000 -4.565217
v 5.000000 0.000000 -5.000000
s 1
f 2 1 25 26
f 3 2 26 27
f 4 3 27 28
f 5 4 28 29
f 6 5 29 30
f 7 6 30 31
f 8 7 31 32
f 9 8 32 33
f 10 9 33 34
f 11 10 34 35
f 12 11 35 36
f 13 12 36 37
f 14 13 37 38
f 15 14 38 39
f 16 15 39 40
f 17 16 40 41
f 18 17 41 42
f 19 18 42 43
f 20 19 43 44
f 21 20 44 45
f 22 21 45 46
f 23 22 46 47
f 24 23 47 48
f 26 25 49 50
f 27 26 50 51
f 28 27 51 52
f 29 28 52 53
f 30 29 53 54
f 31 30 54 55
f 32 31 55 56
f 33 32 56 57
f 34 33 57 58
f 35 34 58 59
f 36 35 59 60
f 37 36 60 61
f 38 37 61 62
f 39 38 62 63
f 40 39 63 64
f 41 40 64 65
f 42 41 65 66
f 43 42 66 67
f 44 43 67 68
f 45 44 68 69
f 46 45 69 70
f 47 46 70 71
f 48 47 71 72
f 50 49 73 74
f 51 50 74 75
f 52 51 75 76
f 53 52 76 77
f 54 53 77 78
f 55 54 78 79
f 56 55 79 80
f 57 56 80 81
f 58 57 81 82
f 59 58 82 83
f 60 59 83 84
f 61 60 84 85
f 62 61 85 86
f 63 62 86 87
f 64 63 87 88
f 65 64 88 89
f 66 65 89 90
f 67 66 90 91
f 68 67 91 92
f 69 68 92 93
f 70 69 93 94
f 71 70 94 95
f 72 71 95 96
f 74 73 97 98
f 75 74 98 99
f 76 75 99 100
f 77 76 100 101
f 78 77 101 102
f 79 78 102 103
f 80 79 103 104
f 81 80 104 105
f 82 81 105 106
f 83 82 106 107
f 84 83 107 108
f 85 84 108 109
f 86 85 109 110
f 87 86 110 111
f 88 87 111 112
f 89 88 112 113
f 90 89 113 114
f 91 90 114 115
f 92 91 115 116
f 93 92 116 117
f 94 93 117 118
f 95 94 118 119
f 96 95 119 120
f 98 97 121 122
f 99 98 122 123
f 100 99 123 124
f 101 100 124 125
f 102 101 125 126
f 103 102 126 127
f 104 103 127 128
f 105 104 128 129
f 106 105 129 130
f 107 106 130 131
f 108 107 131 132
f 109 108 132 133
f 110 109 133 134
f 111 110 134 135
f 112 111 135 136
f 113 112 136 137
f 114 113 137 138
f 115 114 138 139
f 116 115 139 140
f 117 116 140 141
f 118 117 141 142
f 119 118 142 143
f 120 119 143 144
f 122 121 145 146
f 123 122 146 147
f 124 123 147 148
f 125 124 148 149
f 126 125 149 150
f 127 126 150 151
f 128 127 151 152
f 129 128 152 153
f 130 129 153 154
f 131 130 154 155
f 132 131 155 156
f 133 132 156 157
f 134 133 157 158
f 135 134 158 159
f 136 135 159 160
f 137 136 160 161
f 138 137 161 162
f 139 138 162 163
f 140 139 163 164
f 141 140 164 165
f 142 141 165 166
f 143 142 166 167
f 144 143 167 168
f 146 145 169 170
f 147 146 170 171
f 148 147 171 172
f 149 148 172 173
f 150 149 173 174
f 151 150 174 175
f 152 151 175 176
f 153 152 176 177
f 154 153 177 178
f 155 154 178 179
f 156 155 179 180
f 157 156 180 181
f 158 157 181 182
f 159 158 182 183
f 160 159 183 184
f 161 160 184 185
f 162 161 185 186
f 163 162 186 187
f 164 163 187 188
f 165 164 188 189
f 166 165 189 190
f 167 166 190 191
f 168 167 191 192
f 170 169 193 194
f 171 170 194 195
f 172 171 195 196
f 173 172 196 197
f 174 173 197 198
f 175 174 198 199
f 176 175 199 200
f 177 176 200 201
f 178 177 201 202
f 179 178 202 203
f 180 179 203 204
f 181 180 204 205
f 182 181 205 206
f 183 182 206 207
f 184 183 207 208
f 185 184 208 209
f 186 185 209 210
f 187 186 210 211
f 188 187 211 212
f 189 188 212 213
f 190 189 213 214
f 191 190 214 215
f 192 191 215 216
f 194 193 217 218
f 195 194 218 219
f 196 195 219 220
f 197 196 220 221
f 198 197 221 222
f 199 198 222 223
f 200 199 223 224
f 201 200 224 225
f 202 201 225 226
f 203 202 226 227
f 204 203 227 228
f 205 204 228 229
f 206 205 229 230
f 207 206 230 231
f 208 207 231 232
f 209 208 232 233
f 210 209 233 234
f 211 210 234 235
f 212 211 235 236
f 213 212 236 237
f 214 213 237 238
f 215 214 238 239
f 216 215 239 240
f 218 217 241 242
f 219 218 242 243
f 220 219 243 244
f 221 220 244 245
f 222 221 245 246
f 223 222 246 247
f 224 223 247 248
f 225 224 248 249
f 226 225 249 250
f 227 226 250 251
f 228 227 251 252
f 229 228 252 253
f 230 229 253 254
f 231 230 254 255
f 232 231 255 256
f 233 232 256 257
f 234 233 257 258
f 235 234 258 259
f 236 235 259 260
f 237 236 260 261
f 238 237 261 262
f 239 238 262 263
f 240 239 263 264
f 242 241 265 266
f 243 242 266 267
f 244 243 267 268
f 245 244 268 269
f 246 245 269 270
f 247 246 270 271
f 248 247 271 272
f 249 248 272 273
f 250 249 273 274
f 251 250 274 275
f 252 251 275 276
f 253 252 276 277
f 254 253 277 278
f 255 254 278 279
f 256 255 279 280
f 257 256 280 281
f 258 257 281 282
f 259 258 282 283
f 260 259 283 284
f 261 260 284 285
f 262 261 285 286
f 263 262 286 287
f 264 263 287 288
f 266 265 289 290
f 267 266 290 291
f 268 267 291 292
f 269 268 292 293
f 270 269 293 294
f 271 270 294 295
f 272 271 295 296
f 273 272 296 297
f 274 273 297 298
f 275 274 298 299
f 276 275 299 300
f 277 276 300 301
f 278 277 301 302
f 279 278 302 303
f 280 279 303 304
f 281 280 304 305
f 282 281 305 306
f 283 282 306 307
f 284 283 307 308
f 285 284 308 309
f 286 285 309 310
f 287 286 310 311
f 288 287 311 312
f 290 289 313 314
f 291 290 314 315
f 292 291 315 316
f 293 292 316 317
f 294 293 317 318
f 295 294 318 319
f 296 295 319 320
f 297 296 320 321
f 298 297 321 322
f 299 298 322 323
f 300 299 323 324
f 301 300 324 325
f 302 301 325 326
f 303 302 326 327
f 304 303 327 328
f 305 304 328 329
f 306 305 329 330
f 307 306 330 331
f 308 307 331 332
f 309 308 332 333
f 310 309 333 334
f 311 310 334 335
f 312 311 335 336
f 314 313 337 338
f 315 314 338 339
f 316 315 339 340
f 317 316 340 341
f 318 317 341 342
f 319 318 342 343
f 320 319 343 344
f 321 320 344 345
f 322 321 345 346
f 323 322 346 347
f 324 323 347 348
f 325 324 348 349
f 326 325 349 350
f 327 326 350 351
f 328 327 351 352
f 329 328 352 353
f 330 329 353 354
f 331 330 354 355
f 332 331 355 356
f 333 332 356 357
f 334 333 357 358
f 335 334 358 359
f 336 335 359 360
f 338 337 361 362
f 339 338 362 363
f 340 339 363 364
f 341 340 364 365
f 342 341 365 366
f 343 342 366 367
f 344 343 367 368
f 345 344 368 369
f 346 345 369 370
f 347 346 370 371
f 348 347 371 372
f 349 348 372 373
f 350 349 373 374
f 351 350 374 375
f 352 351 375 376
f 353 352 376 377
f 354 353 377 378
f 355 354 378 379
f 356 355 379 380
f 357 356 380 381
f 358 357 381 382
f 359 358 382 383
f 360 359 383 384
f 362 361 385 386
f 363 362 386 387
f 364 363 387 388
f 365 364 388 389
f 366 365 389 390
f 367 366 390 391
f 368 367 391 392
f 369 368 392 393
f 370 369 393 394
f 371 370 394 395
f 372 371 395 396
f 373 372 396 397
f 374 373 397 398
f 375 374 398 399
f 376 375 399 400
f 377 376 400 401
f 378 377 401 402
f 379 378 402 403
f 380 379 403 404
f 381 380 404 405
f 382 381 405 406
f 383 382 406 407
f 384 383 407 408
f 386 385 409 410
f 387 386 410 411
f 388 387 411 412
f 389 388 412 413
f 390 389 413 414
f 391 390 414 415
f 392 391 415 416
f 393 392 416 417
f 394 393 417 418
f 395 394 418 419
f 396 395 419 420
f 397 396 420 421
f 398 397 421 422
f 399 398 422 423
f 400 399 423 424
f 401 400 424 425
f 402 401 425 426
f 403 402 426 427
f 404 403 427 428
f 405 404 428 429
f 406 405 429 430
f 407 406 430 431
f 408 407 431 432
f 410 409 433 434
f 411 410 434 435
f 412 411 435 436
f 413 412 436 437
f 414 413 437 438
f 415 414 438 439
f 416 415 439 440
f 417 416 440 441
f 418 417 441 442
f 419 418 442 443
f 420 419 443 444
f 421 420 444 445
f 422 421 445 446
f 423 422 446 447
f 424 423 447 448
f 425 424 448 449
f 426 425 449 450
f 427 426 450 451
f 428 427 451 452
f 429 428 452 453
f 430 429 453 454
f 431 430 454 455
f 432 431 455 456
f 434 433 457 458
f 435 434 458 459
f 436 435 459 460
f 437 436 460 461
f 438 437 461 462
f 439 438 462 463
f 440 439 463 464
f 441 440 464 465
f 442 441 465 466
f 443 442 466 467
f 444 443 467 468
f 445 444 468 469
f 446 445 469 470
f 447 446 470 471
f 448 447 471 472
f 449 448 472 473
f 450 449 473 474
f 451 450 474 475
f 452 451 475 476
f 453 452 476 477
f 454 453 477 478
f 455 454 478 479
f 456 455 479 480
f 458 457 481 482
f 459 458 482 483
f 460 459 483 484
f 461 460 484 485
f 462 461 485 486
f 463 462 486 487
f 464 463 487 488
f 465 464 488 489
f 466 465 489 490
f 467 466 490 491
f 468 467 491 492
f 469 468 492 493
f 470 469 493 494
f 471 470 494 495
f 472 471 495 496
f 473 472 496 497
f 474 473 497 498
f 475 474 498 499
f 476 475 499 500
f 477 476 500 501
f 478 477 501 502
f 479 478 502 503
f 480 479 503 504
f 482 481 505 506
f 483 482 506 507
f 484 483 507 508
f 485 484 508 509
f 486 485 509 510
f 487 486 510 511
f 488 487 511 512
f 489 488 512 513
f 490 489 513 514
f 491 490 514 515
f 492 491 515 516
f 493 492 516 517
f 494 493 517 518
f 495 494 518 519
f 496 495 519 520
f 497 496 520 521
f 498 497 521 522
f 499 498 522 523
f 500 499 523 524
f 501 500 524 525
f 502 501 525 526
f 503 502 526 527
f 504 503 527 528
f 506 505 529 530
f 507 506 530 531
f 508 507 531 532
f 509 508 532 533
f 510 509 533 534
f 511 510 534 535
f 512 511 535 536
f 513 512 536 537
f 514 513 537 538
f 515 514 538 539
f 516 515 539 540
f 517 516 540 541
f 518 517 541 542
f 519 518 542 543
f 520 519 543 544
f 521 520 544 545
f 522 521 545 546
f 523 522 546 547
f 524 523 547 548
f 525 524 548 549
f 526 525 549 550
f 527 526 550 551
f 528 527 551 552
f 530 529 553 554
f 531 530 554 555
f 532 531 555 556
f 533 532 556 557
f 534 533 557 558
f 535 534 558 559
f 536 535 559 560
f 537 536 560 561
f 538 537 561 562
f 539 538 562 563
f 540 539 563 564
f 541 540 564 565
f 542 541 565 566
f 543 542 566 567
f 544 543 567 568
f 545 544 568 569
f 546 545 569 570
f 547 546 570 571
f 548 547 571 572
f 549 548 572 573
f 550 549 573 574
f 551 550 574 575
f 552 551 575 576
