# Blender v2.79 (sub 0) OBJ File: ''
# www.blender.org
v -5.000000 0.000000 5.000000
v -5.000000 0.000000 4.743590
v -5.000000 0.000000 4.487180
v -5.000000 0.000000 4.230769
v -5.000000 0.000000 3.974359
v -5.000000 0.000000 3.717949
v -5.000000 0.000000 3.461539
v -5.000000 0.000000 3.205128
v -5.000000 0.000000 2.948718
v -5.000000 0.000000 2.692308
v -5.000000 0.000000 2.435897
v -5.000000 0.000000 2.179487
v -5.000000 0.000000 1.923077
v -5.000000 0.000000 1.666667
v -5.000000 0.000000 1.410257
v -5.000000 0.000000 1.153846
v -5.000000 0.000000 0.897436
v -5.000000 0.000000 0.641026
v -5.000000 0.000000 0.384615
v -5.000000 0.000000 0.128205
v -5.000000 0.000000 -0.128205
v -5.000000 0.000000 -0.384615
v -5.000000 0.000000 -0.641026
v -5.000000 0.000000 -0.897436
v -5.000000 0.000000 -1.153846
v -5.000000 0.000000 -1.410257
v -5.000000 0.000000 -1.666667
v -5.000000 0.000000 -1.923077
v -5.000000 0.000000 -2.179487
v -5.000000 0.000000 -2.435897
v -5.000000 0.000000 -2.692308
v -5.000000 0.000000 -2.948718
v -5.000000 0.000000 -3.205128
v -5.000000 0.000000 -3.461539
v -5.000000 0.000000 -3.717949
v -5.000000 0.000000 -3.974359
v -5.000000 0.000000 -4.230769
v -5.000000 0.000000 -4.487180
v -5.000000 0.000000 -4.743590
v -5.000000 0.000000 -5.000000
v -4.743590 0.000000 5.000000
v -4.743590 0.000000 4.743590
v -4.743590 0.000000 4.487180
v -4.743590 0.000000 4.230769
v -4.743590 0.000000 3.974359
v -4.743590 0.000000 3.717949
v -4.743590 0.000000 3.461539
v -4.743590 -0.001134 3.205128
v -4.743590 -0.011905 2.948718
v -4.743590 -0.026048 2.692308
v -4.743590 -0.036625 2.435897
v -4.743590 -0.044809 2.179487
v -4.743590 -0.052503 1.923077
v -4.743590 -0.060328 1.666667
v -4.743590 -0.058791 1.410257
v -4.743590 -0.053795 1.153846
v -4.743590 -0.050896 0.897436
v -4.743590 -0.054002 0.641026
v -4.743590 -0.055699 0.384615
v -4.743590 -0.050856 0.128205
v -4.743590 -0.039335 -0.128205
v -4.743590 -0.030584 -0.384615
v -4.743590 -0.024533 -0.641026
v -4.743590 -0.020364 -0.897436
v -4.743590 -0.008080 -1.153846
v -4.743590 -0.000121 -1.410257
v -4.743590 0.002814 -1.666667
v -4.743590 0.003973 -1.923077
v -4.743590 0.004632 -2.179487
v -4.743590 0.001753 -2.435897
v -4.743590 0.002656 -2.692308
v -4.743590 0.001373 -2.948718
v -4.743590 0.000183 -3.205128
v -4.743590 0.000000 -3.461539
v -4.743590 0.000000 -3.717949
v -4.743590 0.000000 -3.974359
v -4.743590 0.000000 -4.230769
v -4.743590 0.000000 -4.487180
v -4.743590 0.000000 -4.743590
v -4.743590 0.000000 -5.000000
v -4.487180 0.000000 5.000000
v -4.487180 0.000000 4.743590
v -4.487180 0.000000 4.487180
v -4.487180 0.000000 4.230769
v -4.487180 0.000000 3.974359
v -4.487180 -0.005466 3.717949
v -4.487180 -0.036633 3.461539
v -4.487180 -0.081341 3.205128
v -4.487180 -0.125119 2.948718
v -4.487180 -0.155866 2.692308
v -4.487180 -0.176976 2.435897
v -4.487180 -0.185630 2.179487
v -4.487180 -0.220028 1.923077
v -4.487180 -0.219032 1.666667
v -4.487180 -0.210230 1.410257
v -4.487180 -0.202602 1.153846
v -4.487180 -0.214504 0.897436
v -4.487180 -0.197574 0.641026
v -4.487180 -0.173676 0.384615
v -4.487180 -0.180424 0.128205
v -4.487180 -0.145129 -0.128205
v -4.487180 -0.095011 -0.384615
v -4.487180 -0.072747 -0.641026
v -4.487180 -0.059995 -0.897436
v -4.487180 -0.016676 -1.153846
v -4.487180 0.020850 -1.410257
v -4.487180 0.030072 -1.666667
v -4.487180 0.032892 -1.923077
v -4.487180 0.021933 -2.179487
v -4.487180 0.019560 -2.435897
v -4.487180 0.025181 -2.692308
v -4.487180 0.020316 -2.948718
v -4.487180 0.018336 -3.205128
v -4.487180 0.011665 -3.461539
v -4.487180 0.001679 -3.717949
v -4.487180 0.000000 -3.974359
v -4.487180 0.000000 -4.230769
v -4.487180 0.000000 -4.487180
v -4.487180 0.000000 -4.743590
v -4.487180 0.000000 -5.000000
v -4.230769 0.000000 5.000000
v -4.230769 0.000000 4.743590
v -4.230769 0.000000 4.487180
v -4.230769 0.000000 4.230769
v -4.230769 -0.017723 3.974359
v -4.230769 -0.075948 3.717949
v -4.230769 -0.153117 3.461539
v -4.230769 -0.230648 3.205128
v -4.230769 -0.304112 2.948718
v -4.230769 -0.357908 2.692308
v -4.230769 -0.377916 2.435897
v -4.230769 -0.428643 2.179487
v -4.230769 -0.444032 1.923077
v -4.230769 -0.455572 1.666667
v -4.230769 -0.413783 1.410257
v -4.230769 -0.411723 1.153846
v -4.230769 -0.407944 0.897436
v -4.230769 -0.358571 0.641026
v -4.230769 -0.345405 0.384615
v -4.230769 -0.322593 0.128205
v -4.230769 -0.246706 -0.128205
v -4.230769 -0.173182 -0.384615
v -4.230769 -0.108482 -0.641026
v -4.230769 -0.079977 -0.897436
v -4.230769 0.007616 -1.153846
v -4.230769 0.050177 -1.410257
v -4.230769 0.099049 -1.666667
v -4.230769 0.122451 -1.923077
v -4.230769 0.079960 -2.179487
v -4.230769 0.081627 -2.435897
v -4.230769 0.069809 -2.692308
v -4.230769 0.069530 -2.948718
v -4.230769 0.071258 -3.205128
v -4.230769 0.063043 -3.461539
v -4.230769 0.037217 -3.717949
v -4.230769 0.008342 -3.974359
v -4.230769 0.000000 -4.230769
v -4.230769 0.000000 -4.487180
v -4.230769 0.000000 -4.743590
v -4.230769 0.000000 -5.000000
v -3.974359 0.000000 5.000000
v -3.974359 0.000000 4.743590
v -3.974359 0.000000 4.487180
v -3.974359 -0.014220 4.230769
v -3.974359 -0.080370 3.974359
v -3.974359 -0.187568 3.717949
v -3.974359 -0.291804 3.461539
v -3.974359 -0.411039 3.205128
v -3.974359 -0.477817 2.948718
v -3.974359 -0.565702 2.692308
v -3.974359 -0.586412 2.435897
v -3.974359 -0.605956 2.179487
v -3.974359 -0.687029 1.923077
v -3.974359 -0.727294 1.666667
v -3.974359 -0.652359 1.410257
v -3.974359 -0.643163 1.153846
v -3.974359 -0.598270 0.897436
v -3.974359 -0.543386 0.641026
v -3.974359 -0.516376 0.384615
v -3.974359 -0.477368 0.128205
v -3.974359 -0.360215 -0.128205
v -3.974359 -0.225811 -0.384615
v -3.974359 -0.165029 -0.641026
v -3.974359 -0.096537 -0.897436
v -3.974359 0.041337 -1.153846
v -3.974359 0.134116 -1.410257
v -3.974359 0.194931 -1.666667
v -3.974359 0.210408 -1.923077
v -3.974359 0.203697 -2.179487
v -3.974359 0.168457 -2.435897
v -3.974359 0.180544 -2.692308
v -3.974359 0.176803 -2.948718
v -3.974359 0.167818 -3.205128
v -3.974359 0.152812 -3.461539
v -3.974359 0.107759 -3.717949
v -3.974359 0.053598 -3.974359
v -3.974359 0.009193 -4.230769
v -3.974359 0.000000 -4.487180
v -3.974359 0.000000 -4.743590
v -3.974359 0.000000 -5.000000
v -3.717949 0.000000 5.000000
v -3.717949 0.000000 4.743590
v -3.717949 -0.003506 4.487180
v -3.717949 -0.056179 4.230769
v -3.717949 -0.155980 3.974359
v -3.717949 -0.293671 3.717949
v -3.717949 -0.458853 3.461539
v -3.717949 -0.650845 3.205128
v -3.717949 -0.700502 2.948718
v -3.717949 -0.750471 2.692308
v -3.717949 -0.786007 2.435897
v -3.717949 -0.781096 2.179487
v -3.717949 -0.817007 1.923077
v -3.717949 -0.873995 1.666667
v -3.717949 -0.854470 1.410257
v -3.717949 -0.767912 1.153846
v -3.717949 -0.713102 0.897436
v -3.717949 -0.674039 0.641026
v -3.717949 -0.644687 0.384615
v -3.717949 -0.597172 0.128205
v -3.717949 -0.435191 -0.128205
v -3.717949 -0.265170 -0.384615
v -3.717949 -0.242084 -0.641026
v -3.717949 -0.068768 -0.897436
v -3.717949 0.052260 -1.153846
v -3.717949 0.238911 -1.410257
v -3.717949 0.258499 -1.666667
v -3.717949 0.275976 -1.923077
v -3.717949 0.325248 -2.179487
v -3.717949 0.279461 -2.435897
v -3.717949 0.280093 -2.692308
v -3.717949 0.243897 -2.948718
v -3.717949 0.232010 -3.205128
v -3.717949 0.238827 -3.461539
v -3.717949 0.195957 -3.717949
v -3.717949 0.109220 -3.974359
v -3.717949 0.040469 -4.230769
v -3.717949 0.002309 -4.487180
v -3.717949 0.000000 -4.743590
v -3.717949 0.000000 -5.000000
v -3.461539 0.000000 5.000000
v -3.461539 0.000000 4.743590
v -3.461539 -0.025257 4.487180
v -3.461539 -0.117616 4.230769
v -3.461539 -0.240681 3.974359
v -3.461539 -0.397775 3.717949
v -3.461539 -0.616243 3.461539
v -3.461539 -0.836485 3.205128
v -3.461539 -0.920817 2.948718
v -3.461539 -0.951150 2.692308
v -3.461539 -0.936967 2.435897
v -3.461539 -0.919736 2.179487
v -3.461539 -0.891480 1.923077
v -3.461539 -0.926795 1.666667
v -3.461539 -0.940137 1.410257
v -3.461539 -0.906915 1.153846
v -3.461539 -0.788653 0.897436
v -3.461539 -0.646348 0.641026
v -3.461539 -0.651853 0.384615
v -3.461539 -0.561600 0.128205
v -3.461539 -0.468934 -0.128205
v -3.461539 -0.286763 -0.384615
v -3.461539 -0.217736 -0.641026
v -3.461539 -0.052509 -0.897436
v -3.461539 0.093571 -1.153846
v -3.461539 0.236872 -1.410257
v -3.461539 0.362143 -1.666667
v -3.461539 0.482988 -1.923077
v -3.461539 0.438642 -2.179487
v -3.461539 0.325899 -2.435897
v -3.461539 0.322503 -2.692308
v -3.461539 0.260834 -2.948718
v -3.461539 0.270137 -3.205128
v -3.461539 0.266992 -3.461539
v -3.461539 0.265832 -3.717949
v -3.461539 0.177033 -3.974359
v -3.461539 0.080193 -4.230769
v -3.461539 0.017692 -4.487180
v -3.461539 0.000000 -4.743590
v -3.461539 0.000000 -5.000000
v -3.205128 0.000000 5.000000
v -3.205128 -0.000752 4.743590
v -3.205128 -0.056948 4.487180
v -3.205128 -0.173592 4.230769
v -3.205128 -0.316753 3.974359
v -3.205128 -0.510328 3.717949
v -3.205128 -0.680368 3.461539
v -3.205128 -0.913855 3.205128
v -3.205128 -1.082485 2.948718
v -3.205128 -1.121157 2.692308
v -3.205128 -1.014143 2.435897
v -3.205128 -0.956244 2.179487
v -3.205128 -0.906498 1.923077
v -3.205128 -0.894120 1.666667
v -3.205128 -0.850522 1.410257
v -3.205128 -0.766520 1.153846
v -3.205128 -0.712150 0.897436
v -3.205128 -0.467689 0.641026
v -3.205128 -0.492354 0.384615
v -3.205128 -0.449741 0.128205
v -3.205128 -0.392749 -0.128205
v -3.205128 -0.259824 -0.384615
v -3.205128 -0.228533 -0.641026
v -3.205128 -0.041406 -0.897436
v -3.205128 0.188971 -1.153846
v -3.205128 0.358190 -1.410257
v -3.205128 0.445542 -1.666667
v -3.205128 0.535385 -1.923077
v -3.205128 0.476709 -2.179487
v -3.205128 0.390059 -2.435897
v -3.205128 0.365380 -2.692308
v -3.205128 0.400751 -2.948718
v -3.205128 0.333222 -3.205128
v -3.205128 0.345051 -3.461539
v -3.205128 0.308099 -3.717949
v -3.205128 0.241139 -3.974359
v -3.205128 0.129222 -4.230769
v -3.205128 0.040777 -4.487180
v -3.205128 0.000454 -4.743590
v -3.205128 0.000000 -5.000000
v -2.948718 0.000000 5.000000
v -2.948718 -0.008079 4.743590
v -2.948718 -0.099737 4.487180
v -2.948718 -0.239815 4.230769
v -2.948718 -0.410174 3.974359
v -2.948718 -0.616512 3.717949
v -2.948718 -0.761715 3.461539
v -2.948718 -0.984459 3.205128
v -2.948718 -1.132910 2.948718
v -2.948718 -1.079953 2.692308
v -2.948718 -0.911864 2.435897
v -2.948718 -0.904761 2.179487
v -2.948718 -0.985030 1.923077
v -2.948718 -0.959947 1.666667
v -2.948718 -0.803179 1.410257
v -2.948718 -0.648426 1.153846
v -2.948718 -0.458185 0.897436
v -2.948718 -0.343241 0.641026
v -2.948718 -0.304141 0.384615
v -2.948718 -0.299751 0.128205
v -2.948718 -0.231027 -0.128205
v -2.948718 -0.187619 -0.384615
v -2.948718 -0.124326 -0.641026
v -2.948718 0.085803 -0.897436
v -2.948718 0.282636 -1.153846
v -2.948718 0.550134 -1.410257
v -2.948718 0.575326 -1.666667
v -2.948718 0.597332 -1.923077
v -2.948718 0.481527 -2.179487
v -2.948718 0.445109 -2.435897
v -2.948718 0.408257 -2.692308
v -2.948718 0.493367 -2.948718
v -2.948718 0.414233 -3.205128
v -2.948718 0.376650 -3.461539
v -2.948718 0.331515 -3.717949
v -2.948718 0.278106 -3.974359
v -2.948718 0.153388 -4.230769
v -2.948718 0.053469 -4.487180
v -2.948718 0.003781 -4.743590
v -2.948718 0.000000 -5.000000
v -2.692308 0.000000 5.000000
v -2.692308 -0.019079 4.743590
v -2.692308 -0.126790 4.487180
v -2.692308 -0.298281 4.230769
v -2.692308 -0.496318 3.974359
v -2.692308 -0.674469 3.717949
v -2.692308 -0.846240 3.461539
v -2.692308 -1.044664 3.205128
v -2.692308 -1.037727 2.948718
v -2.692308 -1.080700 2.692308
v -2.692308 -0.949815 2.435897
v -2.692308 -0.843715 2.179487
v -2.692308 -0.946104 1.923077
v -2.692308 -0.894048 1.666667
v -2.692308 -0.715295 1.410257
v -2.692308 -0.420343 1.153846
v -2.692308 -0.240505 0.897436
v -2.692308 -0.140122 0.641026
v -2.692308 0.003986 0.384615
v -2.692308 -0.005557 0.128205
v -2.692308 -0.119104 -0.128205
v -2.692308 -0.098664 -0.384615
v -2.692308 0.037111 -0.641026
v -2.692308 0.258067 -0.897436
v -2.692308 0.318513 -1.153846
v -2.692308 0.636038 -1.410257
v -2.692308 0.726043 -1.666667
v -2.692308 0.573655 -1.923077
v -2.692308 0.552332 -2.179487
v -2.692308 0.571899 -2.435897
v -2.692308 0.598395 -2.692308
v -2.692308 0.609176 -2.948718
v -2.692308 0.517786 -3.205128
v -2.692308 0.458841 -3.461539
v -2.692308 0.373728 -3.717949
v -2.692308 0.301136 -3.974359
v -2.692308 0.185029 -4.230769
v -2.692308 0.069262 -4.487180
v -2.692308 0.009974 -4.743590
v -2.692308 0.000000 -5.000000
v -2.435897 0.000000 5.000000
v -2.435897 -0.031710 4.743590
v -2.435897 -0.148114 4.487180
v -2.435897 -0.337612 4.230769
v -2.435897 -0.562624 3.974359
v -2.435897 -0.747776 3.717949
v -2.435897 -0.873895 3.461539
v -2.435897 -1.042200 3.205128
v -2.435897 -1.055939 2.948718
v -2.435897 -1.095070 2.692308
v -2.435897 -0.989362 2.435897
v -2.435897 -0.881377 2.179487
v -2.435897 -0.840294 1.923077
v -2.435897 -0.689035 1.666667
v -2.435897 -0.456062 1.410257
v -2.435897 -0.168844 1.153846
v -2.435897 -0.003000 0.897436
v -2.435897 0.105049 0.641026
v -2.435897 0.168293 0.384615
v -2.435897 0.244727 0.128205
v -2.435897 0.118807 -0.128205
v -2.435897 0.044031 -0.384615
v -2.435897 0.273905 -0.641026
v -2.435897 0.444276 -0.897436
v -2.435897 0.461537 -1.153846
v -2.435897 0.580921 -1.410257
v -2.435897 0.841595 -1.666667
v -2.435897 0.779967 -1.923077
v -2.435897 0.684982 -2.179487
v -2.435897 0.779453 -2.435897
v -2.435897 0.785232 -2.692308
v -2.435897 0.757928 -2.948718
v -2.435897 0.659407 -3.205128
v -2.435897 0.588397 -3.461539
v -2.435897 0.492212 -3.717949
v -2.435897 0.403942 -3.974359
v -2.435897 0.225820 -4.230769
v -2.435897 0.098596 -4.487180
v -2.435897 0.019496 -4.743590
v -2.435897 0.000000 -5.000000
v -2.179487 0.000000 5.000000
v -2.179487 -0.037180 4.743590
v -2.179487 -0.144739 4.487180
v -2.179487 -0.329596 4.230769
v -2.179487 -0.579171 3.974359
v -2.179487 -0.816997 3.717949
v -2.179487 -0.979268 3.461539
v -2.179487 -1.090932 3.205128
v -2.179487 -1.109026 2.948718
v -2.179487 -1.052083 2.692308
v -2.179487 -0.996371 2.435897
v -2.179487 -0.867940 2.179487
v -2.179487 -0.703265 1.923077
v -2.179487 -0.405137 1.666667
v -2.179487 -0.425063 1.410257
v -2.179487 -0.256728 1.153846
v -2.179487 0.026772 0.897436
v -2.179487 0.207626 0.641026
v -2.179487 0.371812 0.384615
v -2.179487 0.418099 0.128205
v -2.179487 0.249665 -0.128205
v -2.179487 0.371596 -0.384615
v -2.179487 0.648770 -0.641026
v -2.179487 0.745012 -0.897436
v -2.179487 0.651975 -1.153846
v -2.179487 0.668778 -1.410257
v -2.179487 0.712615 -1.666667
v -2.179487 0.707561 -1.923077
v -2.179487 0.832249 -2.179487
v -2.179487 0.947672 -2.435897
v -2.179487 0.974574 -2.692308
v -2.179487 0.927510 -2.948718
v -2.179487 0.813079 -3.205128
v -2.179487 0.629799 -3.461539
v -2.179487 0.604959 -3.717949
v -2.179487 0.474209 -3.974359
v -2.179487 0.294444 -4.230769
v -2.179487 0.134199 -4.487180
v -2.179487 0.030455 -4.743590
v -2.179487 0.000000 -5.000000
v -1.923077 0.000000 5.000000
v -1.923077 -0.036983 4.743590
v -1.923077 -0.125885 4.487180
v -1.923077 -0.279439 4.230769
v -1.923077 -0.527829 3.974359
v -1.923077 -0.782321 3.717949
v -1.923077 -0.978957 3.461539
v -1.923077 -1.075244 3.205128
v -1.923077 -1.067598 2.948718
v -1.923077 -0.908340 2.692308
v -1.923077 -0.956797 2.435897
v -1.923077 -0.899307 2.179487
v -1.923077 -0.596873 1.923077
v -1.923077 -0.222141 1.666667
v -1.923077 -0.089195 1.410257
v -1.923077 0.052784 1.153846
v -1.923077 0.101891 0.897436
v -1.923077 0.390987 0.641026
v -1.923077 0.574455 0.384615
v -1.923077 0.619069 0.128205
v -1.923077 0.565616 -0.128205
v -1.923077 0.607916 -0.384615
v -1.923077 0.932963 -0.641026
v -1.923077 0.874628 -0.897436
v -1.923077 0.810671 -1.153846
v -1.923077 0.647793 -1.410257
v -1.923077 0.724121 -1.666667
v -1.923077 0.704279 -1.923077
v -1.923077 0.882766 -2.179487
v -1.923077 1.011270 -2.435897
v -1.923077 1.156819 -2.692308
v -1.923077 1.071744 -2.948718
v -1.923077 0.718451 -3.205128
v -1.923077 0.587349 -3.461539
v -1.923077 0.624944 -3.717949
v -1.923077 0.495307 -3.974359
v -1.923077 0.319851 -4.230769
v -1.923077 0.151084 -4.487180
v -1.923077 0.039021 -4.743590
v -1.923077 0.000000 -5.000000
v -1.666667 0.000000 5.000000
v -1.666667 -0.033528 4.743590
v -1.666667 -0.112986 4.487180
v -1.666667 -0.265133 4.230769
v -1.666667 -0.461580 3.974359
v -1.666667 -0.670643 3.717949
v -1.666667 -0.863385 3.461539
v -1.666667 -0.932660 3.205128
v -1.666667 -0.944142 2.948718
v -1.666667 -0.890748 2.692308
v -1.666667 -0.845705 2.435897
v -1.666667 -0.751094 2.179487
v -1.666667 -0.426144 1.923077
v -1.666667 -0.076993 1.666667
v -1.666667 0.185360 1.410257
v -1.666667 0.228854 1.153846
v -1.666667 0.288303 0.897436
v -1.666667 0.503212 0.641026
v -1.666667 0.656789 0.384615
v -1.666667 0.887968 0.128205
v -1.666667 1.021641 -0.128205
v -1.666667 0.995604 -0.384615
v -1.666667 1.127354 -0.641026
v -1.666667 0.982739 -0.897436
v -1.666667 0.908267 -1.153846
v -1.666667 0.757412 -1.410257
v -1.666667 0.787803 -1.666667
v -1.666667 0.812066 -1.923077
v -1.666667 0.899993 -2.179487
v -1.666667 0.941063 -2.435897
v -1.666667 0.959323 -2.692308
v -1.666667 0.915048 -2.948718
v -1.666667 0.653765 -3.205128
v -1.666667 0.522260 -3.461539
v -1.666667 0.560963 -3.717949
v -1.666667 0.499443 -3.974359
v -1.666667 0.320442 -4.230769
v -1.666667 0.144998 -4.487180
v -1.666667 0.040850 -4.743590
v -1.666667 0.000000 -5.000000
v -1.410257 0.000000 5.000000
v -1.410257 -0.028814 4.743590
v -1.410257 -0.116987 4.487180
v -1.410257 -0.235004 4.230769
v -1.410257 -0.392056 3.974359
v -1.410257 -0.538786 3.717949
v -1.410257 -0.700816 3.461539
v -1.410257 -0.791172 3.205128
v -1.410257 -0.826034 2.948718
v -1.410257 -0.890329 2.692308
v -1.410257 -0.804559 2.435897
v -1.410257 -0.605836 2.179487
v -1.410257 -0.282867 1.923077
v -1.410257 -0.002152 1.666667
v -1.410257 0.387813 1.410257
v -1.410257 0.487347 1.153846
v -1.410257 0.538332 0.897436
v -1.410257 0.618719 0.641026
v -1.410257 0.827195 0.384615
v -1.410257 1.090755 0.128205
v -1.410257 1.249131 -0.128205
v -1.410257 1.300622 -0.384615
v -1.410257 1.205766 -0.641026
v -1.410257 1.113286 -0.897436
v -1.410257 0.774792 -1.153846
v -1.410257 0.667042 -1.410257
v -1.410257 0.573952 -1.666667
v -1.410257 0.604112 -1.923077
v -1.410257 0.599636 -2.179487
v -1.410257 0.676066 -2.435897
v -1.410257 0.763946 -2.692308
v -1.410257 0.653400 -2.948718
v -1.410257 0.511869 -3.205128
v -1.410257 0.519981 -3.461539
v -1.410257 0.549263 -3.717949
v -1.410257 0.495877 -3.974359
v -1.410257 0.311664 -4.230769
v -1.410257 0.152047 -4.487180
v -1.410257 0.040535 -4.743590
v -1.410257 0.000000 -5.000000
v -1.153846 0.000000 5.000000
v -1.153846 -0.027435 4.743590
v -1.153846 -0.099537 4.487180
v -1.153846 -0.201703 4.230769
v -1.153846 -0.343866 3.974359
v -1.153846 -0.465894 3.717949
v -1.153846 -0.588651 3.461539
v -1.153846 -0.718111 3.205128
v -1.153846 -0.880011 2.948718
v -1.153846 -0.903555 2.692308
v -1.153846 -0.561192 2.435897
v -1.153846 -0.343427 2.179487
v -1.153846 -0.158710 1.923077
v -1.153846 0.210460 1.666667
v -1.153846 0.458767 1.410257
v -1.153846 0.530880 1.153846
v -1.153846 0.793292 0.897436
v -1.153846 0.844090 0.641026
v -1.153846 1.059544 0.384615
v -1.153846 1.237166 0.128205
v -1.153846 1.379791 -0.128205
v -1.153846 1.409042 -0.384615
v -1.153846 1.072031 -0.641026
v -1.153846 0.835956 -0.897436
v -1.153846 0.633503 -1.153846
v -1.153846 0.515413 -1.410257
v -1.153846 0.506175 -1.666667
v -1.153846 0.301078 -1.923077
v -1.153846 0.393793 -2.179487
v -1.153846 0.461012 -2.435897
v -1.153846 0.565761 -2.692308
v -1.153846 0.532301 -2.948718
v -1.153846 0.434647 -3.205128
v -1.153846 0.487081 -3.461539
v -1.153846 0.541760 -3.717949
v -1.153846 0.501636 -3.974359
v -1.153846 0.338291 -4.230769
v -1.153846 0.160204 -4.487180
v -1.153846 0.047146 -4.743590
v -1.153846 0.000000 -5.000000
v -0.897436 0.000000 5.000000
v -0.897436 -0.023852 4.743590
v -0.897436 -0.074733 4.487180
v -0.897436 -0.151058 4.230769
v -0.897436 -0.291666 3.974359
v -0.897436 -0.374951 3.717949
v -0.897436 -0.450066 3.461539
v -0.897436 -0.543972 3.205128
v -0.897436 -0.727472 2.948718
v -0.897436 -0.616781 2.692308
v -0.897436 -0.386171 2.435897
v -0.897436 -0.147398 2.179487
v -0.897436 -0.062686 1.923077
v -0.897436 0.166141 1.666667
v -0.897436 0.301885 1.410257
v -0.897436 0.629075 1.153846
v -0.897436 0.777683 0.897436
v -0.897436 1.052777 0.641026
v -0.897436 1.060290 0.384615
v -0.897436 1.314528 0.128205
v -0.897436 1.303031 -0.128205
v -0.897436 1.214517 -0.384615
v -0.897436 0.920570 -0.641026
v -0.897436 0.756302 -0.897436
v -0.897436 0.523335 -1.153846
v -0.897436 0.341949 -1.410257
v -0.897436 0.328772 -1.666667
v -0.897436 0.313555 -1.923077
v -0.897436 0.219999 -2.179487
v -0.897436 0.300682 -2.435897
v -0.897436 0.426158 -2.692308
v -0.897436 0.468434 -2.948718
v -0.897436 0.428254 -3.205128
v -0.897436 0.465636 -3.461539
v -0.897436 0.482971 -3.717949
v -0.897436 0.442121 -3.974359
v -0.897436 0.340366 -4.230769
v -0.897436 0.173211 -4.487180
v -0.897436 0.048326 -4.743590
v -0.897436 0.000000 -5.000000
v -0.641026 0.000000 5.000000
v -0.641026 -0.014582 4.743590
v -0.641026 -0.043302 4.487180
v -0.641026 -0.081322 4.230769
v -0.641026 -0.136686 3.974359
v -0.641026 -0.185006 3.717949
v -0.641026 -0.251827 3.461539
v -0.641026 -0.306149 3.205128
v -0.641026 -0.346564 2.948718
v -0.641026 -0.271145 2.692308
v -0.641026 -0.100631 2.435897
v -0.641026 0.173039 2.179487
v -0.641026 0.287071 1.923077
v -0.641026 0.349629 1.666667
v -0.641026 0.428089 1.410257
v -0.641026 0.714036 1.153846
v -0.641026 0.883548 0.897436
v -0.641026 0.890578 0.641026
v -0.641026 0.984641 0.384615
v -0.641026 1.228870 0.128205
v -0.641026 1.169272 -0.128205
v -0.641026 0.923667 -0.384615
v -0.641026 0.735771 -0.641026
v -0.641026 0.728103 -0.897436
v -0.641026 0.469013 -1.153846
v -0.641026 0.122625 -1.410257
v -0.641026 0.094566 -1.666667
v -0.641026 0.009945 -1.923077
v -0.641026 0.074145 -2.179487
v -0.641026 0.149739 -2.435897
v -0.641026 0.341971 -2.692308
v -0.641026 0.472205 -2.948718
v -0.641026 0.463674 -3.205128
v -0.641026 0.410266 -3.461539
v -0.641026 0.454032 -3.717949
v -0.641026 0.401398 -3.974359
v -0.641026 0.288670 -4.230769
v -0.641026 0.153071 -4.487180
v -0.641026 0.047941 -4.743590
v -0.641026 0.000000 -5.000000
v -0.384615 0.000000 5.000000
v -0.384615 -0.006107 4.743590
v -0.384615 -0.013953 4.487180
v -0.384615 -0.041748 4.230769
v -0.384615 0.003170 3.974359
v -0.384615 0.042540 3.717949
v -0.384615 -0.026899 3.461539
v -0.384615 -0.117627 3.205128
v -0.384615 -0.141447 2.948718
v -0.384615 0.100475 2.692308
v -0.384615 0.382444 2.435897
v -0.384615 0.486495 2.179487
v -0.384615 0.578080 1.923077
v -0.384615 0.662842 1.666667
v -0.384615 0.647655 1.410257
v -0.384615 0.801582 1.153846
v -0.384615 0.855430 0.897436
v -0.384615 0.833572 0.641026
v -0.384615 0.968623 0.384615
v -0.384615 1.143906 0.128205
v -0.384615 0.997821 -0.128205
v -0.384615 0.791260 -0.384615
v -0.384615 0.687316 -0.641026
v -0.384615 0.634734 -0.897436
v -0.384615 0.337719 -1.153846
v -0.384615 0.082128 -1.410257
v -0.384615 -0.069894 -1.666667
v -0.384615 -0.076852 -1.923077
v -0.384615 -0.078491 -2.179487
v -0.384615 -0.174818 -2.435897
v -0.384615 0.025980 -2.692308
v -0.384615 0.368312 -2.948718
v -0.384615 0.495006 -3.205128
v -0.384615 0.414630 -3.461539
v -0.384615 0.374242 -3.717949
v -0.384615 0.315341 -3.974359
v -0.384615 0.232040 -4.230769
v -0.384615 0.133085 -4.487180
v -0.384615 0.046320 -4.743590
v -0.384615 0.000000 -5.000000
v -0.128205 0.000000 5.000000
v -0.128205 -0.007138 4.743590
v -0.128205 -0.014794 4.487180
v -0.128205 0.001691 4.230769
v -0.128205 0.061652 3.974359
v -0.128205 0.138272 3.717949
v -0.128205 0.141238 3.461539
v -0.128205 0.118678 3.205128
v -0.128205 0.232767 2.948718
v -0.128205 0.413274 2.692308
v -0.128205 0.661664 2.435897
v -0.128205 0.646614 2.179487
v -0.128205 0.744846 1.923077
v -0.128205 0.862031 1.666667
v -0.128205 0.811209 1.410257
v -0.128205 0.714116 1.153846
v -0.128205 0.795214 0.897436
v -0.128205 0.795158 0.641026
v -0.128205 1.027133 0.384615
v -0.128205 1.050707 0.128205
v -0.128205 0.934684 -0.128205
v -0.128205 0.775463 -0.384615
v -0.128205 0.578117 -0.641026
v -0.128205 0.472042 -0.897436
v -0.128205 0.062898 -1.153846
v -0.128205 -0.069707 -1.410257
v -0.128205 -0.062183 -1.666667
v -0.128205 -0.168616 -1.923077
v -0.128205 -0.305673 -2.179487
v -0.128205 -0.380598 -2.435897
v -0.128205 -0.077846 -2.692308
v -0.128205 0.177709 -2.948718
v -0.128205 0.322677 -3.205128
v -0.128205 0.390418 -3.461539
v -0.128205 0.340224 -3.717949
v -0.128205 0.287863 -3.974359
v -0.128205 0.176696 -4.230769
v -0.128205 0.106243 -4.487180
v -0.128205 0.037282 -4.743590
v -0.128205 0.000000 -5.000000
v 0.128205 0.000000 5.000000
v 0.128205 -0.007019 4.743590
v 0.128205 -0.016560 4.487180
v 0.128205 0.008786 4.230769
v 0.128205 0.094121 3.974359
v 0.128205 0.142247 3.717949
v 0.128205 0.141166 3.461539
v 0.128205 0.323008 3.205128
v 0.128205 0.428049 2.948718
v 0.128205 0.561628 2.692308
v 0.128205 0.673959 2.435897
v 0.128205 0.866321 2.179487
v 0.128205 0.839797 1.923077
v 0.128205 0.802622 1.666667
v 0.128205 0.663364 1.410257
v 0.128205 0.663026 1.153846
v 0.128205 0.480885 0.897436
v 0.128205 0.636412 0.641026
v 0.128205 0.792668 0.384615
v 0.128205 0.834089 0.128205
v 0.128205 0.713613 -0.128205
v 0.128205 0.492502 -0.384615
v 0.128205 0.310194 -0.641026
v 0.128205 0.142769 -0.897436
v 0.128205 -0.109539 -1.153846
v 0.128205 -0.124406 -1.410257
v 0.128205 -0.216687 -1.666667
v 0.128205 -0.318143 -1.923077
v 0.128205 -0.425218 -2.179487
v 0.128205 -0.342469 -2.435897
v 0.128205 -0.208467 -2.692308
v 0.128205 -0.009001 -2.948718
v 0.128205 0.143040 -3.205128
v 0.128205 0.219067 -3.461539
v 0.128205 0.204712 -3.717949
v 0.128205 0.223004 -3.974359
v 0.128205 0.146640 -4.230769
v 0.128205 0.098606 -4.487180
v 0.128205 0.033630 -4.743590
v 0.128205 0.000000 -5.000000
v 0.384615 0.000000 5.000000
v 0.384615 -0.001786 4.743590
v 0.384615 -0.016793 4.487180
v 0.384615 0.003917 4.230769
v 0.384615 0.120878 3.974359
v 0.384615 0.186924 3.717949
v 0.384615 0.207134 3.461539
v 0.384615 0.332407 3.205128
v 0.384615 0.575362 2.948718
v 0.384615 0.772345 2.692308
v 0.384615 0.792568 2.435897
v 0.384615 0.977605 2.179487
v 0.384615 0.964587 1.923077
v 0.384615 1.017313 1.666667
v 0.384615 0.832345 1.410257
v 0.384615 0.653191 1.153846
v 0.384615 0.598446 0.897436
v 0.384615 0.769460 0.641026
v 0.384615 0.856721 0.384615
v 0.384615 0.687506 0.128205
v 0.384615 0.436987 -0.128205
v 0.384615 0.236434 -0.384615
v 0.384615 -0.041142 -0.641026
v 0.384615 -0.178600 -0.897436
v 0.384615 -0.276914 -1.153846
v 0.384615 -0.359904 -1.410257
v 0.384615 -0.513056 -1.666667
v 0.384615 -0.782193 -1.923077
v 0.384615 -0.874636 -2.179487
v 0.384615 -0.530097 -2.435897
v 0.384615 -0.373850 -2.692308
v 0.384615 -0.116182 -2.948718
v 0.384615 -0.028380 -3.205128
v 0.384615 0.087773 -3.461539
v 0.384615 0.080263 -3.717949
v 0.384615 0.098721 -3.974359
v 0.384615 0.115680 -4.230769
v 0.384615 0.080708 -4.487180
v 0.384615 0.028923 -4.743590
v 0.384615 0.000000 -5.000000
v 0.641026 0.000000 5.000000
v 0.641026 -0.003832 4.743590
v 0.641026 -0.012043 4.487180
v 0.641026 0.034723 4.230769
v 0.641026 0.100137 3.974359
v 0.641026 0.156788 3.717949
v 0.641026 0.187528 3.461539
v 0.641026 0.307686 3.205128
v 0.641026 0.641294 2.948718
v 0.641026 0.994654 2.692308
v 0.641026 1.158288 2.435897
v 0.641026 1.189744 2.179487
v 0.641026 1.309508 1.923077
v 0.641026 1.222846 1.666667
v 0.641026 1.039819 1.410257
v 0.641026 0.940385 1.153846
v 0.641026 0.748772 0.897436
v 0.641026 0.929858 0.641026
v 0.641026 0.861783 0.384615
v 0.641026 0.554476 0.128205
v 0.641026 0.464047 -0.128205
v 0.641026 0.147762 -0.384615
v 0.641026 -0.225476 -0.641026
v 0.641026 -0.433663 -0.897436
v 0.641026 -0.512523 -1.153846
v 0.641026 -0.557400 -1.410257
v 0.641026 -0.740049 -1.666667
v 0.641026 -0.994266 -1.923077
v 0.641026 -0.929569 -2.179487
v 0.641026 -0.702690 -2.435897
v 0.641026 -0.423146 -2.692308
v 0.641026 -0.333562 -2.948718
v 0.641026 -0.113405 -3.205128
v 0.641026 -0.042938 -3.461539
v 0.641026 -0.002153 -3.717949
v 0.641026 0.045392 -3.974359
v 0.641026 0.050171 -4.230769
v 0.641026 0.042685 -4.487180
v 0.641026 0.022740 -4.743590
v 0.641026 0.000000 -5.000000
v 0.897436 0.000000 5.000000
v 0.897436 -0.003112 4.743590
v 0.897436 -0.007311 4.487180
v 0.897436 0.038879 4.230769
v 0.897436 0.094521 3.974359
v 0.897436 0.157135 3.717949
v 0.897436 0.224308 3.461539
v 0.897436 0.450666 3.205128
v 0.897436 0.758382 2.948718
v 0.897436 1.013729 2.692308
v 0.897436 1.179545 2.435897
v 0.897436 1.445134 2.179487
v 0.897436 1.555373 1.923077
v 0.897436 1.426761 1.666667
v 0.897436 1.364181 1.410257
v 0.897436 1.127542 1.153846
v 0.897436 0.775836 0.897436
v 0.897436 0.696584 0.641026
v 0.897436 0.653732 0.384615
v 0.897436 0.623305 0.128205
v 0.897436 0.447855 -0.128205
v 0.897436 -0.010725 -0.384615
v 0.897436 -0.379671 -0.641026
v 0.897436 -0.629983 -0.897436
v 0.897436 -0.881375 -1.153846
v 0.897436 -0.940509 -1.410257
v 0.897436 -0.987542 -1.666667
v 0.897436 -0.997741 -1.923077
v 0.897436 -0.994589 -2.179487
v 0.897436 -0.825134 -2.435897
v 0.897436 -0.560397 -2.692308
v 0.897436 -0.387480 -2.948718
v 0.897436 -0.157659 -3.205128
v 0.897436 -0.098806 -3.461539
v 0.897436 -0.089542 -3.717949
v 0.897436 -0.021683 -3.974359
v 0.897436 0.003296 -4.230769
v 0.897436 0.026794 -4.487180
v 0.897436 0.010736 -4.743590
v 0.897436 0.000000 -5.000000
v 1.153846 0.000000 5.000000
v 1.153846 0.001012 4.743590
v 1.153846 0.009089 4.487180
v 1.153846 0.037761 4.230769
v 1.153846 0.096370 3.974359
v 1.153846 0.165283 3.717949
v 1.153846 0.259468 3.461539
v 1.153846 0.477299 3.205128
v 1.153846 0.748769 2.948718
v 1.153846 0.948483 2.692308
v 1.153846 1.283403 2.435897
v 1.153846 1.525363 2.179487
v 1.153846 1.604202 1.923077
v 1.153846 1.525173 1.666667
v 1.153846 1.298386 1.410257
v 1.153846 1.112752 1.153846
v 1.153846 0.843396 0.897436
v 1.153846 0.632696 0.641026
v 1.153846 0.431926 0.384615
v 1.153846 0.460620 0.128205
v 1.153846 0.194999 -0.128205
v 1.153846 -0.141068 -0.384615
v 1.153846 -0.696897 -0.641026
v 1.153846 -0.779550 -0.897436
v 1.153846 -0.986095 -1.153846
v 1.153846 -1.026546 -1.410257
v 1.153846 -1.176595 -1.666667
v 1.153846 -1.255182 -1.923077
v 1.153846 -1.226727 -2.179487
v 1.153846 -0.932668 -2.435897
v 1.153846 -0.643446 -2.692308
v 1.153846 -0.431580 -2.948718
v 1.153846 -0.289414 -3.205128
v 1.153846 -0.243053 -3.461539
v 1.153846 -0.210461 -3.717949
v 1.153846 -0.082719 -3.974359
v 1.153846 -0.024224 -4.230769
v 1.153846 -0.003735 -4.487180
v 1.153846 -0.000159 -4.743590
v 1.153846 0.000000 -5.000000
v 1.410257 0.000000 5.000000
v 1.410257 0.002377 4.743590
v 1.410257 0.008884 4.487180
v 1.410257 0.017716 4.230769
v 1.410257 0.064880 3.974359
v 1.410257 0.158929 3.717949
v 1.410257 0.329627 3.461539
v 1.410257 0.469401 3.205128
v 1.410257 0.643492 2.948718
v 1.410257 0.853862 2.692308
v 1.410257 1.233299 2.435897
v 1.410257 1.528657 2.179487
v 1.410257 1.480771 1.923077
v 1.410257 1.466063 1.666667
v 1.410257 1.240046 1.410257
v 1.410257 1.119307 1.153846
v 1.410257 0.872326 0.897436
v 1.410257 0.549746 0.641026
v 1.410257 0.440424 0.384615
v 1.410257 0.073355 0.128205
v 1.410257 -0.064496 -0.128205
v 1.410257 -0.246126 -0.384615
v 1.410257 -0.646331 -0.641026
v 1.410257 -0.944530 -0.897436
v 1.410257 -1.005222 -1.153846
v 1.410257 -0.956147 -1.410257
v 1.410257 -1.174526 -1.666667
v 1.410257 -1.360329 -1.923077
v 1.410257 -1.452082 -2.179487
v 1.410257 -1.282558 -2.435897
v 1.410257 -1.051112 -2.692308
v 1.410257 -0.789914 -2.948718
v 1.410257 -0.624559 -3.205128
v 1.410257 -0.497683 -3.461539
v 1.410257 -0.307511 -3.717949
v 1.410257 -0.192812 -3.974359
v 1.410257 -0.106575 -4.230769
v 1.410257 -0.045396 -4.487180
v 1.410257 -0.010350 -4.743590
v 1.410257 0.000000 -5.000000
v 1.666667 0.000000 5.000000
v 1.666667 0.004696 4.743590
v 1.666667 0.018118 4.487180
v 1.666667 0.005337 4.230769
v 1.666667 -0.001274 3.974359
v 1.666667 0.138823 3.717949
v 1.666667 0.316009 3.461539
v 1.666667 0.424538 3.205128
v 1.666667 0.521493 2.948718
v 1.666667 0.801980 2.692308
v 1.666667 1.070470 2.435897
v 1.666667 1.164514 2.179487
v 1.666667 1.205878 1.923077
v 1.666667 1.177725 1.666667
v 1.666667 1.228594 1.410257
v 1.666667 1.023041 1.153846
v 1.666667 0.812266 0.897436
v 1.666667 0.392489 0.641026
v 1.666667 0.041620 0.384615
v 1.666667 -0.032168 0.128205
v 1.666667 -0.301637 -0.128205
v 1.666667 -0.581070 -0.384615
v 1.666667 -0.700837 -0.641026
v 1.666667 -0.967342 -0.897436
v 1.666667 -1.117663 -1.153846
v 1.666667 -0.974711 -1.410257
v 1.666667 -1.209163 -1.666667
v 1.666667 -1.463460 -1.923077
v 1.666667 -1.582344 -2.179487
v 1.666667 -1.542614 -2.435897
v 1.666667 -1.353562 -2.692308
v 1.666667 -1.166858 -2.948718
v 1.666667 -0.957674 -3.205128
v 1.666667 -0.737121 -3.461539
v 1.666667 -0.545810 -3.717949
v 1.666667 -0.372277 -3.974359
v 1.666667 -0.213656 -4.230769
v 1.666667 -0.099664 -4.487180
v 1.666667 -0.023386 -4.743590
v 1.666667 0.000000 -5.000000
v 1.923077 0.000000 5.000000
v 1.923077 0.007534 4.743590
v 1.923077 0.024756 4.487180
v 1.923077 0.027879 4.230769
v 1.923077 0.028866 3.974359
v 1.923077 0.083906 3.717949
v 1.923077 0.271076 3.461539
v 1.923077 0.410592 3.205128
v 1.923077 0.514425 2.948718
v 1.923077 0.748110 2.692308
v 1.923077 0.994462 2.435897
v 1.923077 1.039362 2.179487
v 1.923077 1.220174 1.923077
v 1.923077 1.164201 1.666667
v 1.923077 1.006375 1.410257
v 1.923077 0.756015 1.153846
v 1.923077 0.501045 0.897436
v 1.923077 0.216546 0.641026
v 1.923077 0.016266 0.384615
v 1.923077 -0.073008 0.128205
v 1.923077 -0.405709 -0.128205
v 1.923077 -0.788726 -0.384615
v 1.923077 -0.978625 -0.641026
v 1.923077 -1.147446 -0.897436
v 1.923077 -1.247937 -1.153846
v 1.923077 -1.161478 -1.410257
v 1.923077 -1.292286 -1.666667
v 1.923077 -1.586622 -1.923077
v 1.923077 -1.598334 -2.179487
v 1.923077 -1.544070 -2.435897
v 1.923077 -1.495764 -2.692308
v 1.923077 -1.360839 -2.948718
v 1.923077 -1.174395 -3.205128
v 1.923077 -0.941682 -3.461539
v 1.923077 -0.738942 -3.717949
v 1.923077 -0.502712 -3.974359
v 1.923077 -0.305560 -4.230769
v 1.923077 -0.146481 -4.487180
v 1.923077 -0.030313 -4.743590
v 1.923077 0.000000 -5.000000
v 2.179487 0.000000 5.000000
v 2.179487 0.012080 4.743590
v 2.179487 0.048342 4.487180
v 2.179487 0.053215 4.230769
v 2.179487 0.064790 3.974359
v 2.179487 0.136731 3.717949
v 2.179487 0.301076 3.461539
v 2.179487 0.466465 3.205128
v 2.179487 0.508047 2.948718
v 2.179487 0.737915 2.692308
v 2.179487 0.971896 2.435897
v 2.179487 1.116866 2.179487
v 2.179487 1.239337 1.923077
v 2.179487 1.203709 1.666667
v 2.179487 0.971869 1.410257
v 2.179487 0.734520 1.153846
v 2.179487 0.666411 0.897436
v 2.179487 0.389103 0.641026
v 2.179487 0.142376 0.384615
v 2.179487 -0.138454 0.128205
v 2.179487 -0.453863 -0.128205
v 2.179487 -0.749449 -0.384615
v 2.179487 -1.010623 -0.641026
v 2.179487 -1.187116 -0.897436
v 2.179487 -1.301226 -1.153846
v 2.179487 -1.350036 -1.410257
v 2.179487 -1.440951 -1.666667
v 2.179487 -1.660224 -1.923077
v 2.179487 -1.709735 -2.179487
v 2.179487 -1.711230 -2.435897
v 2.179487 -1.683051 -2.692308
v 2.179487 -1.536178 -2.948718
v 2.179487 -1.400603 -3.205128
v 2.179487 -1.132654 -3.461539
v 2.179487 -0.886673 -3.717949
v 2.179487 -0.599968 -3.974359
v 2.179487 -0.342194 -4.230769
v 2.179487 -0.165451 -4.487180
v 2.179487 -0.033318 -4.743590
v 2.179487 0.000000 -5.000000
v 2.435897 0.000000 5.000000
v 2.435897 0.015933 4.743590
v 2.435897 0.069585 4.487180
v 2.435897 0.114074 4.230769
v 2.435897 0.169297 3.974359
v 2.435897 0.196511 3.717949
v 2.435897 0.251904 3.461539
v 2.435897 0.389343 3.205128
v 2.435897 0.528026 2.948718
v 2.435897 0.725584 2.692308
v 2.435897 0.882896 2.435897
v 2.435897 1.078033 2.179487
v 2.435897 1.097238 1.923077
v 2.435897 1.032698 1.666667
v 2.435897 0.955870 1.410257
v 2.435897 0.859785 1.153846
v 2.435897 0.824199 0.897436
v 2.435897 0.465666 0.641026
v 2.435897 0.136689 0.384615
v 2.435897 -0.255766 0.128205
v 2.435897 -0.438139 -0.128205
v 2.435897 -0.791235 -0.384615
v 2.435897 -1.017370 -0.641026
v 2.435897 -1.152726 -0.897436
v 2.435897 -1.306133 -1.153846
v 2.435897 -1.500622 -1.410257
v 2.435897 -1.558850 -1.666667
v 2.435897 -1.723654 -1.923077
v 2.435897 -1.683113 -2.179487
v 2.435897 -1.732981 -2.435897
v 2.435897 -1.698255 -2.692308
v 2.435897 -1.690908 -2.948718
v 2.435897 -1.523863 -3.205128
v 2.435897 -1.282002 -3.461539
v 2.435897 -0.943198 -3.717949
v 2.435897 -0.647192 -3.974359
v 2.435897 -0.373711 -4.230769
v 2.435897 -0.166855 -4.487180
v 2.435897 -0.030153 -4.743590
v 2.435897 0.000000 -5.000000
v 2.692308 0.000000 5.000000
v 2.692308 0.013342 4.743590
v 2.692308 0.089088 4.487180
v 2.692308 0.156698 4.230769
v 2.692308 0.239749 3.974359
v 2.692308 0.286997 3.717949
v 2.692308 0.354414 3.461539
v 2.692308 0.392184 3.205128
v 2.692308 0.495484 2.948718
v 2.692308 0.619574 2.692308
v 2.692308 0.689025 2.435897
v 2.692308 0.851563 2.179487
v 2.692308 0.890551 1.923077
v 2.692308 0.920657 1.666667
v 2.692308 0.834994 1.410257
v 2.692308 0.797418 1.153846
v 2.692308 0.662181 0.897436
v 2.692308 0.386218 0.641026
v 2.692308 -0.044828 0.384615
v 2.692308 -0.336238 0.128205
v 2.692308 -0.414536 -0.128205
v 2.692308 -0.666937 -0.384615
v 2.692308 -0.968559 -0.641026
v 2.692308 -1.166161 -0.897436
v 2.692308 -1.359711 -1.153846
v 2.692308 -1.623868 -1.410257
v 2.692308 -1.711459 -1.666667
v 2.692308 -1.604331 -1.923077
v 2.692308 -1.599823 -2.179487
v 2.692308 -1.629374 -2.435897
v 2.692308 -1.564960 -2.692308
v 2.692308 -1.581138 -2.948718
v 2.692308 -1.558447 -3.205128
v 2.692308 -1.277200 -3.461539
v 2.692308 -0.981571 -3.717949
v 2.692308 -0.630102 -3.974359
v 2.692308 -0.355238 -4.230769
v 2.692308 -0.153720 -4.487180
v 2.692308 -0.021251 -4.743590
v 2.692308 0.000000 -5.000000
v 2.948718 0.000000 5.000000
v 2.948718 0.006107 4.743590
v 2.948718 0.072452 4.487180
v 2.948718 0.155555 4.230769
v 2.948718 0.266924 3.974359
v 2.948718 0.347380 3.717949
v 2.948718 0.383901 3.461539
v 2.948718 0.423947 3.205128
v 2.948718 0.504238 2.948718
v 2.948718 0.639304 2.692308
v 2.948718 0.655599 2.435897
v 2.948718 0.714795 2.179487
v 2.948718 0.746443 1.923077
v 2.948718 0.914973 1.666667
v 2.948718 0.838849 1.410257
v 2.948718 0.777722 1.153846
v 2.948718 0.515595 0.897436
v 2.948718 0.236672 0.641026
v 2.948718 -0.018555 0.384615
v 2.948718 -0.203610 0.128205
v 2.948718 -0.338685 -0.128205
v 2.948718 -0.670042 -0.384615
v 2.948718 -1.010544 -0.641026
v 2.948718 -1.194669 -0.897436
v 2.948718 -1.407135 -1.153846
v 2.948718 -1.610356 -1.410257
v 2.948718 -1.643141 -1.666667
v 2.948718 -1.619689 -1.923077
v 2.948718 -1.527404 -2.179487
v 2.948718 -1.496554 -2.435897
v 2.948718 -1.517968 -2.692308
v 2.948718 -1.474122 -2.948718
v 2.948718 -1.377175 -3.205128
v 2.948718 -1.175006 -3.461539
v 2.948718 -0.893931 -3.717949
v 2.948718 -0.573850 -3.974359
v 2.948718 -0.334221 -4.230769
v 2.948718 -0.125584 -4.487180
v 2.948718 -0.010216 -4.743590
v 2.948718 0.000000 -5.000000
v 3.205128 0.000000 5.000000
v 3.205128 0.000650 4.743590
v 3.205128 0.049015 4.487180
v 3.205128 0.131567 4.230769
v 3.205128 0.254058 3.974359
v 3.205128 0.388123 3.717949
v 3.205128 0.465810 3.461539
v 3.205128 0.543579 3.205128
v 3.205128 0.662186 2.948718
v 3.205128 0.676829 2.692308
v 3.205128 0.543933 2.435897
v 3.205128 0.535124 2.179487
v 3.205128 0.550631 1.923077
v 3.205128 0.591858 1.666667
v 3.205128 0.606979 1.410257
v 3.205128 0.473110 1.153846
v 3.205128 0.288693 0.897436
v 3.205128 0.156513 0.641026
v 3.205128 0.004059 0.384615
v 3.205128 -0.244747 0.128205
v 3.205128 -0.436127 -0.128205
v 3.205128 -0.693174 -0.384615
v 3.205128 -0.924660 -0.641026
v 3.205128 -1.162825 -0.897436
v 3.205128 -1.428824 -1.153846
v 3.205128 -1.455995 -1.410257
v 3.205128 -1.480856 -1.666667
v 3.205128 -1.463032 -1.923077
v 3.205128 -1.413679 -2.179487
v 3.205128 -1.437462 -2.435897
v 3.205128 -1.395153 -2.692308
v 3.205128 -1.401691 -2.948718
v 3.205128 -1.251011 -3.205128
v 3.205128 -1.112978 -3.461539
v 3.205128 -0.812148 -3.717949
v 3.205128 -0.532132 -3.974359
v 3.205128 -0.281606 -4.230769
v 3.205128 -0.088376 -4.487180
v 3.205128 -0.001048 -4.743590
v 3.205128 0.000000 -5.000000
v 3.461539 0.000000 5.000000
v 3.461539 0.000000 4.743590
v 3.461539 0.025112 4.487180
v 3.461539 0.114788 4.230769
v 3.461539 0.243109 3.974359
v 3.461539 0.399894 3.717949
v 3.461539 0.513141 3.461539
v 3.461539 0.572440 3.205128
v 3.461539 0.639843 2.948718
v 3.461539 0.575469 2.692308
v 3.461539 0.461407 2.435897
v 3.461539 0.355486 2.179487
v 3.461539 0.275111 1.923077
v 3.461539 0.291476 1.666667
v 3.461539 0.349371 1.410257
v 3.461539 0.291445 1.153846
v 3.461539 0.187365 0.897436
v 3.461539 0.144738 0.641026
v 3.461539 -0.063600 0.384615
v 3.461539 -0.326784 0.128205
v 3.461539 -0.492217 -0.128205
v 3.461539 -0.655664 -0.384615
v 3.461539 -0.909940 -0.641026
v 3.461539 -1.031189 -0.897436
v 3.461539 -1.201609 -1.153846
v 3.461539 -1.228171 -1.410257
v 3.461539 -1.209482 -1.666667
v 3.461539 -1.195149 -1.923077
v 3.461539 -1.168933 -2.179487
v 3.461539 -1.203706 -2.435897
v 3.461539 -1.223715 -2.692308
v 3.461539 -1.134465 -2.948718
v 3.461539 -1.031025 -3.205128
v 3.461539 -0.885979 -3.461539
v 3.461539 -0.650631 -3.717949
v 3.461539 -0.397411 -3.974359
v 3.461539 -0.183509 -4.230769
v 3.461539 -0.040717 -4.487180
v 3.461539 0.000000 -4.743590
v 3.461539 0.000000 -5.000000
v 3.717949 0.000000 5.000000
v 3.717949 0.000000 4.743590
v 3.717949 0.003935 4.487180
v 3.717949 0.067691 4.230769
v 3.717949 0.182406 3.974359
v 3.717949 0.292837 3.717949
v 3.717949 0.422375 3.461539
v 3.717949 0.498916 3.205128
v 3.717949 0.514726 2.948718
v 3.717949 0.430445 2.692308
v 3.717949 0.430625 2.435897
v 3.717949 0.334453 2.179487
v 3.717949 0.234097 1.923077
v 3.717949 0.224995 1.666667
v 3.717949 0.297355 1.410257
v 3.717949 0.264773 1.153846
v 3.717949 0.240617 0.897436
v 3.717949 0.112238 0.641026
v 3.717949 -0.103448 0.384615
v 3.717949 -0.282047 0.128205
v 3.717949 -0.437004 -0.128205
v 3.717949 -0.611888 -0.384615
v 3.717949 -0.756378 -0.641026
v 3.717949 -0.824481 -0.897436
v 3.717949 -0.932101 -1.153846
v 3.717949 -0.988367 -1.410257
v 3.717949 -0.901695 -1.666667
v 3.717949 -0.923244 -1.923077
v 3.717949 -0.948764 -2.179487
v 3.717949 -0.954415 -2.435897
v 3.717949 -0.912958 -2.692308
v 3.717949 -0.880171 -2.948718
v 3.717949 -0.811907 -3.205128
v 3.717949 -0.653388 -3.461539
v 3.717949 -0.446850 -3.717949
v 3.717949 -0.253440 -3.974359
v 3.717949 -0.096040 -4.230769
v 3.717949 -0.006160 -4.487180
v 3.717949 0.000000 -4.743590
v 3.717949 0.000000 -5.000000
v 3.974359 0.000000 5.000000
v 3.974359 0.000000 4.743590
v 3.974359 0.000000 4.487180
v 3.974359 0.016315 4.230769
v 3.974359 0.089738 3.974359
v 3.974359 0.183007 3.717949
v 3.974359 0.284367 3.461539
v 3.974359 0.368437 3.205128
v 3.974359 0.388972 2.948718
v 3.974359 0.326481 2.692308
v 3.974359 0.323306 2.435897
v 3.974359 0.272811 2.179487
v 3.974359 0.212441 1.923077
v 3.974359 0.226517 1.666667
v 3.974359 0.243251 1.410257
v 3.974359 0.189972 1.153846
v 3.974359 0.153096 0.897436
v 3.974359 0.042053 0.641026
v 3.974359 -0.096826 0.384615
v 3.974359 -0.158613 0.128205
v 3.974359 -0.245828 -0.128205
v 3.974359 -0.400648 -0.384615
v 3.974359 -0.551602 -0.641026
v 3.974359 -0.579497 -0.897436
v 3.974359 -0.692943 -1.153846
v 3.974359 -0.758624 -1.410257
v 3.974359 -0.713391 -1.666667
v 3.974359 -0.649104 -1.923077
v 3.974359 -0.708310 -2.179487
v 3.974359 -0.727271 -2.435897
v 3.974359 -0.700367 -2.692308
v 3.974359 -0.634182 -2.948718
v 3.974359 -0.553616 -3.205128
v 3.974359 -0.415411 -3.461539
v 3.974359 -0.262935 -3.717949
v 3.974359 -0.120305 -3.974359
v 3.974359 -0.023346 -4.230769
v 3.974359 0.000000 -4.487180
v 3.974359 0.000000 -4.743590
v 3.974359 0.000000 -5.000000
v 4.230769 0.000000 5.000000
v 4.230769 0.000000 4.743590
v 4.230769 0.000000 4.487180
v 4.230769 0.000000 4.230769
v 4.230769 0.016716 3.974359
v 4.230769 0.070815 3.717949
v 4.230769 0.140329 3.461539
v 4.230769 0.200332 3.205128
v 4.230769 0.212747 2.948718
v 4.230769 0.203643 2.692308
v 4.230769 0.197690 2.435897
v 4.230769 0.187915 2.179487
v 4.230769 0.183842 1.923077
v 4.230769 0.127656 1.666667
v 4.230769 0.114673 1.410257
v 4.230769 0.113033 1.153846
v 4.230769 0.103702 0.897436
v 4.230769 0.017788 0.641026
v 4.230769 -0.044024 0.384615
v 4.230769 -0.073733 0.128205
v 4.230769 -0.149370 -0.128205
v 4.230769 -0.208190 -0.384615
v 4.230769 -0.300652 -0.641026
v 4.230769 -0.363195 -0.897436
v 4.230769 -0.455972 -1.153846
v 4.230769 -0.487985 -1.410257
v 4.230769 -0.466073 -1.666667
v 4.230769 -0.440875 -1.923077
v 4.230769 -0.447940 -2.179487
v 4.230769 -0.436412 -2.435897
v 4.230769 -0.430097 -2.692308
v 4.230769 -0.374748 -2.948718
v 4.230769 -0.296474 -3.205128
v 4.230769 -0.201137 -3.461539
v 4.230769 -0.096774 -3.717949
v 4.230769 -0.023156 -3.974359
v 4.230769 0.000000 -4.230769
v 4.230769 0.000000 -4.487180
v 4.230769 0.000000 -4.743590
v 4.230769 0.000000 -5.000000
v 4.487180 0.000000 5.000000
v 4.487180 0.000000 4.743590
v 4.487180 0.000000 4.487180
v 4.487180 0.000000 4.230769
v 4.487180 0.000000 3.974359
v 4.487180 0.004582 3.717949
v 4.487180 0.032416 3.461539
v 4.487180 0.063552 3.205128
v 4.487180 0.078795 2.948718
v 4.487180 0.087756 2.692308
v 4.487180 0.087227 2.435897
v 4.487180 0.095946 2.179487
v 4.487180 0.101890 1.923077
v 4.487180 0.063427 1.666667
v 4.487180 0.053519 1.410257
v 4.487180 0.058990 1.153846
v 4.487180 0.036116 0.897436
v 4.487180 0.005826 0.641026
v 4.487180 -0.027893 0.384615
v 4.487180 -0.056506 0.128205
v 4.487180 -0.082513 -0.128205
v 4.487180 -0.091255 -0.384615
v 4.487180 -0.118967 -0.641026
v 4.487180 -0.180882 -0.897436
v 4.487180 -0.227689 -1.153846
v 4.487180 -0.237974 -1.410257
v 4.487180 -0.255237 -1.666667
v 4.487180 -0.240465 -1.923077
v 4.487180 -0.213064 -2.179487
v 4.487180 -0.203570 -2.435897
v 4.487180 -0.183036 -2.692308
v 4.487180 -0.144279 -2.948718
v 4.487180 -0.096592 -3.205128
v 4.487180 -0.042900 -3.461539
v 4.487180 -0.006119 -3.717949
v 4.487180 0.000000 -3.974359
v 4.487180 0.000000 -4.230769
v 4.487180 0.000000 -4.487180
v 4.487180 0.000000 -4.743590
v 4.487180 0.000000 -5.000000
v 4.743590 0.000000 5.000000
v 4.743590 0.000000 4.743590
v 4.743590 0.000000 4.487180
v 4.743590 0.000000 4.230769
v 4.743590 0.000000 3.974359
v 4.743590 0.000000 3.717949
v 4.743590 0.000000 3.461539
v 4.743590 0.000823 3.205128
v 4.743590 0.007186 2.948718
v 4.743590 0.014240 2.692308
v 4.743590 0.018622 2.435897
v 4.743590 0.023635 2.179487
v 4.743590 0.025553 1.923077
v 4.743590 0.021447 1.666667
v 4.743590 0.017907 1.410257
v 4.743590 0.016790 1.153846
v 4.743590 0.011507 0.897436
v 4.743590 -0.002556 0.641026
v 4.743590 -0.007135 0.384615
v 4.743590 -0.015789 0.128205
v 4.743590 -0.021629 -0.128205
v 4.743590 -0.023811 -0.384615
v 4.743590 -0.030514 -0.641026
v 4.743590 -0.041312 -0.897436
v 4.743590 -0.057318 -1.153846
v 4.743590 -0.065654 -1.410257
v 4.743590 -0.070737 -1.666667
v 4.743590 -0.065686 -1.923077
v 4.743590 -0.055849 -2.179487
v 4.743590 -0.043082 -2.435897
v 4.743590 -0.028911 -2.692308
v 4.743590 -0.012810 -2.948718
v 4.743590 -0.001246 -3.205128
v 4.743590 0.000000 -3.461539
v 4.743590 0.000000 -3.717949
v 4.743590 0.000000 -3.974359
v 4.743590 0.000000 -4.230769
v 4.743590 0.000000 -4.487180
v 4.743590 0.000000 -4.743590
v 4.743590 0.000000 -5.000000
v 5.000000 0.000000 5.000000
v 5.000000 0.000000 4.743590
v 5.000000 0.000000 4.487180
v 5.000000 0.000000 4.230769
v 5.000000 0.000000 3.974359
v 5.000000 0.000000 3.717949
v 5.000000 0.000000 3.461539
v 5.000000 0.000000 3.205128
v 5.000000 0.000000 2.948718
v 5.000000 0.000000 2.692308
v 5.000000 0.000000 2.435897
v 5.000000 0.000000 2.179487
v 5.000000 0.000000 1.923077
v 5.000000 0.000000 1.666667
v 5.000000 0.000000 1.410257
v 5.000000 0.000000 1.153846
v 5.000000 0.000000 0.897436
v 5.000000 0.000000 0.641026
v 5.000000 0.000000 0.384615
v 5.000000 0.000000 0.128205
v 5.000000 0.000000 -0.128205
v 5.000000 0.000000 -0.384615
v 5.000000 0.000000 -0.641026
v 5.000000 0.000000 -0.897436
v 5.000000 0.000000 -1.153846
v 5.000000 0.000000 -1.410257
v 5.000000 0.000000 -1.666667
v 5.000000 0.000000 -1.923077
v 5.000000 0.000000 -2.179487
v 5.000000 0.000000 -2.435897
v 5.000000 0.000000 -2.692308
v 5.000000 0.000000 -2.948718
v 5.000000 0.000000 -3.205128
v 5.000000 0.000000 -3.461539
v 5.000000 0.000000 -3.717949
v 5.000000 0.000000 -3.974359
v 5.000000 0.000000 -4.230769
v 5.000000 0.000000 -4.487180
v 5.000000 0.000000 -4.743590
v 5.000000 0.000000 -5.000000
s 1
f 2 1 41 42
f 3 2 42 43
f 4 3 43 44
f 5 4 44 45
f 6 5 45 46
f 7 6 46 47
f 8 7 47 48
f 9 8 48 49
f 10 9 49 50
f 11 10 50 51
f 12 11 51 52
f 13 12 52 53
f 14 13 53 54
f 15 14 54 55
f 16 15 55 56
f 17 16 56 57
f 18 17 57 58
f 19 18 58 59
f 20 19 59 60
f 21 20 60 61
f 22 21 61 62
f 23 22 62 63
f 24 23 63 64
f 25 24 64 65
f 26 25 65 66
f 27 26 66 67
f 28 27 67 68
f 29 28 68 69
f 30 29 69 70
f 31 30 70 71
f 32 31 71 72
f 33 32 72 73
f 34 33 73 74
f 35 34 74 75
f 36 35 75 76
f 37 36 76 77
f 38 37 77 78
f 39 38 78 79
f 40 39 79 80
f 42 41 81 82
f 43 42 82 83
f 44 43 83 84
f 45 44 84 85
f 46 45 85 86
f 47 46 86 87
f 48 47 87 88
f 49 48 88 89
f 50 49 89 90
f 51 50 90 91
f 52 51 91 92
f 53 52 92 93
f 54 53 93 94
f 55 54 94 95
f 56 55 95 96
f 57 56 96 97
f 58 57 97 98
f 59 58 98 99
f 60 59 99 100
f 61 60 100 101
f 62 61 101 102
f 63 62 102 103
f 64 63 103 104
f 65 64 104 105
f 66 65 105 106
f 67 66 106 107
f 68 67 107 108
f 69 68 108 109
f 70 69 109 110
f 71 70 110 111
f 72 71 111 112
f 73 72 112 113
f 74 73 113 114
f 75 74 114 115
f 76 75 115 116
f 77 76 116 117
f 78 77 117 118
f 79 78 118 119
f 80 79 119 120
f 82 81 121 122
f 83 82 122 123
f 84 83 123 124
f 85 84 124 125
f 86 85 125 126
f 87 86 126 127
f 88 87 127 128
f 89 88 128 129
f 90 89 129 130
f 91 90 130 131
f 92 91 131 132
f 93 92 132 133
f 94 93 133 134
f 95 94 134 135
f 96 95 135 136
f 97 96 136 137
f 98 97 137 138
f 99 98 138 139
f 100 99 139 140
f 101 100 140 141
f 102 101 141 142
f 103 102 142 143
f 104 103 143 144
f 105 104 144 145
f 106 105 145 146
f 107 106 146 147
f 108 107 147 148
f 109 108 148 149
f 110 109 149 150
f 111 110 150 151
f 112 111 151 152
f 113 112 152 153
f 114 113 153 154
f 115 114 154 155
f 116 115 155 156
f 117 116 156 157
f 118 117 157 158
f 119 118 158 159
f 120 119 159 160
f 122 121 161 162
f 123 122 162 163
f 124 123 163 164
f 125 124 164 165
f 126 125 165 166
f 127 126 166 167
f 128 127 167 168
f 129 128 168 169
f 130 129 169 170
f 131 130 170 171
f 132 131 171 172
f 133 132 172 173
f 134 133 173 174
f 135 134 174 175
f 136 135 175 176
f 137 136 176 177
f 138 137 177 178
f 139 138 178 179
f 140 139 179 180
f 141 140 180 181
f 142 141 181 182
f 143 142 182 183
f 144 143 183 184
f 145 144 184 185
f 146 145 185 186
f 147 146 186 187
f 148 147 187 188
f 149 148 188 189
f 150 149 189 190
f 151 150 190 191
f 152 151 191 192
f 153 152 192 193
f 154 153 193 194
f 155 154 194 195
f 156 155 195 196
f 157 156 196 197
f 158 157 197 198
f 159 158 198 199
f 160 159 199 200
f 162 161 201 202
f 163 162 202 203
f 164 163 203 204
f 165 164 204 205
f 166 165 205 206
f 167 166 206 207
f 168 167 207 208
f 169 168 208 209
f 170 169 209 210
f 171 170 210 211
f 172 171 211 212
f 173 172 212 213
f 174 173 213 214
f 175 174 214 215
f 176 175 215 216
f 177 176 216 217
f 178 177 217 218
f 179 178 218 219
f 180 179 219 220
f 181 180 220 221
f 182 181 221 222
f 183 182 222 223
f 184 183 223 224
f 185 184 224 225
f 186 185 225 226
f 187 186 226 227
f 188 187 227 228
f 189 188 228 229
f 190 189 229 230
f 191 190 230 231
f 192 191 231 232
f 193 192 232 233
f 194 193 233 234
f 195 194 234 235
f 196 195 235 236
f 197 196 236 237
f 198 197 237 238
f 199 198 238 239
f 200 199 239 240
f 202 201 241 242
f 203 202 242 243
f 204 203 243 244
f 205 204 244 245
f 206 205 245 246
f 207 206 246 247
f 208 207 247 248
f 209 208 248 249
f 210 209 249 250
f 211 210 250 251
f 212 211 251 252
f 213 212 252 253
f 214 213 253 254
f 215 214 254 255
f 216 215 255 256
f 217 216 256 257
f 218 217 257 258
f 219 218 258 259
f 220 219 259 260
f 221 220 260 261
f 222 221 261 262
f 223 222 262 263
f 224 223 263 264
f 225 224 264 265
f 226 225 265 266
f 227 226 266 267
f 228 227 267 268
f 229 228 268 269
f 230 229 269 270
f 231 230 270 271
f 232 231 271 272
f 233 232 272 273
f 234 233 273 274
f 235 234 274 275
f 236 235 275 276
f 237 236 276 277
f 238 237 277 278
f 239 238 278 279
f 240 239 279 280
f 242 241 281 282
f 243 242 282 283
f 244 243 283 284
f 245 244 284 285
f 246 245 285 286
f 247 246 286 287
f 248 247 287 288
f 249 248 288 289
f 250 249 289 290
f 251 250 290 291
f 252 251 291 292
f 253 252 292 293
f 254 253 293 294
f 255 254 294 295
f 256 255 295 296
f 257 256 296 297
f 258 257 297 298
f 259 258 298 299
f 260 259 299 300
f 261 260 300 301
f 262 261 301 302
f 263 262 302 303
f 264 263 303 304
f 265 264 304 305
f 266 265 305 306
f 267 266 306 307
f 268 267 307 308
f 269 268 308 309
f 270 269 309 310
f 271 270 310 311
f 272 271 311 312
f 273 272 312 313
f 274 273 313 314
f 275 274 314 315
f 276 275 315 316
f 277 276 316 317
f 278 277 317 318
f 279 278 318 319
f 280 279 319 320
f 282 281 321 322
f 283 282 322 323
f 284 283 323 324
f 285 284 324 325
f 286 285 325 326
f 287 286 326 327
f 288 287 327 328
f 289 288 328 329
f 290 289 329 330
f 291 290 330 331
f 292 291 331 332
f 293 292 332 333
f 294 293 333 334
f 295 294 334 335
f 296 295 335 336
f 297 296 336 337
f 298 297 337 338
f 299 298 338 339
f 300 299 339 340
f 301 300 340 341
f 302 301 341 342
f 303 302 342 343
f 304 303 343 344
f 305 304 344 345
f 306 305 345 346
f 307 306 346 347
f 308 307 347 348
f 309 308 348 349
f 310 309 349 350
f 311 310 350 351
f 312 311 351 352
f 313 312 352 353
f 314 313 353 354
f 315 314 354 355
f 316 315 355 356
f 317 316 356 357
f 318 317 357 358
f 319 318 358 359
f 320 319 359 360
f 322 321 361 362
f 323 322 362 363
f 324 323 363 364
f 325 324 364 365
f 326 325 365 366
f 327 326 366 367
f 328 327 367 368
f 329 328 368 369
f 330 329 369 370
f 331 330 370 371
f 332 331 371 372
f 333 332 372 373
f 334 333 373 374
f 335 334 374 375
f 336 335 375 376
f 337 336 376 377
f 338 337 377 378
f 339 338 378 379
f 340 339 379 380
f 341 340 380 381
f 342 341 381 382
f 343 342 382 383
f 344 343 383 384
f 345 344 384 385
f 346 345 385 386
f 347 346 386 387
f 348 347 387 388
f 349 348 388 389
f 350 349 389 390
f 351 350 390 391
f 352 351 391 392
f 353 352 392 393
f 354 353 393 394
f 355 354 394 395
f 356 355 395 396
f 357 356 396 397
f 358 357 397 398
f 359 358 398 399
f 360 359 399 400
f 362 361 401 402
f 363 362 402 403
f 364 363 403 404
f 365 364 404 405
f 366 365 405 406
f 367 366 406 407
f 368 367 407 408
f 369 368 408 409
f 370 369 409 410
f 371 370 410 411
f 372 371 411 412
f 373 372 412 413
f 374 373 413 414
f 375 374 414 415
f 376 375 415 416
f 377 376 416 417
f 378 377 417 418
f 379 378 418 419
f 380 379 419 420
f 381 380 420 421
f 382 381 421 422
f 383 382 422 423
f 384 383 423 424
f 385 384 424 425
f 386 385 425 426
f 387 386 426 427
f 388 387 427 428
f 389 388 428 429
f 390 389 429 430
f 391 390 430 431
f 392 391 431 432
f 393 392 432 433
f 394 393 433 434
f 395 394 434 435
f 396 395 435 436
f 397 396 436 437
f 398 397 437 438
f 399 398 438 439
f 400 399 439 440
f 402 401 441 442
f 403 402 442 443
f 404 403 443 444
f 405 404 444 445
f 406 405 445 446
f 407 406 446 447
f 408 407 447 448
f 409 408 448 449
f 410 409 449 450
f 411 410 450 451
f 412 411 451 452
f 413 412 452 453
f 414 413 453 454
f 415 414 454 455
f 416 415 455 456
f 417 416 456 457
f 418 417 457 458
f 419 418 458 459
f 420 419 459 460
f 421 420 460 461
f 422 421 461 462
f 423 422 462 463
f 424 423 463 464
f 425 424 464 465
f 426 425 465 466
f 427 426 466 467
f 428 427 467 468
f 429 428 468 469
f 430 429 469 470
f 431 430 470 471
f 432 431 471 472
f 433 432 472 473
f 434 433 473 474
f 435 434 474 475
f 436 435 475 476
f 437 436 476 477
f 438 437 477 478
f 439 438 478 479
f 440 439 479 480
f 442 441 481 482
f 443 442 482 483
f 444 443 483 484
f 445 444 484 485
f 446 445 485 486
f 447 446 486 487
f 448 447 487 488
f 449 448 488 489
f 450 449 489 490
f 451 450 490 491
f 452 451 491 492
f 453 452 492 493
f 454 453 493 494
f 455 454 494 495
f 456 455 495 496
f 457 456 496 497
f 458 457 497 498
f 459 458 498 499
f 460 459 499 500
f 461 460 500 501
f 462 461 501 502
f 463 462 502 503
f 464 463 503 504
f 465 464 504 505
f 466 465 505 506
f 467 466 506 507
f 468 467 507 508
f 469 468 508 509
f 470 469 509 510
f 471 470 510 511
f 472 471 511 512
f 473 472 512 513
f 474 473 513 514
f 475 474 514 515
f 476 475 515 516
f 477 476 516 517
f 478 477 517 518
f 479 478 518 519
f 480 479 519 520
f 482 481 521 522
f 483 482 522 523
f 484 483 523 524
f 485 484 524 525
f 486 485 525 526
f 487 486 526 527
f 488 487 527 528
f 489 488 528 529
f 490 489 529 530
f 491 490 530 531
f 492 491 531 532
f 493 492 532 533
f 494 493 533 534
f 495 494 534 535
f 496 495 535 536
f 497 496 536 537
f 498 497 537 538
f 499 498 538 539
f 500 499 539 540
f 501 500 540 541
f 502 501 541 542
f 503 502 542 543
f 504 503 543 544
f 505 504 544 545
f 506 505 545 546
f 507 506 546 547
f 508 507 547 548
f 509 508 548 549
f 510 509 549 550
f 511 510 550 551
f 512 511 551 552
f 513 512 552 553
f 514 513 553 554
f 515 514 554 555
f 516 515 555 556
f 517 516 556 557
f 518 517 557 558
f 519 518 558 559
f 520 519 559 560
f 522 521 561 562
f 523 522 562 563
f 524 523 563 564
f 525 524 564 565
f 526 525 565 566
f 527 526 566 567
f 528 527 567 568
f 529 528 568 569
f 530 529 569 570
f 531 530 570 571
f 532 531 571 572
f 533 532 572 573
f 534 533 573 574
f 535 534 574 575
f 536 535 575 576
f 537 536 576 577
f 538 537 577 578
f 539 538 578 579
f 540 539 579 580
f 541 540 580 581
f 542 541 581 582
f 543 542 582 583
f 544 543 583 584
f 545 544 584 585
f 546 545 585 586
f 547 546 586 587
f 548 547 587 588
f 549 548 588 589
f 550 549 589 590
f 551 550 590 591
f 552 551 591 592
f 553 552 592 593
f 554 553 593 594
f 555 554 594 595
f 556 555 595 596
f 557 556 596 597
f 558 557 597 598
f 559 558 598 599
f 560 559 599 600
f 562 561 601 602
f 563 562 602 603
f 564 563 603 604
f 565 564 604 605
f 566 565 605 606
f 567 566 606 607
f 568 567 607 608
f 569 568 608 609
f 570 569 609 610
f 571 570 610 611
f 572 571 611 612
f 573 572 612 613
f 574 573 613 614
f 575 574 614 615
f 576 575 615 616
f 577 576 616 617
f 578 577 617 618
f 579 578 618 619
f 580 579 619 620
f 581 580 620 621
f 582 581 621 622
f 583 582 622 623
f 584 583 623 624
f 585 584 624 625
f 586 585 625 626
f 587 586 626 627
f 588 587 627 628
f 589 588 628 629
f 590 589 629 630
f 591 590 630 631
f 592 591 631 632
f 593 592 632 633
f 594 593 633 634
f 595 594 634 635
f 596 595 635 636
f 597 596 636 637
f 598 597 637 638
f 599 598 638 639
f 600 599 639 640
f 602 601 641 642
f 603 602 642 643
f 604 603 643 644
f 605 604 644 645
f 606 605 645 646
f 607 606 646 647
f 608 607 647 648
f 609 608 648 649
f 610 609 649 650
f 611 610 650 651
f 612 611 651 652
f 613 612 652 653
f 614 613 653 654
f 615 614 654 655
f 616 615 655 656
f 617 616 656 657
f 618 617 657 658
f 619 618 658 659
f 620 619 659 660
f 621 620 660 661
f 622 621 661 662
f 623 622 662 663
f 624 623 663 664
f 625 624 664 665
f 626 625 665 666
f 627 626 666 667
f 628 627 667 668
f 629 628 668 669
f 630 629 669 670
f 631 630 670 671
f 632 631 671 672
f 633 632 672 673
f 634 633 673 674
f 635 634 674 675
f 636 635 675 676
f 637 636 676 677
f 638 637 677 678
f 639 638 678 679
f 640 639 679 680
f 642 641 681 682
f 643 642 682 683
f 644 643 683 684
f 645 644 684 685
f 646 645 685 686
f 647 646 686 687
f 648 647 687 688
f 649 648 688 689
f 650 649 689 690
f 651 650 690 691
f 652 651 691 692
f 653 652 692 693
f 654 653 693 694
f 655 654 694 695
f 656 655 695 696
f 657 656 696 697
f 658 657 697 698
f 659 658 698 699
f 660 659 699 700
f 661 660 700 701
f 662 661 701 702
f 663 662 702 703
f 664 663 703 704
f 665 664 704 705
f 666 665 705 706
f 667 666 706 707
f 668 667 707 708
f 669 668 708 709
f 670 669 709 710
f 671 670 710 711
f 672 671 711 712
f 673 672 712 713
f 674 673 713 714
f 675 674 714 715
f 676 675 715 716
f 677 676 716 717
f 678 677 717 718
f 679 678 718 719
f 680 679 719 720
f 682 681 721 722
f 683 682 722 723
f 684 683 723 724
f 685 684 724 725
f 686 685 725 726
f 687 686 726 727
f 688 687 727 728
f 689 688 728 729
f 690 689 729 730
f 691 690 730 731
f 692 691 731 732
f 693 692 732 733
f 694 693 733 734
f 695 694 734 735
f 696 695 735 736
f 697 696 736 737
f 698 697 737 738
f 699 698 738 739
f 700 699 739 740
f 701 700 740 741
f 702 701 741 742
f 703 702 742 743
f 704 703 743 744
f 705 704 744 745
f 706 705 745 746
f 707 706 746 747
f 708 707 747 748
f 709 708 748 749
f 710 709 749 750
f 711 710 750 751
f 712 711 751 752
f 713 712 752 753
f 714 713 753 754
f 715 714 754 755
f 716 715 755 756
f 717 716 756 757
f 718 717 757 758
f 719 718 758 759
f 720 719 759 760
f 722 721 761 762
f 723 722 762 763
f 724 723 763 764
f 725 724 764 765
f 726 725 765 766
f 727 726 766 767
f 728 727 767 768
f 729 728 768 769
f 730 729 769 770
f 731 730 770 771
f 732 731 771 772
f 733 732 772 773
f 734 733 773 774
f 735 734 774 775
f 736 735 775 776
f 737 736 776 777
f 738 737 777 778
f 739 738 778 779
f 740 739 779 780
f 741 740 780 781
f 742 741 781 782
f 743 742 782 783
f 744 743 783 784
f 745 744 784 785
f 746 745 785 786
f 747 746 786 787
f 748 747 787 788
f 749 748 788 789
f 750 749 789 790
f 751 750 790 791
f 752 751 791 792
f 753 752 792 793
f 754 753 793 794
f 755 754 794 795
f 756 755 795 796
f 757 756 796 797
f 758 757 797 798
f 759 758 798 799
f 760 759 799 800
f 762 761 801 802
f 763 762 802 803
f 764 763 803 804
f 765 764 804 805
f 766 765 805 806
f 767 766 806 807
f 768 767 807 808
f 769 768 808 809
f 770 769 809 810
f 771 770 810 811
f 772 771 811 812
f 773 772 812 813
f 774 773 813 814
f 775 774 814 815
f 776 775 815 816
f 777 776 816 817
f 778 777 817 818
f 779 778 818 819
f 780 779 819 820
f 781 780 820 821
f 782 781 821 822
f 783 782 822 823
f 784 783 823 824
f 785 784 824 825
f 786 785 825 826
f 787 786 826 827
f 788 787 827 828
f 789 788 828 829
f 790 789 829 830
f 791 790 830 831
f 792 791 831 832
f 793 792 832 833
f 794 793 833 834
f 795 794 834 835
f 796 795 835 836
f 797 796 836 837
f 798 797 837 838
f 799 798 838 839
f 800 799 839 840
f 802 801 841 842
f 803 802 842 843
f 804 803 843 844
f 805 804 844 845
f 806 805 845 846
f 807 806 846 847
f 808 807 847 848
f 809 808 848 849
f 810 809 849 850
f 811 810 850 851
f 812 811 851 852
f 813 812 852 853
f 814 813 853 854
f 815 814 854 855
f 816 815 855 856
f 817 816 856 857
f 818 817 857 858
f 819 818 858 859
f 820 819 859 860
f 821 820 860 861
f 822 821 861 862
f 823 822 862 863
f 824 823 863 864
f 825 824 864 865
f 826 825 865 866
f 827 826 866 867
f 828 827 867 868
f 829 828 868 869
f 830 829 869 870
f 831 830 870 871
f 832 831 871 872
f 833 832 872 873
f 834 833 873 874
f 835 834 874 875
f 836 835 875 876
f 837 836 876 877
f 838 837 877 878
f 839 838 878 879
f 840 839 879 880
f 842 841 881 882
f 843 842 882 883
f 844 843 883 884
f 845 844 884 885
f 846 845 885 886
f 847 846 886 887
f 848 847 887 888
f 849 848 888 889
f 850 849 889 890
f 851 850 890 891
f 852 851 891 892
f 853 852 892 893
f 854 853 893 894
f 855 854 894 895
f 856 855 895 896
f 857 856 896 897
f 858 857 897 898
f 859 858 898 899
f 860 859 899 900
f 861 860 900 901
f 862 861 901 902
f 863 862 902 903
f 864 863 903 904
f 865 864 904 905
f 866 865 905 906
f 867 866 906 907
f 868 867 907 908
f 869 868 908 909
f 870 869 909 910
f 871 870 910 911
f 872 871 911 912
f 873 872 912 913
f 874 873 913 914
f 875 874 914 915
f 876 875 915 916
f 877 876 916 917
f 878 877 917 918
f 879 878 918 919
f 880 879 919 920
f 882 881 921 922
f 883 882 922 923
f 884 883 923 924
f 885 884 924 925
f 886 885 925 926
f 887 886 926 927
f 888 887 927 928
f 889 888 928 929
f 890 889 929 930
f 891 890 930 931
f 892 891 931 932
f 893 892 932 933
f 894 893 933 934
f 895 894 934 935
f 896 895 935 936
f 897 896 936 937
f 898 897 937 938
f 899 898 938 939
f 900 899 939 940
f 901 900 940 941
f 902 901 941 942
f 903 902 942 943
f 904 903 943 944
f 905 904 944 945
f 906 905 945 946
f 907 906 946 947
f 908 907 947 948
f 909 908 948 949
f 910 909 949 950
f 911 910 950 951
f 912 911 951 952
f 913 912 952 953
f 914 913 953 954
f 915 914 954 955
f 916 915 955 956
f 917 916 956 957
f 918 917 957 958
f 919 918 958 959
f 920 919 959 960
f 922 921 961 962
f 923 922 962 963
f 924 923 963 964
f 925 924 964 965
f 926 925 965 966
f 927 926 966 967
f 928 927 967 968
f 929 928 968 969
f 930 929 969 970
f 931 930 970 971
f 932 931 971 972
f 933 932 972 973
f 934 933 973 974
f 935 934 974 975
f 936 935 975 976
f 937 936 976 977
f 938 937 977 978
f 939 938 978 979
f 940 939 979 980
f 941 940 980 981
f 942 941 981 982
f 943 942 982 983
f 944 943 983 984
f 945 944 984 985
f 946 945 985 986
f 947 946 986 987
f 948 947 987 988
f 949 948 988 989
f 950 949 989 990
f 951 950 990 991
f 952 951 991 992
f 953 952 992 993
f 954 953 993 994
f 955 954 994 995
f 956 955 995 996
f 957 956 996 997
f 958 957 997 998
f 959 958 998 999
f 960 959 999 1000
f 962 961 1001 1002
f 963 962 1002 1003
f 964 963 1003 1004
f 965 964 1004 1005
f 966 965 1005 1006
f 967 966 1006 1007
f 968 967 1007 1008
f 969 968 1008 1009
f 970 969 1009 1010
f 971 970 1010 1011
f 972 971 1011 1012
f 973 972 1012 1013
f 974 973 1013 1014
f 975 974 1014 1015
f 976 975 1015 1016
f 977 976 1016 1017
f 978 977 1017 1018
f 979 978 1018 1019
f 980 979 1019 1020
f 981 980 1020 1021
f 982 981 1021 1022
f 983 982 1022 1023
f 984 983 1023 1024
f 985 984 1024 1025
f 986 985 1025 1026
f 987 986 1026 1027
f 988 987 1027 1028
f 989 988 1028 1029
f 990 989 1029 1030
f 991 990 1030 1031
f 992 991 1031 1032
f 993 992 1032 1033
f 994 993 1033 1034
f 995 994 1034 1035
f 996 995 1035 1036
f 997 996 1036 1037
f 998 997 1037 1038
f 999 998 1038 1039
f 1000 999 1039 1040
f 1002 1001 1041 1042
f 1003 1002 1042 1043
f 1004 1003 1043 1044
f 1005 1004 1044 1045
f 1006 1005 1045 1046
f 1007 1006 1046 1047
f 1008 1007 1047 1048
f 1009 1008 1048 1049
f 1010 1009 1049 1050
f 1011 1010 1050 1051
f 1012 1011 1051 1052
f 1013 1012 1052 1053
f 1014 1013 1053 1054
f 1015 1014 1054 1055
f 1016 1015 1055 1056
f 1017 1016 1056 1057
f 1018 1017 1057 1058
f 1019 1018 1058 1059
f 1020 1019 1059 1060
f 1021 1020 1060 1061
f 1022 1021 1061 1062
f 1023 1022 1062 1063
f 1024 1023 1063 1064
f 1025 1024 1064 1065
f 1026 1025 1065 1066
f 1027 1026 1066 1067
f 1028 1027 1067 1068
f 1029 1028 1068 1069
f 1030 1029 1069 1070
f 1031 1030 1070 1071
f 1032 1031 1071 1072
f 1033 1032 1072 1073
f 1034 1033 1073 1074
f 1035 1034 1074 1075
f 1036 1035 1075 1076
f 1037 1036 1076 1077
f 1038 1037 1077 1078
f 1039 1038 1078 1079
f 1040 1039 1079 1080
f 1042 1041 1081 1082
f 1043 1042 1082 1083
f 1044 1043 1083 1084
f 1045 1044 1084 1085
f 1046 1045 1085 1086
f 1047 1046 1086 1087
f 1048 1047 1087 1088
f 1049 1048 1088 1089
f 1050 1049 1089 1090
f 1051 1050 1090 1091
f 1052 1051 1091 1092
f 1053 1052 1092 1093
f 1054 1053 1093 1094
f 1055 1054 1094 1095
f 1056 1055 1095 1096
f 1057 1056 1096 1097
f 1058 1057 1097 1098
f 1059 1058 1098 1099
f 1060 1059 1099 1100
f 1061 1060 1100 1101
f 1062 1061 1101 1102
f 1063 1062 1102 1103
f 1064 1063 1103 1104
f 1065 1064 1104 1105
f 1066 1065 1105 1106
f 1067 1066 1106 1107
f 1068 1067 1107 1108
f 1069 1068 1108 1109
f 1070 1069 1109 1110
f 1071 1070 1110 1111
f 1072 1071 1111 1112
f 1073 1072 1112 1113
f 1074 1073 1113 1114
f 1075 1074 1114 1115
f 1076 1075 1115 1116
f 1077 1076 1116 1117
f 1078 1077 1117 1118
f 1079 1078 1118 1119
f 1080 1079 1119 1120
f 1082 1081 1121 1122
f 1083 1082 1122 1123
f 1084 1083 1123 1124
f 1085 1084 1124 1125
f 1086 1085 1125 1126
f 1087 1086 1126 1127
f 1088 1087 1127 1128
f 1089 1088 1128 1129
f 1090 1089 1129 1130
f 1091 1090 1130 1131
f 1092 1091 1131 1132
f 1093 1092 1132 1133
f 1094 1093 1133 1134
f 1095 1094 1134 1135
f 1096 1095 1135 1136
f 1097 1096 1136 1137
f 1098 1097 1137 1138
f 1099 1098 1138 1139
f 1100 1099 1139 1140
f 1101 1100 1140 1141
f 1102 1101 1141 1142
f 1103 1102 1142 1143
f 1104 1103 1143 1144
f 1105 1104 1144 1145
f 1106 1105 1145 1146
f 1107 1106 1146 1147
f 1108 1107 1147 1148
f 1109 1108 1148 1149
f 1110 1109 1149 1150
f 1111 1110 1150 1151
f 1112 1111 1151 1152
f 1113 1112 1152 1153
f 1114 1113 1153 1154
f 1115 1114 1154 1155
f 1116 1115 1155 1156
f 1117 1116 1156 1157
f 1118 1117 1157 1158
f 1119 1118 1158 1159
f 1120 1119 1159 1160
f 1122 1121 1161 1162
f 1123 1122 1162 1163
f 1124 1123 1163 1164
f 1125 1124 1164 1165
f 1126 1125 1165 1166
f 1127 1126 1166 1167
f 1128 1127 1167 1168
f 1129 1128 1168 1169
f 1130 1129 1169 1170
f 1131 1130 1170 1171
f 1132 1131 1171 1172
f 1133 1132 1172 1173
f 1134 1133 1173 1174
f 1135 1134 1174 1175
f 1136 1135 1175 1176
f 1137 1136 1176 1177
f 1138 1137 1177 1178
f 1139 1138 1178 1179
f 1140 1139 1179 1180
f 1141 1140 1180 1181
f 1142 1141 1181 1182
f 1143 1142 1182 1183
f 1144 1143 1183 1184
f 1145 1144 1184 1185
f 1146 1145 1185 1186
f 1147 1146 1186 1187
f 1148 1147 1187 1188
f 1149 1148 1188 1189
f 1150 1149 1189 1190
f 1151 1150 1190 1191
f 1152 1151 1191 1192
f 1153 1152 1192 1193
f 1154 1153 1193 1194
f 1155 1154 1194 1195
f 1156 1155 1195 1196
f 1157 1156 1196 1197
f 1158 1157 1197 1198
f 1159 1158 1198 1199
f 1160 1159 1199 1200
f 1162 1161 1201 1202
f 1163 1162 1202 1203
f 1164 1163 1203 1204
f 1165 1164 1204 1205
f 1166 1165 1205 1206
f 1167 1166 1206 1207
f 1168 1167 1207 1208
f 1169 1168 1208 1209
f 1170 1169 1209 1210
f 1171 1170 1210 1211
f 1172 1171 1211 1212
f 1173 1172 1212 1213
f 1174 1173 1213 1214
f 1175 1174 1214 1215
f 1176 1175 1215 1216
f 1177 1176 1216 1217
f 1178 1177 1217 1218
f 1179 1178 1218 1219
f 1180 1179 1219 1220
f 1181 1180 1220 1221
f 1182 1181 1221 1222
f 1183 1182 1222 1223
f 1184 1183 1223 1224
f 1185 1184 1224 1225
f 1186 1185 1225 1226
f 1187 1186 1226 1227
f 1188 1187 1227 1228
f 1189 1188 1228 1229
f 1190 1189 1229 1230
f 1191 1190 1230 1231
f 1192 1191 1231 1232
f 1193 1192 1232 1233
f 1194 1193 1233 1234
f 1195 1194 1234 1235
f 1196 1195 1235 1236
f 1197 1196 1236 1237
f 1198 1197 1237 1238
f 1199 1198 1238 1239
f 1200 1199 1239 1240
f 1202 1201 1241 1242
f 1203 1202 1242 1243
f 1204 1203 1243 1244
f 1205 1204 1244 1245
f 1206 1205 1245 1246
f 1207 1206 1246 1247
f 1208 1207 1247 1248
f 1209 1208 1248 1249
f 1210 1209 1249 1250
f 1211 1210 1250 1251
f 1212 1211 1251 1252
f 1213 1212 1252 1253
f 1214 1213 1253 1254
f 1215 1214 1254 1255
f 1216 1215 1255 1256
f 1217 1216 1256 1257
f 1218 1217 1257 1258
f 1219 1218 1258 1259
f 1220 1219 1259 1260
f 1221 1220 1260 1261
f 1222 1221 1261 1262
f 1223 1222 1262 1263
f 1224 1223 1263 1264
f 1225 1224 1264 1265
f 1226 1225 1265 1266
f 1227 1226 1266 1267
f 1228 1227 1267 1268
f 1229 1228 1268 1269
f 1230 1229 1269 1270
f 1231 1230 1270 1271
f 1232 1231 1271 1272
f 1233 1232 1272 1273
f 1234 1233 1273 1274
f 1235 1234 1274 1275
f 1236 1235 1275 1276
f 1237 1236 1276 1277
f 1238 1237 1277 1278
f 1239 1238 1278 1279
f 1240 1239 1279 1280
f 1242 1241 1281 1282
f 1243 1242 1282 1283
f 1244 1243 1283 1284
f 1245 1244 1284 1285
f 1246 1245 1285 1286
f 1247 1246 1286 1287
f 1248 1247 1287 1288
f 1249 1248 1288 1289
f 1250 1249 1289 1290
f 1251 1250 1290 1291
f 1252 1251 1291 1292
f 1253 1252 1292 1293
f 1254 1253 1293 1294
f 1255 1254 1294 1295
f 1256 1255 1295 1296
f 1257 1256 1296 1297
f 1258 1257 1297 1298
f 1259 1258 1298 1299
f 1260 1259 1299 1300
f 1261 1260 1300 1301
f 1262 1261 1301 1302
f 1263 1262 1302 1303
f 1264 1263 1303 1304
f 1265 1264 1304 1305
f 1266 1265 1305 1306
f 1267 1266 1306 1307
f 1268 1267 1307 1308
f 1269 1268 1308 1309
f 1270 1269 1309 1310
f 1271 1270 1310 1311
f 1272 1271 1311 1312
f 1273 1272 1312 1313
f 1274 1273 1313 1314
f 1275 1274 1314 1315
f 1276 1275 1315 1316
f 1277 1276 1316 1317
f 1278 1277 1317 1318
f 1279 1278 1318 1319
f 1280 1279 1319 1320
f 1282 1281 1321 1322
f 1283 1282 1322 1323
f 1284 1283 1323 1324
f 1285 1284 1324 1325
f 1286 1285 1325 1326
f 1287 1286 1326 1327
f 1288 1287 1327 1328
f 1289 1288 1328 1329
f 1290 1289 1329 1330
f 1291 1290 1330 1331
f 1292 1291 1331 1332
f 1293 1292 1332 1333
f 1294 1293 1333 1334
f 1295 1294 1334 1335
f 1296 1295 1335 1336
f 1297 1296 1336 1337
f 1298 1297 1337 1338
f 1299 1298 1338 1339
f 1300 1299 1339 1340
f 1301 1300 1340 1341
f 1302 1301 1341 1342
f 1303 1302 1342 1343
f 1304 1303 1343 1344
f 1305 1304 1344 1345
f 1306 1305 1345 1346
f 1307 1306 1346 1347
f 1308 1307 1347 1348
f 1309 1308 1348 1349
f 1310 1309 1349 1350
f 1311 1310 1350 1351
f 1312 1311 1351 1352
f 1313 1312 1352 1353
f 1314 1313 1353 1354
f 1315 1314 1354 1355
f 1316 1315 1355 1356
f 1317 1316 1356 1357
f 1318 1317 1357 1358
f 1319 1318 1358 1359
f 1320 1319 1359 1360
f 1322 1321 1361 1362
f 1323 1322 1362 1363
f 1324 1323 1363 1364
f 1325 1324 1364 1365
f 1326 1325 1365 1366
f 1327 1326 1366 1367
f 1328 1327 1367 1368
f 1329 1328 1368 1369
f 1330 1329 1369 1370
f 1331 1330 1370 1371
f 1332 1331 1371 1372
f 1333 1332 1372 1373
f 1334 1333 1373 1374
f 1335 1334 1374 1375
f 1336 1335 1375 1376
f 1337 1336 1376 1377
f 1338 1337 1377 1378
f 1339 1338 1378 1379
f 1340 1339 1379 1380
f 1341 1340 1380 1381
f 1342 1341 1381 1382
f 1343 1342 1382 1383
f 1344 1343 1383 1384
f 1345 1344 1384 1385
f 1346 1345 1385 1386
f 1347 1346 1386 1387
f 1348 1347 1387 1388
f 1349 1348 1388 1389
f 1350 1349 1389 1390
f 1351 1350 1390 1391
f 1352 1351 1391 1392
f 1353 1352 1392 1393
f 1354 1353 1393 1394
f 1355 1354 1394 1395
f 1356 1355 1395 1396
f 1357 1356 1396 1397
f 1358 1357 1397 1398
f 1359 1358 1398 1399
f 1360 1359 1399 1400
f 1362 1361 1401 1402
f 1363 1362 1402 1403
f 1364 1363 1403 1404
f 1365 1364 1404 1405
f 1366 1365 1405 1406
f 1367 1366 1406 1407
f 1368 1367 1407 1408
f 1369 1368 1408 1409
f 1370 1369 1409 1410
f 1371 1370 1410 1411
f 1372 1371 1411 1412
f 1373 1372 1412 1413
f 1374 1373 1413 1414
f 1375 1374 1414 1415
f 1376 1375 1415 1416
f 1377 1376 1416 1417
f 1378 1377 1417 1418
f 1379 1378 1418 1419
f 1380 1379 1419 1420
f 1381 1380 1420 1421
f 1382 1381 1421 1422
f 1383 1382 1422 1423
f 1384 1383 1423 1424
f 1385 1384 1424 1425
f 1386 1385 1425 1426
f 1387 1386 1426 1427
f 1388 1387 1427 1428
f 1389 1388 1428 1429
f 1390 1389 1429 1430
f 1391 1390 1430 1431
f 1392 1391 1431 1432
f 1393 1392 1432 1433
f 1394 1393 1433 1434
f 1395 1394 1434 1435
f 1396 1395 1435 1436
f 1397 1396 1436 1437
f 1398 1397 1437 1438
f 1399 1398 1438 1439
f 1400 1399 1439 1440
f 1402 1401 1441 1442
f 1403 1402 1442 1443
f 1404 1403 1443 1444
f 1405 1404 1444 1445
f 1406 1405 1445 1446
f 1407 1406 1446 1447
f 1408 1407 1447 1448
f 1409 1408 1448 1449
f 1410 1409 1449 1450
f 1411 1410 1450 1451
f 1412 1411 1451 1452
f 1413 1412 1452 1453
f 1414 1413 1453 1454
f 1415 1414 1454 1455
f 1416 1415 1455 1456
f 1417 1416 1456 1457
f 1418 1417 1457 1458
f 1419 1418 1458 1459
f 1420 1419 1459 1460
f 1421 1420 1460 1461
f 1422 1421 1461 1462
f 1423 1422 1462 1463
f 1424 1423 1463 1464
f 1425 1424 1464 1465
f 1426 1425 1465 1466
f 1427 1426 1466 1467
f 1428 1427 1467 1468
f 1429 1428 1468 1469
f 1430 1429 1469 1470
f 1431 1430 1470 1471
f 1432 1431 1471 1472
f 1433 1432 1472 1473
f 1434 1433 1473 1474
f 1435 1434 1474 1475
f 1436 1435 1475 1476
f 1437 1436 1476 1477
f 1438 1437 1477 1478
f 1439 1438 1478 1479
f 1440 1439 1479 1480
f 1442 1441 1481 1482
f 1443 1442 1482 1483
f 1444 1443 1483 1484
f 1445 1444 1484 1485
f 1446 1445 1485 1486
f 1447 1446 1486 1487
f 1448 1447 1487 1488
f 1449 1448 1488 1489
f 1450 1449 1489 1490
f 1451 1450 1490 1491
f 1452 1451 1491 1492
f 1453 1452 1492 1493
f 1454 1453 1493 1494
f 1455 1454 1494 1495
f 1456 1455 1495 1496
f 1457 1456 1496 1497
f 1458 1457 1497 1498
f 1459 1458 1498 1499
f 1460 1459 1499 1500
f 1461 1460 1500 1501
f 1462 1461 1501 1502
f 1463 1462 1502 1503
f 1464 1463 1503 1504
f 1465 1464 1504 1505
f 1466 1465 1505 1506
f 1467 1466 1506 1507
f 1468 1467 1507 1508
f 1469 1468 1508 1509
f 1470 1469 1509 1510
f 1471 1470 1510 1511
f 1472 1471 1511 1512
f 1473 1472 1512 1513
f 1474 1473 1513 1514
f 1475 1474 1514 1515
f 1476 1475 1515 1516
f 1477 1476 1516 1517
f 1478 1477 1517 1518
f 1479 1478 1518 1519
f 1480 1479 1519 1520
f 1482 1481 1521 1522
f 1483 1482 1522 1523
f 1484 1483 1523 1524
f 1485 1484 1524 1525
f 1486 1485 1525 1526
f 1487 1486 1526 1527
f 1488 1487 1527 1528
f 1489 1488 1528 1529
f 1490 1489 1529 1530
f 1491 1490 1530 1531
f 1492 1491 1531 1532
f 1493 1492 1532 1533
f 1494 1493 1533 1534
f 1495 1494 1534 1535
f 1496 1495 1535 1536
f 1497 1496 1536 1537
f 1498 1497 1537 1538
f 1499 1498 1538 1539
f 1500 1499 1539 1540
f 1501 1500 1540 1541
f 1502 1501 1541 1542
f 1503 1502 1542 1543
f 1504 1503 1543 1544
f 1505 1504 1544 1545
f 1506 1505 1545 1546
f 1507 1506 1546 1547
f 1508 1507 1547 1548
f 1509 1508 1548 1549
f 1510 1509 1549 1550
f 1511 1510 1550 1551
f 1512 1511 1551 1552
f 1513 1512 1552 1553
f 1514 1513 1553 1554
f 1515 1514 1554 1555
f 1516 1515 1555 1556
f 1517 1516 1556 1557
f 1518 1517 1557 1558
f 1519 1518 1558 1559
f 1520 1519 1559 1560
f 1522 1521 1561 1562
f 1523 1522 1562 1563
f 1524 1523 1563 1564
f 1525 1524 1564 1565
f 1526 1525 1565 1566
f 1527 1526 1566 1567
f 1528 1527 1567 1568
f 1529 1528 1568 1569
f 1530 1529 1569 1570
f 1531 1530 1570 1571
f 1532 1531 1571 1572
f 1533 1532 1572 1573
f 1534 1533 1573 1574
f 1535 1534 1574 1575
f 1536 1535 1575 1576
f 1537 1536 1576 1577
f 1538 1537 1577 1578
f 1539 1538 1578 1579
f 1540 1539 1579 1580
f 1541 1540 1580 1581
f 1542 1541 1581 1582
f 1543 1542 1582 1583
f 1544 1543 1583 1584
f 1545 1544 1584 1585
f 1546 1545 1585 1586
f 1547 1546 1586 1587
f 1548 1547 1587 1588
f 1549 1548 1588 1589
f 1550 1549 1589 1590
f 1551 1550 1590 1591
f 1552 1551 1591 1592
f 1553 1552 1592 1593
f 1554 1553 1593 1594
f 1555 1554 1594 1595
f 1556 1555 1595 1596
f 1557 1556 1596 1597
f 1558 1557 1597 1598
f 1559 1558 1598 1599
f 1560 1559 1599 1600
