# Blender v2.79 (sub 0) OBJ File: ''
# www.blender.org
v -5.000000 0.000000 5.000000
v -5.000000 0.000000 4.333333
v -5.000000 0.000000 3.666667
v -5.000000 0.000000 3.000000
v -5.000000 0.000000 2.333333
v -5.000000 0.000000 1.666667
v -5.000000 0.000000 1.000000
v -5.000000 0.000000 0.333333
v -5.000000 0.000000 -0.333333
v -5.000000 0.000000 -1.000000
v -5.000000 0.000000 -1.666667
v -5.000000 0.000000 -2.333333
v -5.000000 0.000000 -3.000000
v -5.000000 0.000000 -3.666667
v -5.000000 0.000000 -4.333333
v -5.000000 0.000000 -5.000000
v -4.333333 0.000000 5.000000
v -4.333333 0.000000 4.333333
v -4.333333 -0.051783 3.666667
v -4.333333 -0.216928 3.000000
v -4.333333 -0.297314 2.333333
v -4.333333 -0.355526 1.666667
v -4.333333 -0.330885 1.000000
v -4.333333 -0.273902 0.333333
v -4.333333 -0.160169 -0.333333
v -4.333333 -0.058799 -1.000000
v -4.333333 0.062632 -1.666667
v -4.333333 0.042299 -2.333333
v -4.333333 0.042752 -3.000000
v -4.333333 0.021372 -3.666667
v -4.333333 0.000000 -4.333333
v -4.333333 0.000000 -5.000000
v -3.666667 0.000000 5.000000
v -3.666667 -0.036197 4.333333
v -3.666667 -0.355697 3.666667
v -3.666667 -0.743360 3.000000
v -3.666667 -0.803041 2.333333
v -3.666667 -0.903229 1.666667
v -3.666667 -0.764784 1.000000
v -3.666667 -0.663616 0.333333
v -3.666667 -0.274292 -0.333333
v -3.666667 0.004515 -1.000000
v -3.666667 0.277395 -1.666667
v -3.666667 0.306390 -2.333333
v -3.666667 0.237583 -3.000000
v -3.666667 0.224394 -3.666667
v -3.666667 0.025112 -4.333333
v -3.666667 0.000000 -5.000000
v -3.000000 0.000000 5.000000
v -3.000000 -0.167011 4.333333
v -3.000000 -0.625852 3.666667
v -3.000000 -1.121207 3.000000
v -3.000000 -0.922247 2.333333
v -3.000000 -0.959395 1.666667
v -3.000000 -0.576069 1.000000
v -3.000000 -0.308965 0.333333
v -3.000000 -0.198471 -0.333333
v -3.000000 0.123993 -1.000000
v -3.000000 0.579144 -1.666667
v -3.000000 0.450941 -2.333333
v -3.000000 0.468412 -3.000000
v -3.000000 0.342876 -3.666667
v -3.000000 0.103777 -4.333333
v -3.000000 0.000000 -5.000000
v -2.333333 0.000000 5.000000
v -2.333333 -0.257350 4.333333
v -2.333333 -0.787972 3.666667
v -2.333333 -1.112688 3.000000
v -2.333333 -0.947658 2.333333
v -2.333333 -0.542481 1.666667
v -2.333333 -0.113463 1.000000
v -2.333333 0.285199 0.333333
v -2.333333 0.128462 -0.333333
v -2.333333 0.530046 -1.000000
v -2.333333 0.840504 -1.666667
v -2.333333 0.792230 -2.333333
v -2.333333 0.782320 -3.000000
v -2.333333 0.549441 -3.666667
v -2.333333 0.182708 -4.333333
v -2.333333 0.000000 -5.000000
v -1.666667 0.000000 5.000000
v -1.666667 -0.191003 4.333333
v -1.666667 -0.723357 3.666667
v -1.666667 -0.907124 3.000000
v -1.666667 -0.819697 2.333333
v -1.666667 -0.076993 1.666667
v -1.666667 0.231385 1.000000
v -1.666667 0.731455 0.333333
v -1.666667 0.964798 -0.333333
v -1.666667 0.955448 -1.000000
v -1.666667 0.787803 -1.666667
v -1.666667 0.942764 -2.333333
v -1.666667 0.865270 -3.000000
v -1.666667 0.554330 -3.666667
v -1.666667 0.245222 -4.333333
v -1.666667 0.000000 -5.000000
v -1.000000 0.000000 5.000000
v -1.000000 -0.140106 4.333333
v -1.000000 -0.404620 3.666667
v -1.000000 -0.740500 3.000000
v -1.000000 -0.341819 2.333333
v -1.000000 0.176928 1.666667
v -1.000000 0.738913 1.000000
v -1.000000 1.190873 0.333333
v -1.000000 1.396060 -0.333333
v -1.000000 0.623854 -1.000000
v -1.000000 0.440162 -1.666667
v -1.000000 0.307859 -2.333333
v -1.000000 0.526014 -3.000000
v -1.000000 0.495805 -3.666667
v -1.000000 0.258065 -4.333333
v -1.000000 0.000000 -5.000000
v -0.333333 0.000000 5.000000
v -0.333333 -0.026652 4.333333
v -0.333333 0.081328 3.666667
v -0.333333 -0.087009 3.000000
v -0.333333 0.517103 2.333333
v -0.333333 0.761428 1.666667
v -0.333333 0.853474 1.000000
v -0.333333 1.041018 0.333333
v -0.333333 0.860351 -0.333333
v -0.333333 0.508238 -1.000000
v -0.333333 -0.087504 -1.666667
v -0.333333 -0.208829 -2.333333
v -0.333333 0.361266 -3.000000
v -0.333333 0.396865 -3.666667
v -0.333333 0.180675 -4.333333
v -0.333333 0.000000 -5.000000
v 0.333333 0.000000 5.000000
v 0.333333 -0.008636 4.333333
v 0.333333 0.186341 3.666667
v 0.333333 0.493676 3.000000
v 0.333333 0.809006 2.333333
v 0.333333 0.934222 1.666667
v 0.333333 0.614262 1.000000
v 0.333333 0.819317 0.333333
v 0.333333 0.273587 -0.333333
v 0.333333 -0.161704 -1.000000
v 0.333333 -0.401862 -1.666667
v 0.333333 -0.618835 -2.333333
v 0.333333 -0.081004 -3.000000
v 0.333333 0.112470 -3.666667
v 0.333333 0.113071 -4.333333
v 0.333333 0.000000 -5.000000
v 1.000000 0.000000 5.000000
v 1.000000 0.023530 4.333333
v 1.000000 0.179460 3.666667
v 1.000000 0.674032 3.000000
v 1.000000 1.352610 2.333333
v 1.000000 1.451421 1.666667
v 1.000000 0.940337 1.000000
v 1.000000 0.577367 0.333333
v 1.000000 0.032377 -0.333333
v 1.000000 -0.802238 -1.000000
v 1.000000 -1.099673 -1.666667
v 1.000000 -0.991253 -2.333333
v 1.000000 -0.294717 -3.000000
v 1.000000 -0.148557 -3.666667
v 1.000000 0.010215 -4.333333
v 1.000000 0.000000 -5.000000
v 1.666667 0.000000 5.000000
v 1.666667 0.017679 4.333333
v 1.666667 0.163902 3.666667
v 1.666667 0.507370 3.000000
v 1.666667 1.106675 2.333333
v 1.666667 1.177725 1.666667
v 1.666667 0.877250 1.000000
v 1.666667 0.031482 0.333333
v 1.666667 -0.568945 -0.333333
v 1.666667 -1.025179 -1.000000
v 1.666667 -1.209163 -1.666667
v 1.666667 -1.572982 -2.333333
v 1.666667 -1.115563 -3.000000
v 1.666667 -0.578809 -3.666667
v 1.666667 -0.165088 -4.333333
v 1.666667 0.000000 -5.000000
v 2.333333 0.000000 5.000000
v 2.333333 0.079328 4.333333
v 2.333333 0.188866 3.666667
v 2.333333 0.495607 3.000000
v 2.333333 0.952872 2.333333
v 2.333333 1.098217 1.666667
v 2.333333 0.787929 1.000000
v 2.333333 0.109988 0.333333
v 2.333333 -0.713264 -0.333333
v 2.333333 -1.215672 -1.000000
v 2.333333 -1.553356 -1.666667
v 2.333333 -1.719175 -2.333333
v 2.333333 -1.620490 -3.000000
v 2.333333 -0.986518 -3.666667
v 2.333333 -0.286759 -4.333333
v 2.333333 0.000000 -5.000000
v 3.000000 0.000000 5.000000
v 3.000000 0.118060 4.333333
v 3.000000 0.362219 3.666667
v 3.000000 0.502898 3.000000
v 3.000000 0.682968 2.333333
v 3.000000 0.869786 1.666667
v 3.000000 0.641123 1.000000
v 3.000000 -0.055293 0.333333
v 3.000000 -0.583941 -0.333333
v 3.000000 -1.287288 -1.000000
v 3.000000 -1.654987 -1.666667
v 3.000000 -1.489369 -2.333333
v 3.000000 -1.447971 -3.000000
v 3.000000 -0.940548 -3.666667
v 3.000000 -0.236548 -4.333333
v 3.000000 0.000000 -5.000000
v 3.666667 0.000000 5.000000
v 3.666667 0.041365 4.333333
v 3.666667 0.344207 3.666667
v 3.666667 0.538299 3.000000
v 3.666667 0.441620 2.333333
v 3.666667 0.246974 1.666667
v 3.666667 0.259518 1.000000
v 3.666667 -0.152709 0.333333
v 3.666667 -0.614087 -0.333333
v 3.666667 -0.927386 -1.000000
v 3.666667 -0.940781 -1.666667
v 3.666667 -1.002635 -2.333333
v 3.666667 -0.925250 -3.000000
v 3.666667 -0.528531 -3.666667
v 3.666667 -0.061600 -4.333333
v 3.666667 0.000000 -5.000000
v 4.333333 0.000000 5.000000
v 4.333333 0.000000 4.333333
v 4.333333 0.047758 3.666667
v 4.333333 0.150663 3.000000
v 4.333333 0.140856 2.333333
v 4.333333 0.100554 1.666667
v 4.333333 0.076240 1.000000
v 4.333333 -0.042617 0.333333
v 4.333333 -0.145546 -0.333333
v 4.333333 -0.313682 -1.000000
v 4.333333 -0.389093 -1.666667
v 4.333333 -0.335114 -2.333333
v 4.333333 -0.262922 -3.000000
v 4.333333 -0.063400 -3.666667
v 4.333333 0.000000 -4.333333
v 4.333333 0.000000 -5.000000
v 5.000000 0.000000 5.000000
v 5.000000 0.000000 4.333333
v 5.000000 0.000000 3.666667
v 5.000000 0.000000 3.000000
v 5.000000 0.000000 2.333333
v 5.000000 0.000000 1.666667
v 5.000000 0.000000 1.000000
v 5.000000 0.000000 0.333333
v 5.000000 0.000000 -0.333333
v 5.000000 0.000000 -1.000000
v 5.000000 0.000000 -1.666667
v 5.000000 0.000000 -2.333333
v 5.000000 0.000000 -3.000000
v 5.000000 0.000000 -3.666667
v 5.000000 0.000000 -4.333333
v 5.000000 0.000000 -5.000000
s 1
f 2 1 17 18
f 3 2 18 19
f 4 3 19 20
f 5 4 20 21
f 6 5 21 22
f 7 6 22 23
f 8 7 23 24
f 9 8 24 25
f 10 9 25 26
f 11 10 26 27
f 12 11 27 28
f 13 12 28 29
f 14 13 29 30
f 15 14 30 31
f 16 15 31 32
f 18 17 33 34
f 19 18 34 35
f 20 19 35 36
f 21 20 36 37
f 22 21 37 38
f 23 22 38 39
f 24 23 39 40
f 25 24 40 41
f 26 25 41 42
f 27 26 42 43
f 28 27 43 44
f 29 28 44 45
f 30 29 45 46
f 31 30 46 47
f 32 31 47 48
f 34 33 49 50
f 35 34 50 51
f 36 35 51 52
f 37 36 52 53
f 38 37 53 54
f 39 38 54 55
f 40 39 55 56
f 41 40 56 57
f 42 41 57 58
f 43 42 58 59
f 44 43 59 60
f 45 44 60 61
f 46 45 61 62
f 47 46 62 63
f 48 47 63 64
f 50 49 65 66
f 51 50 66 67
f 52 51 67 68
f 53 52 68 69
f 54 53 69 70
f 55 54 70 71
f 56 55 71 72
f 57 56 72 73
f 58 57 73 74
f 59 58 74 75
f 60 59 75 76
f 61 60 76 77
f 62 61 77 78
f 63 62 78 79
f 64 63 79 80
f 66 65 81 82
f 67 66 82 83
f 68 67 83 84
f 69 68 84 85
f 70 69 85 86
f 71 70 86 87
f 72 71 87 88
f 73 72 88 89
f 74 73 89 90
f 75 74 90 91
f 76 75 91 92
f 77 76 92 93
f 78 77 93 94
f 79 78 94 95
f 80 79 95 96
f 82 81 97 98
f 83 82 98 99
f 84 83 99 100
f 85 84 100 101
f 86 85 101 102
f 87 86 102 103
f 88 87 103 104
f 89 88 104 105
f 90 89 105 106
f 91 90 106 107
f 92 91 107 108
f 93 92 108 109
f 94 93 109 110
f 95 94 110 111
f 96 95 111 112
f 98 97 113 114
f 99 98 114 115
f 100 99 115 116
f 101 100 116 117
f 102 101 117 118
f 103 102 118 119
f 104 103 119 120
f 105 104 120 121
f 106 105 121 122
f 107 106 122 123
f 108 107 123 124
f 109 108 124 125
f 110 109 125 126
f 111 110 126 127
f 112 111 127 128
f 114 113 129 130
f 115 114 130 131
f 116 115 131 132
f 117 116 132 133
f 118 117 133 134
f 119 118 134 135
f 120 119 135 136
f 121 120 136 137
f 122 121 137 138
f 123 122 138 139
f 124 123 139 140
f 125 124 140 141
f 126 125 141 142
f 127 126 142 143
f 128 127 143 144
f 130 129 145 146
f 131 130 146 147
f 132 131 147 148
f 133 132 148 149
f 134 133 149 150
f 135 134 150 151
f 136 135 151 152
f 137 136 152 153
f 138 137 153 154
f 139 138 154 155
f 140 139 155 156
f 141 140 156 157
f 142 141 157 158
f 143 142 158 159
f 144 143 159 160
f 146 145 161 162
f 147 146 162 163
f 148 147 163 164
f 149 148 164 165
f 150 149 165 166
f 151 150 166 167
f 152 151 167 168
f 153 152 168 169
f 154 153 169 170
f 155 154 170 171
f 156 155 171 172
f 157 156 172 173
f 158 157 173 174
f 159 158 174 175
f 160 159 175 176
f 162 161 177 178
f 163 162 178 179
f 164 163 179 180
f 165 164 180 181
f 166 165 181 182
f 167 166 182 183
f 168 167 183 184
f 169 168 184 185
f 170 169 185 186
f 171 170 186 187
f 172 171 187 188
f 173 172 188 189
f 174 173 189 190
f 175 174 190 191
f 176 175 191 192
f 178 177 193 194
f 179 178 194 195
f 180 179 195 196
f 181 180 196 197
f 182 181 197 198
f 183 182 198 199
f 184 183 199 200
f 185 184 200 201
f 186 185 201 202
f 187 186 202 203
f 188 187 203 204
f 189 188 204 205
f 190 189 205 206
f 191 190 206 207
f 192 191 207 208
f 194 193 209 210
f 195 194 210 211
f 196 195 211 212
f 197 196 212 213
f 198 197 213 214
f 199 198 214 215
f 200 199 215 216
f 201 200 216 217
f 202 201 217 218
f 203 202 218 219
f 204 203 219 220
f 205 204 220 221
f 206 205 221 222
f 207 206 222 223
f 208 207 223 224
f 210 209 225 226
f 211 210 226 227
f 212 211 227 228
f 213 212 228 229
f 214 213 229 230
f 215 214 230 231
f 216 215 231 232
f 217 216 232 233
f 218 217 233 234
f 219 218 234 235
f 220 219 235 236
f 221 220 236 237
f 222 221 237 238
f 223 222 238 239
f 224 223 239 240
f 226 225 241 242
f 227 226 242 243
f 228 227 243 244
f 229 228 244 245
f 230 229 245 246
f 231 230 246 247
f 232 231 247 248
f 233 232 248 249
f 234 233 249 250
f 235 234 250 251
f 236 235 251 252
f 237 236 252 253
f 238 237 253 254
f 239 238 254 255
f 240 239 255 256
