# Blender v2.79 (sub 0) OBJ File: ''
# www.blender.org
v -5.000000 0.000000 5.000000
v -5.000000 0.000000 4.230769
v -5.000000 0.000000 3.461539
v -5.000000 0.000000 2.692308
v -5.000000 0.000000 1.923077
v -5.000000 0.000000 1.153846
v -5.000000 0.000000 0.384615
v -5.000000 0.000000 -0.384615
v -5.000000 0.000000 -1.153846
v -5.000000 0.000000 -1.923077
v -5.000000 0.000000 -2.692308
v -5.000000 0.000000 -3.461539
v -5.000000 0.000000 -4.230769
v -5.000000 0.000000 -5.000000
v -4.230769 0.000000 5.000000
v -4.230769 0.000000 4.230769
v -4.230769 -0.153117 3.461539
v -4.230769 -0.357908 2.692308
v -4.230769 -0.444032 1.923077
v -4.230769 -0.411723 1.153846
v -4.230769 -0.345405 0.384615
v -4.230769 -0.173182 -0.384615
v -4.230769 0.007616 -1.153846
v -4.230769 0.122451 -1.923077
v -4.230769 0.069809 -2.692308
v -4.230769 0.063043 -3.461539
v -4.230769 0.000000 -4.230769
v -4.230769 0.000000 -5.000000
v -3.461539 0.000000 5.000000
v -3.461539 -0.117616 4.230769
v -3.461539 -0.616243 3.461539
v -3.461539 -0.951150 2.692308
v -3.461539 -0.891480 1.923077
v -3.461539 -0.906915 1.153846
v -3.461539 -0.651853 0.384615
v -3.461539 -0.286763 -0.384615
v -3.461539 0.093571 -1.153846
v -3.461539 0.482988 -1.923077
v -3.461539 0.322503 -2.692308
v -3.461539 0.266992 -3.461539
v -3.461539 0.080193 -4.230769
v -3.461539 0.000000 -5.000000
v -2.692308 0.000000 5.000000
v -2.692308 -0.298281 4.230769
v -2.692308 -0.846240 3.461539
v -2.692308 -1.080700 2.692308
v -2.692308 -0.946104 1.923077
v -2.692308 -0.420343 1.153846
v -2.692308 0.003986 0.384615
v -2.692308 -0.098664 -0.384615
v -2.692308 0.318513 -1.153846
v -2.692308 0.573655 -1.923077
v -2.692308 0.598395 -2.692308
v -2.692308 0.458841 -3.461539
v -2.692308 0.185029 -4.230769
v -2.692308 0.000000 -5.000000
v -1.923077 0.000000 5.000000
v -1.923077 -0.279439 4.230769
v -1.923077 -0.978957 3.461539
v -1.923077 -0.908340 2.692308
v -1.923077 -0.596873 1.923077
v -1.923077 0.052784 1.153846
v -1.923077 0.574455 0.384615
v -1.923077 0.607916 -0.384615
v -1.923077 0.810671 -1.153846
v -1.923077 0.704279 -1.923077
v -1.923077 1.156819 -2.692308
v -1.923077 0.587349 -3.461539
v -1.923077 0.319851 -4.230769
v -1.923077 0.000000 -5.000000
v -1.153846 0.000000 5.000000
v -1.153846 -0.201703 4.230769
v -1.153846 -0.588651 3.461539
v -1.153846 -0.903555 2.692308
v -1.153846 -0.158710 1.923077
v -1.153846 0.530880 1.153846
v -1.153846 1.059544 0.384615
v -1.153846 1.409042 -0.384615
v -1.153846 0.633503 -1.153846
v -1.153846 0.301078 -1.923077
v -1.153846 0.565761 -2.692308
v -1.153846 0.487081 -3.461539
v -1.153846 0.338291 -4.230769
v -1.153846 0.000000 -5.000000
v -0.384615 0.000000 5.000000
v -0.384615 -0.041748 4.230769
v -0.384615 -0.026899 3.461539
v -0.384615 0.100475 2.692308
v -0.384615 0.578080 1.923077
v -0.384615 0.801582 1.153846
v -0.384615 0.968623 0.384615
v -0.384615 0.791260 -0.384615
v -0.384615 0.337719 -1.153846
v -0.384615 -0.076852 -1.923077
v -0.384615 0.025980 -2.692308
v -0.384615 0.414630 -3.461539
v -0.384615 0.232040 -4.230769
v -0.384615 0.000000 -5.000000
v 0.384615 0.000000 5.000000
v 0.384615 0.003917 4.230769
v 0.384615 0.207134 3.461539
v 0.384615 0.772345 2.692308
v 0.384615 0.964587 1.923077
v 0.384615 0.653191 1.153846
v 0.384615 0.856721 0.384615
v 0.384615 0.236434 -0.384615
v 0.384615 -0.276914 -1.153846
v 0.384615 -0.782193 -1.923077
v 0.384615 -0.373850 -2.692308
v 0.384615 0.087773 -3.461539
v 0.384615 0.115680 -4.230769
v 0.384615 0.000000 -5.000000
v 1.153846 0.000000 5.000000
v 1.153846 0.037761 4.230769
v 1.153846 0.259468 3.461539
v 1.153846 0.948483 2.692308
v 1.153846 1.604202 1.923077
v 1.153846 1.112752 1.153846
v 1.153846 0.431926 0.384615
v 1.153846 -0.141068 -0.384615
v 1.153846 -0.986095 -1.153846
v 1.153846 -1.255182 -1.923077
v 1.153846 -0.643446 -2.692308
v 1.153846 -0.243053 -3.461539
v 1.153846 -0.024224 -4.230769
v 1.153846 0.000000 -5.000000
v 1.923077 0.000000 5.000000
v 1.923077 0.027879 4.230769
v 1.923077 0.271076 3.461539
v 1.923077 0.748110 2.692308
v 1.923077 1.220174 1.923077
v 1.923077 0.756015 1.153846
v 1.923077 0.016266 0.384615
v 1.923077 -0.788726 -0.384615
v 1.923077 -1.247937 -1.153846
v 1.923077 -1.586622 -1.923077
v 1.923077 -1.495764 -2.692308
v 1.923077 -0.941682 -3.461539
v 1.923077 -0.305560 -4.230769
v 1.923077 0.000000 -5.000000
v 2.692308 0.000000 5.000000
v 2.692308 0.156698 4.230769
v 2.692308 0.354414 3.461539
v 2.692308 0.619574 2.692308
v 2.692308 0.890551 1.923077
v 2.692308 0.797418 1.153846
v 2.692308 -0.044828 0.384615
v 2.692308 -0.666937 -0.384615
v 2.692308 -1.359711 -1.153846
v 2.692308 -1.604331 -1.923077
v 2.692308 -1.564960 -2.692308
v 2.692308 -1.277200 -3.461539
v 2.692308 -0.355238 -4.230769
v 2.692308 0.000000 -5.000000
v 3.461539 0.000000 5.000000
v 3.461539 0.114788 4.230769
v 3.461539 0.513141 3.461539
v 3.461539 0.575469 2.692308
v 3.461539 0.275111 1.923077
v 3.461539 0.291445 1.153846
v 3.461539 -0.063600 0.384615
v 3.461539 -0.655664 -0.384615
v 3.461539 -1.201609 -1.153846
v 3.461539 -1.195149 -1.923077
v 3.461539 -1.223715 -2.692308
v 3.461539 -0.885979 -3.461539
v 3.461539 -0.183509 -4.230769
v 3.461539 0.000000 -5.000000
v 4.230769 0.000000 5.000000
v 4.230769 0.000000 4.230769
v 4.230769 0.140329 3.461539
v 4.230769 0.203643 2.692308
v 4.230769 0.183842 1.923077
v 4.230769 0.113033 1.153846
v 4.230769 -0.044024 0.384615
v 4.230769 -0.208190 -0.384615
v 4.230769 -0.455972 -1.153846
v 4.230769 -0.440875 -1.923077
v 4.230769 -0.430097 -2.692308
v 4.230769 -0.201137 -3.461539
v 4.230769 0.000000 -4.230769
v 4.230769 0.000000 -5.000000
v 5.000000 0.000000 5.000000
v 5.000000 0.000000 4.230769
v 5.000000 0.000000 3.461539
v 5.000000 0.000000 2.692308
v 5.000000 0.000000 1.923077
v 5.000000 0.000000 1.153846
v 5.000000 0.000000 0.384615
v 5.000000 0.000000 -0.384615
v 5.000000 0.000000 -1.153846
v 5.000000 0.000000 -1.923077
v 5.000000 0.000000 -2.692308
v 5.000000 0.000000 -3.461539
v 5.000000 0.000000 -4.230769
v 5.000000 0.000000 -5.000000
s 1
f 2 1 15 16
f 3 2 16 17
f 4 3 17 18
f 5 4 18 19
f 6 5 19 20
f 7 6 20 21
f 8 7 21 22
f 9 8 22 23
f 10 9 23 24
f 11 10 24 25
f 12 11 25 26
f 13 12 26 27
f 14 13 27 28
f 16 15 29 30
f 17 16 30 31
f 18 17 31 32
f 19 18 32 33
f 20 19 33 34
f 21 20 34 35
f 22 21 35 36
f 23 22 36 37
f 24 23 37 38
f 25 24 38 39
f 26 25 39 40
f 27 26 40 41
f 28 27 41 42
f 30 29 43 44
f 31 30 44 45
f 32 31 45 46
f 33 32 46 47
f 34 33 47 48
f 35 34 48 49
f 36 35 49 50
f 37 36 50 51
f 38 37 51 52
f 39 38 52 53
f 40 39 53 54
f 41 40 54 55
f 42 41 55 56
f 44 43 57 58
f 45 44 58 59
f 46 45 59 60
f 47 46 60 61
f 48 47 61 62
f 49 48 62 63
f 50 49 63 64
f 51 50 64 65
f 52 51 65 66
f 53 52 66 67
f 54 53 67 68
f 55 54 68 69
f 56 55 69 70
f 58 57 71 72
f 59 58 72 73
f 60 59 73 74
f 61 60 74 75
f 62 61 75 76
f 63 62 76 77
f 64 63 77 78
f 65 64 78 79
f 66 65 79 80
f 67 66 80 81
f 68 67 81 82
f 69 68 82 83
f 70 69 83 84
f 72 71 85 86
f 73 72 86 87
f 74 73 87 88
f 75 74 88 89
f 76 75 89 90
f 77 76 90 91
f 78 77 91 92
f 79 78 92 93
f 80 79 93 94
f 81 80 94 95
f 82 81 95 96
f 83 82 96 97
f 84 83 97 98
f 86 85 99 100
f 87 86 100 101
f 88 87 101 102
f 89 88 102 103
f 90 89 103 104
f 91 90 104 105
f 92 91 105 106
f 93 92 106 107
f 94 93 107 108
f 95 94 108 109
f 96 95 109 110
f 97 96 110 111
f 98 97 111 112
f 100 99 113 114
f 101 100 114 115
f 102 101 115 116
f 103 102 116 117
f 104 103 117 118
f 105 104 118 119
f 106 105 119 120
f 107 106 120 121
f 108 107 121 122
f 109 108 122 123
f 110 109 123 124
f 111 110 124 125
f 112 111 125 126
f 114 113 127 128
f 115 114 128 129
f 116 115 129 130
f 117 116 130 131
f 118 117 131 132
f 119 118 132 133
f 120 119 133 134
f 121 120 134 135
f 122 121 135 136
f 123 122 136 137
f 124 123 137 138
f 125 124 138 139
f 126 125 139 140
f 128 127 141 142
f 129 128 142 143
f 130 129 143 144
f 131 130 144 145
f 132 131 145 146
f 133 132 146 147
f 134 133 147 148
f 135 134 148 149
f 136 135 149 150
f 137 136 150 151
f 138 137 151 152
f 139 138 152 153
f 140 139 153 154
f 142 141 155 156
f 143 142 156 157
f 144 143 157 158
f 145 144 158 159
f 146 145 159 160
f 147 146 160 161
f 148 147 161 162
f 149 148 162 163
f 150 149 163 164
f 151 150 164 165
f 152 151 165 166
f 153 152 166 167
f 154 153 167 168
f 156 155 169 170
f 157 156 170 171
f 158 157 171 172
f 159 158 172 173
f 160 159 173 174
f 161 160 174 175
f 162 161 175 176
f 163 162 176 177
f 164 163 177 178
f 165 164 178 179
f 166 165 179 180
f 167 166 180 181
f 168 167 181 182
f 170 169 183 184
f 171 170 184 185
f 172 171 185 186
f 173 172 186 187
f 174 173 187 188
f 175 174 188 189
f 176 175 189 190
f 177 176 190 191
f 178 177 191 192
f 179 178 192 193
f 180 179 193 194
f 181 180 194 195
f 182 181 195 196
