mountain 324 612 20 15 3 2 0 0.5 0.7 9 12 71 321 595 23.05 54.8
mountain 324 612 20 15 3 2 0 0.5 0.7 12 17 81 320 592 27.38 35.29
mountain 324 612 20 15 3 2 0 0.5 0.7 12 19 59 321 594 31.91 86.38
mountain 324 612 20 15 3 2 0 0.5 0.7 11 17 83 321 591 27.8 58.82
mountain 324 612 20 15 3 2 0 0.5 0.7 11 22 59 321 597 35.85 52.94
mountain 324 612 20 15 3 2 0 0.5 0.7 12 22 66 321 597 30.55 89.16
mountain 324 612 20 15 3 2 0 0.5 0.7 11 17 71 321 597 26.45 86.69
mountain 324 612 20 15 3 2 0 0.5 0.7 14 22 87 320 603 33.86 60.06
mountain 324 612 20 15 3 2 0 0.5 0.7 12 22 61 321 602 36.79 53.87
mountain 324 612 20 15 3 2 0 0.5 0.7 10 16 66 320 584 24.07 84.83
mountain 324 612 20 15 3 2 0 0.5 0.7 14 24 100 321 593 36.89 64.4
mountain 324 612 20 15 3 2 0 0.5 0.7 9 10 59 321 579 26.49 76.47
mountain 324 612 20 15 3 2 0 0.5 0.7 9 13 59 320 590 26.84 50.46
mountain 324 612 20 15 3 2 0 0.5 0.7 13 29 79 320 597 50.56 68.73
mountain 324 612 20 15 3 2 0 0.5 0.7 15 23 98 321 602 34.09 76.47
mountain 324 612 20 15 3 2 0 0.5 0.7 9 13 50 317 565 21.52 91.02
mountain 324 612 20 15 3 2 0 0.5 0.7 9 15 64 321 600 26.41 38.39
mountain 324 612 20 15 3 2 0 0.5 0.7 8 13 47 321 599 26.03 68.73
mountain 324 612 20 15 3 2 0 0.5 0.7 10 13 66 314 581 29.8 76.16
mountain 324 612 20 15 3 2 0 0.5 0.7 11 16 71 321 603 26.72 41.49
mountain 324 612 20 15 3 2 0 0.5 0.7 13 23 56 321 592 28.49 33.44
mountain 324 612 20 15 3 2 0 0.5 0.7 11 16 79 321 607 28.33 70.9
mountain 324 612 20 15 3 2 0 0.5 0.7 12 18 86 321 604 35 51.08
mountain 324 612 20 15 3 2 0 0.5 0.7 11 15 90 321 595 31 82.04
mountain 324 612 20 15 3 2 0 0.5 0.7 10 18 64 321 603 25.17 99.69
mountain 324 612 20 15 3 2 0 0.5 0.7 8 12 56 321 578 27.22 76.47
mountain 324 612 20 15 3 2 0 0.5 0.7 8 13 53 321 595 25.58 39.63
mountain 324 612 20 15 3 2 0 0.5 0.7 12 18 64 320 593 27.74 79.57
mountain 324 612 20 15 3 2 0 0.5 0.7 10 19 76 320 597 26.94 65.94
mountain 324 612 20 15 3 2 0 0.5 0.7 13 22 84 321 602 33.23 56.35
