mountain 144 264 20 15 3 2 0 0.5 0.7 6 6 19 140 255 22.11 94.41
mountain 144 264 20 15 3 2 0 0.5 0.7 7 7 29 141 257 23.12 70.63
mountain 144 264 20 15 3 2 0 0.5 0.7 7 4 24 141 256 24.46 99.3
mountain 144 264 20 15 3 2 0 0.5 0.7 8 5 22 139 250 27.33 76.22
mountain 144 264 20 15 3 2 0 0.5 0.7 7 4 21 141 257 20.4 100
mountain 144 264 20 15 3 2 0 0.5 0.7 6 3 21 141 251 22.01 100
mountain 144 264 20 15 3 2 0 0.5 0.7 7 5 21 141 256 27.6 67.13
mountain 144 264 20 15 3 2 0 0.5 0.7 8 6 27 141 256 26.67 75.52
mountain 144 264 20 15 3 2 0 0.5 0.7 6 7 14 141 256 22.65 98.6
mountain 144 264 20 15 3 2 0 0.5 0.7 6 7 21 141 260 24.45 100
mountain 144 264 20 15 3 2 0 0.5 0.7 7 7 27 141 255 21.24 81.12
mountain 144 264 20 15 3 2 0 0.5 0.7 7 8 16 141 258 26.34 66.43
mountain 144 264 20 15 3 2 0 0.5 0.7 6 4 19 141 255 20.14 94.41
mountain 144 264 20 15 3 2 0 0.5 0.7 7 5 18 141 256 25.24 94.41
mountain 144 264 20 15 3 2 0 0.5 0.7 7 6 20 141 255 25.44 84.62
mountain 144 264 20 15 3 2 0 0.5 0.7 6 6 22 141 254 24.36 67.13
mountain 144 264 20 15 3 2 0 0.5 0.7 6 7 18 140 256 24.36 90.91
mountain 144 264 20 15 3 2 0 0.5 0.7 6 6 20 140 253 21.1 93.71
mountain 144 264 20 15 3 2 0 0.5 0.7 6 4 13 141 252 24.1 60.14
mountain 144 264 20 15 3 2 0 0.5 0.7 7 6 26 141 257 22.87 87.41
mountain 144 264 20 15 3 2 0 0.5 0.7 8 5 27 140 257 22.5 91.61
mountain 144 264 20 15 3 2 0 0.5 0.7 5 3 15 140 254 20.89 83.22
mountain 144 264 20 15 3 2 0 0.5 0.7 8 12 25 141 255 45.15 94.41
mountain 144 264 20 15 3 2 0 0.5 0.7 11 11 38 141 259 30.93 76.92
mountain 144 264 20 15 3 2 0 0.5 0.7 6 5 25 141 258 20.45 96.5
mountain 144 264 20 15 3 2 0 0.5 0.7 8 11 25 140 259 27.51 86.71
mountain 144 264 20 15 3 2 0 0.5 0.7 7 7 18 141 256 32.9 98.6
mountain 144 264 20 15 3 2 0 0.5 0.7 7 8 27 141 258 22.77 93.71
mountain 144 264 20 15 3 2 0 0.5 0.7 7 7 23 141 259 22.55 60.14
mountain 144 264 20 15 3 2 0 0.5 0.7 7 9 13 140 251 29.07 51.75
mountain 144 264 20 15 3 2 0 0.5 0.7 7 9 24 140 254 22.8 82.52
mountain 144 264 20 15 3 2 0 0.5 0.7 5 4 16 140 250 24.68 67.13
mountain 144 264 20 15 3 2 0 0.5 0.7 9 10 20 141 256 24.43 100
mountain 144 264 20 15 3 2 0 0.5 0.7 6 6 19 141 251 23.71 69.23
mountain 144 264 20 15 3 2 0 0.5 0.7 7 8 24 141 256 26.7 68.53
mountain 144 264 20 15 3 2 0 0.5 0.7 8 8 18 141 259 24.81 57.34
mountain 144 264 20 15 3 2 0 0.5 0.7 5 4 17 139 253 24.82 68.53
mountain 144 264 20 15 3 2 0 0.5 0.7 8 7 33 141 259 26.36 81.82
mountain 144 264 20 15 3 2 0 0.5 0.7 8 9 26 141 257 25.13 83.92
mountain 144 264 20 15 3 2 0 0.5 0.7 7 5 20 140 251 22.9 53.15
mountain 144 264 20 15 3 2 0 0.5 0.7 7 6 29 140 246 22.3 83.22
mountain 144 264 20 15 3 2 0 0.5 0.7 6 6 24 141 253 22.99 77.62
mountain 144 264 20 15 3 2 0 0.5 0.7 6 5 22 141 257 22.77 95.8
mountain 144 264 20 15 3 2 0 0.5 0.7 7 5 23 141 257 21.08 99.3
mountain 144 264 20 15 3 2 0 0.5 0.7 8 8 21 141 256 24.87 100
mountain 144 264 20 15 3 2 0 0.5 0.7 9 9 33 141 253 30.48 83.92
mountain 144 264 20 15 3 2 0 0.5 0.7 7 5 15 140 258 23.07 93.71
mountain 144 264 20 15 3 2 0 0.5 0.7 7 7 20 141 259 30.57 78.32
mountain 144 264 20 15 3 2 0 0.5 0.7 8 7 21 141 253 23.8 82.52
mountain 144 264 20 15 3 2 0 0.5 0.7 7 7 13 141 252 22.87 58.04
mountain 144 264 20 15 3 2 0 0.5 0.7 9 6 31 141 255 28.42 69.23
mountain 144 264 20 15 3 2 0 0.5 0.7 7 7 22 140 259 24.02 75.52
mountain 144 264 20 15 3 2 0 0.5 0.7 7 8 23 141 258 26.39 64.34
mountain 144 264 20 15 3 2 0 0.5 0.7 9 10 26 140 253 36.17 70.63
mountain 144 264 20 15 3 2 0 0.5 0.7 7 7 16 141 250 22.55 90.91
mountain 144 264 20 15 3 2 0 0.5 0.7 7 6 21 140 250 29.34 69.23
mountain 144 264 20 15 3 2 0 0.5 0.7 8 8 22 141 257 28.11 69.93
mountain 144 264 20 15 3 2 0 0.5 0.7 7 6 18 140 255 27.91 62.24
mountain 144 264 20 15 3 2 0 0.5 0.7 7 6 15 141 257 33.05 92.31
mountain 144 264 20 15 3 2 0 0.5 0.7 8 8 21 140 252 22.65 99.3
mountain 144 264 20 15 3 2 0 0.5 0.7 7 7 22 141 259 23.8 99.3
mountain 144 264 20 15 3 2 0 0.5 0.7 7 9 31 141 258 21.69 88.81
mountain 144 264 20 15 3 2 0 0.5 0.7 10 6 43 141 256 22.04 67.13
mountain 144 264 20 15 3 2 0 0.5 0.7 7 9 23 141 260 24.06 67.13
mountain 144 264 20 15 3 2 0 0.5 0.7 6 5 19 141 258 20.99 95.8
mountain 144 264 20 15 3 2 0 0.5 0.7 7 7 19 141 255 29 45.45
mountain 144 264 20 15 3 2 0 0.5 0.7 8 10 35 141 256 30.96 85.31
mountain 144 264 20 15 3 2 0 0.5 0.7 7 6 20 141 250 24.7 89.51
mountain 144 264 20 15 3 2 0 0.5 0.7 7 7 31 141 256 25.32 81.12
mountain 144 264 20 15 3 2 0 0.5 0.7 9 11 42 141 260 46.81 60.84
mountain 144 264 20 15 3 2 0 0.5 0.7 10 8 26 141 254 26.18 96.5
mountain 144 264 20 15 3 2 0 0.5 0.7 6 8 14 141 260 22.64 45.45
mountain 144 264 20 15 3 2 0 0.5 0.7 7 8 19 140 254 24.71 90.91
mountain 144 264 20 15 3 2 0 0.5 0.7 7 7 17 141 257 25.54 94.41
mountain 144 264 20 15 3 2 0 0.5 0.7 6 4 23 141 261 23.04 85.31
mountain 144 264 20 15 3 2 0 0.5 0.7 7 5 21 141 256 24.83 81.12
mountain 144 264 20 15 3 2 0 0.5 0.7 8 5 19 141 257 25.39 87.41
mountain 144 264 20 15 3 2 0 0.5 0.7 8 9 25 141 254 24.7 79.02
mountain 144 264 20 15 3 2 0 0.5 0.7 6 5 21 141 258 24.22 90.91
mountain 144 264 20 15 3 2 0 0.5 0.7 6 4 22 141 254 22.31 93.71
mountain 144 264 20 15 3 2 0 0.5 0.7 6 9 17 140 254 22.07 94.41
mountain 144 264 20 15 3 2 0 0.5 0.7 7 6 28 141 261 29.06 81.12
mountain 144 264 20 15 3 2 0 0.5 0.7 11 23 34 141 261 42.13 52.45
mountain 144 264 20 15 3 2 0 0.5 0.7 6 7 18 140 249 27.24 71.33
mountain 144 264 20 15 3 2 0 0.5 0.7 6 6 12 141 256 28.3 65.73
mountain 144 264 20 15 3 2 0 0.5 0.7 8 7 24 140 253 23.2 93.71
mountain 144 264 20 15 3 2 0 0.5 0.7 8 8 24 141 257 25.13 98.6
mountain 144 264 20 15 3 2 0 0.5 0.7 14 14 31 141 259 26.35 38.46
mountain 144 264 20 15 3 2 0 0.5 0.7 7 5 26 141 257 23.57 100
mountain 144 264 20 15 3 2 0 0.5 0.7 6 4 27 141 259 27.79 63.64
