mountain 100 180 20 15 3 2 0 0.5 0.7 8 16 19 97 175 24.83 87.88
mountain 100 180 20 15 3 2 0 0.5 0.7 6 3 14 96 173 22.41 88.89
mountain 100 180 20 15 3 2 0 0.5 0.7 5 2 9 97 174 23.18 95.96
mountain 100 180 20 15 3 2 0 0.5 0.7 8 5 17 97 177 23.08 79.8
mountain 100 180 20 15 3 2 0 0.5 0.7 6 3 9 97 174 23.63 92.93
mountain 100 180 20 15 3 2 0 0.5 0.7 7 4 16 97 177 23.64 94.95
mountain 100 180 20 15 3 2 0 0.5 0.7 7 5 15 97 172 31.71 84.85
mountain 100 180 20 15 3 2 0 0.5 0.7 6 4 8 97 176 22.33 90.91
mountain 100 180 20 15 3 2 0 0.5 0.7 8 6 16 97 175 28 100
mountain 100 180 20 15 3 2 0 0.5 0.7 4 2 5 95 168 20 31.31
mountain 100 180 20 15 3 2 0 0.5 0.7 7 4 9 96 173 25.84 98.99
mountain 100 180 20 15 3 2 0 0.5 0.7 7 4 9 96 173 34.7 82.83
mountain 100 180 20 15 3 2 0 0.5 0.7 7 2 19 96 172 24.56 92.93
mountain 100 180 20 15 3 2 0 0.5 0.7 7 3 8 96 172 25.1 96.97
mountain 100 180 20 15 3 2 0 0.5 0.7 7 3 17 97 177 21.72 95.96
mountain 100 180 20 15 3 2 0 0.5 0.7 6 3 9 97 174 21.82 82.83
mountain 100 180 20 15 3 2 0 0.5 0.7 5 3 13 97 174 21.35 97.98
mountain 100 180 20 15 3 2 0 0.5 0.7 7 5 10 97 173 28.17 74.75
mountain 100 180 20 15 3 2 0 0.5 0.7 6 3 12 97 176 25.07 72.73
mountain 100 180 20 15 3 2 0 0.5 0.7 8 3 23 97 175 27.09 89.9
mountain 100 180 20 15 3 2 0 0.5 0.7 6 4 11 97 172 22.55 100
mountain 100 180 20 15 3 2 0 0.5 0.7 5 3 10 97 174 21.24 100
mountain 100 180 20 15 3 2 0 0.5 0.7 6 3 10 97 176 23.81 97.98
mountain 100 180 20 15 3 2 0 0.5 0.7 6 3 8 97 174 23 97.98
mountain 100 180 20 15 3 2 0 0.5 0.7 6 4 16 95 169 28.03 92.93
mountain 100 180 20 15 3 2 0 0.5 0.7 6 4 16 97 172 21.45 100
mountain 100 180 20 15 3 2 0 0.5 0.7 6 2 9 97 172 25 79.8
mountain 100 180 20 15 3 2 0 0.5 0.7 8 3 20 97 171 26.1 100
mountain 100 180 20 15 3 2 0 0.5 0.7 6 2 9 97 170 26.25 71.72
mountain 100 180 20 15 3 2 0 0.5 0.7 8 7 18 96 171 39.11 58.59
mountain 100 180 20 15 3 2 0 0.5 0.7 6 56 16 97 177 22.81 76.77
mountain 100 180 20 15 3 2 0 0.5 0.7 7 5 7 96 169 25.15 55.56
mountain 100 180 20 15 3 2 0 0.5 0.7 6 5 14 96 169 23.93 65.66
mountain 100 180 20 15 3 2 0 0.5 0.7 6 5 20 97 176 26 85.86
mountain 100 180 20 15 3 2 0 0.5 0.7 5 5 13 97 171 21.09 65.66
mountain 100 180 20 15 3 2 0 0.5 0.7 6 4 10 97 176 22.3 80.81
mountain 100 180 20 15 3 2 0 0.5 0.7 5 5 10 97 174 26.46 68.69
mountain 100 180 20 15 3 2 0 0.5 0.7 7 6 11 97 173 23.87 84.85
mountain 100 180 20 15 3 2 0 0.5 0.7 6 5 10 97 175 22.61 94.95
mountain 100 180 20 15 3 2 0 0.5 0.7 5 4 4 97 176 22.69 58.59
mountain 100 180 20 15 3 2 0 0.5 0.7 8 4 20 97 177 28.65 100
mountain 100 180 20 15 3 2 0 0.5 0.7 6 4 10 96 168 23.39 83.84
mountain 100 180 20 15 3 2 0 0.5 0.7 5 4 11 97 174 22.38 100
mountain 100 180 20 15 3 2 0 0.5 0.7 6 5 16 97 172 22.33 67.68
mountain 100 180 20 15 3 2 0 0.5 0.7 5 4 11 97 175 22.06 84.85
mountain 100 180 20 15 3 2 0 0.5 0.7 7 4 16 97 175 22.89 97.98
mountain 100 180 20 15 3 2 0 0.5 0.7 8 8 12 97 174 28.42 77.78
mountain 100 180 20 15 3 2 0 0.5 0.7 5 4 8 97 177 20.54 100
mountain 100 180 20 15 3 2 0 0.5 0.7 6 5 10 97 176 23.59 76.77
mountain 100 180 20 15 3 2 0 0.5 0.7 6 5 9 97 174 26.23 92.93
mountain 100 180 20 15 3 2 0 0.5 0.7 6 4 10 96 171 25.4 54.55
mountain 100 180 20 15 3 2 0 0.5 0.7 7 7 12 96 172 27.33 89.9
mountain 100 180 20 15 3 2 0 0.5 0.7 7 5 21 97 172 20.54 98.99
mountain 100 180 20 15 3 2 0 0.5 0.7 6 10 8 96 175 23.58 90.91
mountain 100 180 20 15 3 2 0 0.5 0.7 5 5 14 97 174 21.45 92.93
mountain 100 180 20 15 3 2 0 0.5 0.7 7 5 14 97 175 24.42 78.79
mountain 100 180 20 15 3 2 0 0.5 0.7 7 7 10 97 175 23.12 76.77
mountain 100 180 20 15 3 2 0 0.5 0.7 8 7 20 97 174 28.05 86.87
mountain 100 180 20 15 3 2 0 0.5 0.7 7 8 16 97 174 26.09 82.83
mountain 100 180 20 15 3 2 0 0.5 0.7 6 6 10 95 172 25.17 58.59
mountain 100 180 20 15 3 2 0 0.5 0.7 6 56 17 97 175 24.97 79.8
mountain 100 180 20 15 3 2 0 0.5 0.7 5 3 9 97 175 21.77 100
mountain 100 180 20 15 3 2 0 0.5 0.7 6 5 12 96 177 22.51 80.81
mountain 100 180 20 15 3 2 0 0.5 0.7 11 9 21 97 174 28.34 98.99
mountain 100 180 20 15 3 2 0 0.5 0.7 6 5 13 97 174 25.37 53.54
mountain 100 180 20 15 3 2 0 0.5 0.7 5 6 10 97 173 23.04 49.49
mountain 100 180 20 15 3 2 0 0.5 0.7 5 3 12 97 171 22.01 100
mountain 100 180 20 15 3 2 0 0.5 0.7 6 5 13 97 177 23.18 59.6
mountain 100 180 20 15 3 2 0 0.5 0.7 6 6 3 97 175 27.44 100
mountain 100 180 20 15 3 2 0 0.5 0.7 6 4 11 97 173 24.85 84.85
mountain 100 180 20 15 3 2 0 0.5 0.7 6 5 15 97 178 21.35 73.74
mountain 100 180 20 15 3 2 0 0.5 0.7 7 5 11 97 172 24.19 100
mountain 100 180 20 15 3 2 0 0.5 0.7 6 5 6 97 174 22.17 88.89
mountain 100 180 20 15 3 2 0 0.5 0.7 6 3 14 97 173 20.44 65.66
mountain 100 180 20 15 3 2 0 0.5 0.7 5 4 11 97 176 22.02 100
mountain 100 180 20 15 3 2 0 0.5 0.7 5 4 10 97 174 21.24 63.64
mountain 100 180 20 15 3 2 0 0.5 0.7 6 5 15 97 174 22.24 78.79
mountain 100 180 20 15 3 2 0 0.5 0.7 7 6 13 97 173 22.16 91.92
mountain 100 180 20 15 3 2 0 0.5 0.7 5 3 7 97 173 20.04 71.72
mountain 100 180 20 15 3 2 0 0.5 0.7 7 5 13 93 167 24.96 63.64
mountain 100 180 20 15 3 2 0 0.5 0.7 8 4 5 97 174 25.52 85.86
mountain 100 180 20 15 3 2 0 0.5 0.7 6 3 9 96 173 20.37 96.97
mountain 100 180 20 15 3 2 0 0.5 0.7 7 6 10 97 176 22.19 79.8
mountain 100 180 20 15 3 2 0 0.5 0.7 7 3 8 97 175 22.55 100
mountain 100 180 20 15 3 2 0 0.5 0.7 7 3 16 96 173 22.11 91.92
mountain 100 180 20 15 3 2 0 0.5 0.7 7 5 7 97 174 30.49 57.58
mountain 100 180 20 15 3 2 0 0.5 0.7 7 7 13 97 175 22.62 87.88
mountain 100 180 20 15 3 2 0 0.5 0.7 9 10 11 97 174 34.94 100
mountain 100 180 20 15 3 2 0 0.5 0.7 7 7 20 97 173 20.58 66.67
mountain 100 180 20 15 3 2 0 0.5 0.7 6 8 17 97 172 22.99 97.98
