mountain 196 364 20 15 3 2 0 0.5 0.7 7 11 30 193 354 22.75 67.18
mountain 196 364 20 15 3 2 0 0.5 0.7 9 10 40 193 351 28.98 87.18
mountain 196 364 20 15 3 2 0 0.5 0.7 7 10 30 192 346 22.24 84.1
mountain 196 364 20 15 3 2 0 0.5 0.7 8 11 35 193 355 27.69 82.05
mountain 196 364 20 15 3 2 0 0.5 0.7 11 15 29 193 355 25.31 99.49
mountain 196 364 20 15 3 2 0 0.5 0.7 7 10 29 193 355 24.56 49.23
mountain 196 364 20 15 3 2 0 0.5 0.7 7 9 33 193 346 23.41 73.85
mountain 196 364 20 15 3 2 0 0.5 0.7 8 12 30 193 350 24.89 97.95
mountain 196 364 20 15 3 2 0 0.5 0.7 7 9 32 191 344 23.26 79.49
mountain 196 364 20 15 3 2 0 0.5 0.7 7 7 33 193 348 27.79 97.44
mountain 196 364 20 15 3 2 0 0.5 0.7 8 7 44 192 349 23.8 98.46
mountain 196 364 20 15 3 2 0 0.5 0.7 8 7 45 193 356 22.37 93.33
mountain 196 364 20 15 3 2 0 0.5 0.7 7 6 39 193 355 22.44 81.03
mountain 196 364 20 15 3 2 0 0.5 0.7 6 6 20 193 348 23.44 73.85
mountain 196 364 20 15 3 2 0 0.5 0.7 7 6 34 193 350 22.33 100
mountain 196 364 20 15 3 2 0 0.5 0.7 8 8 47 193 353 25.88 48.72
mountain 196 364 20 15 3 2 0 0.5 0.7 7 8 26 192 347 23 91.28
mountain 196 364 20 15 3 2 0 0.5 0.7 7 11 33 193 351 24.91 81.03
mountain 196 364 20 15 3 2 0 0.5 0.7 7 8 36 193 354 25.75 61.03
mountain 196 364 20 15 3 2 0 0.5 0.7 8 11 35 193 351 22.69 69.74
mountain 196 364 20 15 3 2 0 0.5 0.7 10 18 51 192 349 42.82 60
mountain 196 364 20 15 3 2 0 0.5 0.7 7 12 27 193 350 31.32 37.44
mountain 196 364 20 15 3 2 0 0.5 0.7 8 11 38 193 357 24.27 97.95
mountain 196 364 20 15 3 2 0 0.5 0.7 9 11 41 193 359 34.28 94.36
mountain 196 364 20 15 3 2 0 0.5 0.7 10 14 50 193 353 31.93 74.36
mountain 196 364 20 15 3 2 0 0.5 0.7 8 13 29 192 345 26.36 93.33
mountain 196 364 20 15 3 2 0 0.5 0.7 6 5 28 193 353 26.85 77.44
mountain 196 364 20 15 3 2 0 0.5 0.7 8 11 38 193 348 22.88 100
mountain 196 364 20 15 3 2 0 0.5 0.7 9 9 29 193 353 26.4 36.92
mountain 196 364 20 15 3 2 0 0.5 0.7 9 8 49 193 356 28.28 91.28
mountain 196 364 20 15 3 2 0 0.5 0.7 8 6 57 193 358 22.52 83.59
mountain 196 364 20 15 3 2 0 0.5 0.7 6 5 26 193 351 25.69 100
mountain 196 364 20 15 3 2 0 0.5 0.7 9 11 41 192 355 26.76 62.56
mountain 196 364 20 15 3 2 0 0.5 0.7 9 8 55 193 360 25.21 75.38
mountain 196 364 20 15 3 2 0 0.5 0.7 9 11 39 193 355 22.85 58.97
mountain 196 364 20 15 3 2 0 0.5 0.7 8 10 30 193 353 24.14 49.23
mountain 196 364 20 15 3 2 0 0.5 0.7 7 11 24 193 351 22.47 100
mountain 196 364 20 15 3 2 0 0.5 0.7 7 8 43 193 352 25.27 86.15
mountain 196 364 20 15 3 2 0 0.5 0.7 7 8 29 190 342 24.23 72.82
mountain 196 364 20 15 3 2 0 0.5 0.7 8 8 36 193 356 24.2 80.51
mountain 196 364 20 15 3 2 0 0.5 0.7 10 10 40 193 357 28.01 57.44
mountain 196 364 20 15 3 2 0 0.5 0.7 7 7 28 193 352 25.99 91.79
mountain 196 364 20 15 3 2 0 0.5 0.7 10 11 46 193 354 29.81 42.05
mountain 196 364 20 15 3 2 0 0.5 0.7 9 8 49 191 347 27.71 77.44
mountain 196 364 20 15 3 2 0 0.5 0.7 7 11 31 193 356 23.81 71.79
mountain 196 364 20 15 3 2 0 0.5 0.7 7 11 26 193 352 29.27 55.38
mountain 196 364 20 15 3 2 0 0.5 0.7 9 9 46 190 349 34.35 73.33
mountain 196 364 20 15 3 2 0 0.5 0.7 14 14 39 190 348 25.43 79.49
mountain 196 364 20 15 3 2 0 0.5 0.7 7 8 25 193 352 36.68 75.38
mountain 196 364 20 15 3 2 0 0.5 0.7 8 10 39 192 352 24.14 97.95
mountain 196 364 20 15 3 2 0 0.5 0.7 8 9 30 193 354 22.57 82.56
mountain 196 364 20 15 3 2 0 0.5 0.7 9 17 27 193 350 34.49 59.49
mountain 196 364 20 15 3 2 0 0.5 0.7 7 9 36 193 353 26.25 55.38
mountain 196 364 20 15 3 2 0 0.5 0.7 10 13 52 192 359 25.48 71.28
mountain 196 364 20 15 3 2 0 0.5 0.7 7 7 43 193 352 21.87 94.87
mountain 196 364 20 15 3 2 0 0.5 0.7 8 8 37 192 347 22.3 69.74
mountain 196 364 20 15 3 2 0 0.5 0.7 10 14 47 193 360 41.89 69.74
mountain 196 364 20 15 3 2 0 0.5 0.7 8 8 29 189 340 22.96 97.95
mountain 196 364 20 15 3 2 0 0.5 0.7 8 8 35 193 353 22.32 91.79
mountain 196 364 20 15 3 2 0 0.5 0.7 8 7 43 193 359 24.11 65.13
mountain 196 364 20 15 3 2 0 0.5 0.7 10 24 35 193 357 44.31 77.95
mountain 196 364 20 15 3 2 0 0.5 0.7 7 6 28 193 348 25.35 68.72
mountain 196 364 20 15 3 2 0 0.5 0.7 6 6 24 192 351 21.35 74.36
mountain 196 364 20 15 3 2 0 0.5 0.7 9 10 37 193 351 29.88 77.44
mountain 196 364 20 15 3 2 0 0.5 0.7 7 7 39 193 350 26.06 73.85
mountain 196 364 20 15 3 2 0 0.5 0.7 7 12 31 193 355 26.06 62.05
mountain 196 364 20 15 3 2 0 0.5 0.7 7 10 27 193 352 22.92 77.44
mountain 196 364 20 15 3 2 0 0.5 0.7 8 9 38 193 355 27.23 42.05
mountain 196 364 20 15 3 2 0 0.5 0.7 7 8 27 189 344 23.55 78.46
mountain 196 364 20 15 3 2 0 0.5 0.7 8 13 32 192 350 23.99 98.46
mountain 196 364 20 15 3 2 0 0.5 0.7 6 10 27 193 349 25.41 73.33
mountain 196 364 20 15 3 2 0 0.5 0.7 8 9 30 193 351 27.38 85.13
mountain 196 364 20 15 3 2 0 0.5 0.7 6 6 31 193 348 20.92 61.03
mountain 196 364 20 15 3 2 0 0.5 0.7 8 8 40 193 357 21.8 89.23
mountain 196 364 20 15 3 2 0 0.5 0.7 9 9 43 193 358 24.24 100
mountain 196 364 20 15 3 2 0 0.5 0.7 6 6 28 192 353 22.61 95.9
mountain 196 364 20 15 3 2 0 0.5 0.7 8 12 28 192 357 27.7 63.08
mountain 196 364 20 15 3 2 0 0.5 0.7 6 8 32 190 342 20.27 83.59
mountain 196 364 20 15 3 2 0 0.5 0.7 7 8 34 193 351 23.52 98.46
mountain 196 364 20 15 3 2 0 0.5 0.7 7 9 29 193 350 24.69 25.13
mountain 196 364 20 15 3 2 0 0.5 0.7 7 7 38 193 349 22.63 93.85
mountain 196 364 20 15 3 2 0 0.5 0.7 7 7 26 192 352 28.69 68.21
mountain 196 364 20 15 3 2 0 0.5 0.7 8 9 40 192 352 28.86 88.72
mountain 196 364 20 15 3 2 0 0.5 0.7 8 9 35 192 356 24.39 44.1
mountain 196 364 20 15 3 2 0 0.5 0.7 7 6 31 193 353 22.15 61.03
mountain 196 364 20 15 3 2 0 0.5 0.7 6 6 24 191 351 21.79 88.72
mountain 196 364 20 15 3 2 0 0.5 0.7 9 14 40 192 350 26.97 68.72
mountain 196 364 20 15 3 2 0 0.5 0.7 7 8 33 192 353 21.86 95.38
