mountain 256 480 20 15 3 2 0 0.5 0.7 9 15 62 253 471 28 67.84
mountain 256 480 20 15 3 2 0 0.5 0.7 10 13 49 253 471 28.17 96.47
mountain 256 480 20 15 3 2 0 0.5 0.7 10 18 57 253 471 28.75 77.25
mountain 256 480 20 15 3 2 0 0.5 0.7 9 15 44 253 467 30.18 63.92
mountain 256 480 20 15 3 2 0 0.5 0.7 9 15 40 253 464 25.87 76.47
mountain 256 480 20 15 3 2 0 0.5 0.7 9 13 42 248 452 30.98 56.08
mountain 256 480 20 15 3 2 0 0.5 0.7 7 12 46 253 463 21.96 40.39
mountain 256 480 20 15 3 2 0 0.5 0.7 12 20 75 253 465 35.48 63.53
mountain 256 480 20 15 3 2 0 0.5 0.7 12 30 62 253 469 41.67 88.24
mountain 256 480 20 15 3 2 0 0.5 0.7 8 12 44 253 463 22.23 100
mountain 256 480 20 15 3 2 0 0.5 0.7 9 16 51 253 468 28.9 89.8
mountain 256 480 20 15 3 2 0 0.5 0.7 11 18 68 253 472 34.35 67.45
mountain 256 480 20 15 3 2 0 0.5 0.7 10 12 48 253 454 28.68 85.1
mountain 256 480 20 15 3 2 0 0.5 0.7 8 9 37 253 465 26.29 84.71
mountain 256 480 20 15 3 2 0 0.5 0.7 8 10 40 253 472 26.86 90.98
mountain 256 480 20 15 3 2 0 0.5 0.7 8 13 46 253 476 22.81 38.82
mountain 256 480 20 15 3 2 0 0.5 0.7 9 12 64 253 471 32.95 85.1
mountain 256 480 20 15 3 2 0 0.5 0.7 8 9 54 252 470 25.46 78.04
mountain 256 480 20 15 3 2 0 0.5 0.7 9 10 55 253 466 26.3 51.76
mountain 256 480 20 15 3 2 0 0.5 0.7 9 13 55 247 457 29.72 78.04
mountain 256 480 20 15 3 2 0 0.5 0.7 10 14 43 253 469 28.5 82.35
mountain 256 480 20 15 3 2 0 0.5 0.7 8 10 40 253 463 21.4 84.31
mountain 256 480 20 15 3 2 0 0.5 0.7 10 12 52 253 471 33.54 100
mountain 256 480 20 15 3 2 0 0.5 0.7 9 14 53 253 472 27.48 74.12
mountain 256 480 20 15 3 2 0 0.5 0.7 8 8 57 253 471 22.96 96.08
mountain 256 480 20 15 3 2 0 0.5 0.7 9 9 57 253 457 22.89 96.08
mountain 256 480 20 15 3 2 0 0.5 0.7 7 8 42 253 468 22.83 71.76
mountain 256 480 20 15 3 2 0 0.5 0.7 8 12 43 253 468 27.59 63.53
mountain 256 480 20 15 3 2 0 0.5 0.7 17 25 87 253 472 30.71 99.61
mountain 256 480 20 15 3 2 0 0.5 0.7 12 13 49 253 470 27.45 96.47
mountain 256 480 20 15 3 2 0 0.5 0.7 8 11 52 253 470 24.41 95.29
mountain 256 480 20 15 3 2 0 0.5 0.7 14 22 58 253 473 36.03 89.41
mountain 256 480 20 15 3 2 0 0.5 0.7 7 8 40 253 462 25.43 72.94
mountain 256 480 20 15 3 2 0 0.5 0.7 10 13 53 251 471 29.1 65.49
mountain 256 480 20 15 3 2 0 0.5 0.7 9 11 56 253 468 24.39 97.65
mountain 256 480 20 15 3 2 0 0.5 0.7 8 9 55 253 470 23.62 95.69
mountain 256 480 20 15 3 2 0 0.5 0.7 9 12 61 253 470 27.6 74.12
mountain 256 480 20 15 3 2 0 0.5 0.7 9 11 43 252 463 27.02 98.04
mountain 256 480 20 15 3 2 0 0.5 0.7 8 8 40 252 461 23.96 99.61
mountain 256 480 20 15 3 2 0 0.5 0.7 10 11 72 253 476 28.46 79.22
mountain 256 480 20 15 3 2 0 0.5 0.7 10 14 56 253 470 28.74 72.16
