mountain 20 2 0.25 23.878464332861 3
mountain 20 2 0.25 24.255297574831 5
mountain 20 2 0.25 24.2476726822516 4
mountain 20 2 0.25 23.9956389144587 3
mountain 20 2 0.25 24.4293700461884 4
mountain 20 2 0.25 24.490521012759 4
mountain 20 2 0.25 24.5229542708332 4
mountain 20 2 0.25 24.1162022715263 5
mountain 20 2 0.25 24.0871205842963 4
mountain 20 2 0.25 23.9828238456985 5
mountain 20 2 0.25 24.6680392957742 3
mountain 20 2 0.25 23.5944263621927 3
mountain 20 2 0.25 24.1769095560971 4
mountain 20 2 0.25 23.8806149252834 3
mountain 20 2 0.25 23.8553740552321 4
mountain 20 2 0.25 23.99133781766 4
mountain 20 2 0.25 23.9212075315128 3
mountain 20 2 0.25 24.1112883245081 4
mountain 20 2 0.25 24.2031218085001 5
mountain 20 2 0.25 23.9358255419152 5
mountain 20 2 0.25 24.10313359408 3
mountain 20 2 0.25 24.0254942368406 3
mountain 20 2 0.25 23.9674807638364 5
mountain 20 2 0.25 24.1800560537113 4
mountain 20 2 0.25 24.281683173741 4
mountain 20 2 0.25 24.2811231085882 4
mountain 20 2 0.25 24.4734652358667 5
mountain 20 2 0.25 23.9543582069976 3
mountain 20 2 0.25 24.0736829698716 3
mountain 20 2 0.25 23.945443453969 4
