mountain 20 2 0.25 24.5033275453546 2
mountain 20 2 0.25 23.9520008191656 3
mountain 20 2 0.25 23.9452581350803 3
mountain 20 2 0.25 23.9388132231252 3
mountain 20 2 0.25 24.1653030992459 4
mountain 20 2 0.25 23.7351679199677 3
mountain 20 2 0.25 23.873307288524 3
mountain 20 2 0.25 24.1987229349791 3
mountain 20 2 0.25 23.8075844624526 3
mountain 20 2 0.25 24.1827935019436 3
mountain 20 2 0.25 22.8864720415325 3
mountain 20 2 0.25 24.1470244633011 3
mountain 20 2 0.25 24.0228495060486 2
mountain 20 2 0.25 24.0618988359429 4
mountain 20 2 0.25 24.1903250080871 2
mountain 20 2 0.25 23.9740977871898 4
mountain 20 2 0.25 24.1265330291956 4
mountain 20 2 0.25 24.0466913138417 2
mountain 20 2 0.25 24.238669737987 4
mountain 20 2 0.25 24.2405856191999 2
mountain 20 2 0.25 24.1129622781606 3
mountain 20 2 0.25 24.2295761052843 3
mountain 20 2 0.25 24.0019518647284 4
mountain 20 2 0.25 23.9541725303897 4
mountain 20 2 0.25 23.9729802289523 3
mountain 20 2 0.25 23.8485866808472 3
mountain 20 2 0.25 23.7171500221239 4
mountain 20 2 0.25 23.7752961261872 3
mountain 20 2 0.25 24.0765813685299 2
mountain 20 2 0.25 23.4319937042589 3
