mountain 20 2 0.25 23.1942321630703 2
mountain 20 2 0.25 23.6064016397818 3
mountain 20 2 0.25 23.9097913861176 3
mountain 20 2 0.25 23.9647625843601 3
mountain 20 2 0.25 23.6214612700191 2
mountain 20 2 0.25 24.0464241126169 2
mountain 20 2 0.25 24.118271493035 2
mountain 20 2 0.25 24.1564946568395 4
mountain 20 2 0.25 24.1896545643574 6
mountain 20 2 0.25 23.1898453389829 3
mountain 20 2 0.25 23.9753325361015 4
mountain 20 2 0.25 23.7838590843195 3
mountain 20 2 0.25 23.9976609435173 2
mountain 20 2 0.25 24.1116041490438 2
mountain 20 2 0.25 23.4968515119702 3
mountain 20 2 0.25 23.9808510161089 4
mountain 20 2 0.25 23.9421984937977 2
mountain 20 2 0.25 24.2052086494005 2
mountain 20 2 0.25 24.288531078457 2
mountain 20 2 0.25 24.0944635655911 2
mountain 20 2 0.25 23.8072537586659 3
mountain 20 2 0.25 23.9100834381546 2
mountain 20 2 0.25 24.038502260303 2
mountain 20 2 0.25 24.0287238748973 2
mountain 20 2 0.25 23.860894568719 2
mountain 20 2 0.25 24.2405936601457 2
mountain 20 2 0.25 23.9545030554646 3
mountain 20 2 0.25 23.8880716218006 2
mountain 20 2 0.25 24.463498511915 2
mountain 20 2 0.25 23.8974139033934 3
