mountain 20 2 0.25 23.2051745271904 8
mountain 20 2 0.25 23.297453754115 0
mountain 20 2 0.25 23.3995522977783 0
mountain 20 2 0.25 23.5686501514961 0
mountain 20 2 0.25 23.5257972979708 0
mountain 20 2 0.25 21.0687604636317 0
mountain 20 2 0.25 23.0229218405691 0
mountain 20 2 0.25 23.6421337588536 0
mountain 20 2 0.25 22.0313644162565 0
mountain 20 2 0.25 23.7099571963753 0
mountain 20 2 0.25 22.2280265043524 0
mountain 20 2 0.25 23.7526275638602 0
mountain 20 2 0.25 22.5069720390568 0
mountain 20 2 0.25 24.0680171945208 0
mountain 20 2 0.25 23.473280786876 0
mountain 20 2 0.25 22.6676274457755 0
mountain 20 2 0.25 22.4155875927082 0
mountain 20 2 0.25 23.1762505039628 0
mountain 20 2 0.25 22.4688228381566 0
mountain 20 2 0.25 23.9072151085631 0
mountain 20 2 0.25 23.210757984411 0
mountain 20 2 0.25 23.7833207611593 0
mountain 20 2 0.25 23.8199267888471 0
mountain 20 2 0.25 23.5769451631834 0
mountain 20 2 0.25 23.6803281319979 0
mountain 20 2 0.25 21.3268816772716 0
mountain 20 2 0.25 22.2783427210115 1
mountain 20 2 0.25 23.9989778013014 0
mountain 20 2 0.25 23.9192443715209 0
mountain 20 2 0.25 23.0671923398547 0
