mountain 20 2 0.25 23.4271981584961 2
mountain 20 2 0.25 23.7581576119889 2
mountain 20 2 0.25 23.8967316104224 2
mountain 20 2 0.25 23.5693203252305 2
mountain 20 2 0.25 23.7659341206549 2
mountain 20 2 0.25 23.8165465602612 2
mountain 20 2 0.25 23.9701268389722 2
mountain 20 2 0.25 23.7320943478326 2
mountain 20 2 0.25 24.1798733484307 2
mountain 20 2 0.25 22.7781627885737 2
mountain 20 2 0.25 23.0792686721599 2
mountain 20 2 0.25 23.9292707813526 2
mountain 20 2 0.25 23.964115260518 2
mountain 20 2 0.25 23.9364445723433 2
mountain 20 2 0.25 23.5731674319217 2
mountain 20 2 0.25 23.5632781103939 3
mountain 20 2 0.25 23.7323159163377 2
mountain 20 2 0.25 24.0469635276732 2
mountain 20 2 0.25 23.6580917171597 2
mountain 20 2 0.25 23.104341262594 3
mountain 20 2 0.25 23.1829692092326 2
mountain 20 2 0.25 24.3272647464957 1
mountain 20 2 0.25 23.8816411622328 2
mountain 20 2 0.25 24.1212865530553 2
mountain 20 2 0.25 24.2281203426554 2
mountain 20 2 0.25 23.9435383212136 2
mountain 20 2 0.25 23.7795438104473 2
mountain 20 2 0.25 23.4358888443301 3
mountain 20 2 0.25 24.0202081254197 2
mountain 20 2 0.25 23.9297585812737 2
