mountain 20 2 0.25 24.1529588151371 1
mountain 20 2 0.25 23.6067418591158 2
mountain 20 2 0.25 23.1152294124264 3
mountain 20 2 0.25 24.2607899071481 3
mountain 20 2 0.25 24.1378878186885 3
mountain 20 2 0.25 23.224225614375 3
mountain 20 2 0.25 23.9952370195991 4
mountain 20 2 0.25 23.8955602840567 2
mountain 20 2 0.25 23.6998109995456 2
mountain 20 2 0.25 23.8388215693624 2
mountain 20 2 0.25 24.273787710144 2
mountain 20 2 0.25 24.1084242268777 3
mountain 20 2 0.25 24.2205676681773 3
mountain 20 2 0.25 24.1157622756508 3
mountain 20 2 0.25 23.6855649664218 3
mountain 20 2 0.25 24.0194961797427 3
mountain 20 2 0.25 23.7963496379496 4
mountain 20 2 0.25 24.1401262441904 3
mountain 20 2 0.25 23.6315944808928 2
mountain 20 2 0.25 23.7750494128347 2
mountain 20 2 0.25 22.4124257406169 3
mountain 20 2 0.25 24.0879210509132 2
mountain 20 2 0.25 23.507875000951 2
mountain 20 2 0.25 22.8719474661613 2
mountain 20 2 0.25 23.9036909006935 2
mountain 20 2 0.25 22.5837879136835 2
mountain 20 2 0.25 24.1145472508252 2
mountain 20 2 0.25 23.9771255581102 2
mountain 20 2 0.25 23.7907178589833 2
mountain 20 2 0.25 23.9888632353172 2
