mountain 20 2 0.25 24.4712122026157 6
mountain 20 2 0.25 24.7942488138485 4
mountain 20 2 0.25 23.9576176309572 4
mountain 20 2 0.25 24.0917631931535 3
mountain 20 2 0.25 24.1410070254485 3
mountain 20 2 0.25 24.0561691042752 2
mountain 20 2 0.25 23.9692801612763 4
mountain 20 2 0.25 23.5172466804742 3
mountain 20 2 0.25 24.2798464897662 5
mountain 20 2 0.25 24.1945381130448 3
mountain 20 2 0.25 23.7732222843629 3
mountain 20 2 0.25 25.0947919884407 3
mountain 20 2 0.25 24.308139546101 2
mountain 20 2 0.25 24.2531832343488 3
mountain 20 2 0.25 24.4931473406528 3
mountain 20 2 0.25 23.5800280531104 3
mountain 20 2 0.25 24.2257094006939 3
mountain 20 2 0.25 24.3052527017913 3
mountain 20 2 0.25 23.4604997669643 3
mountain 20 2 0.25 24.1854316006173 2
mountain 20 2 0.25 24.2450510749109 3
mountain 20 2 0.25 23.1413245033217 3
mountain 20 2 0.25 24.3742138212098 3
mountain 20 2 0.25 24.0159860840871 3
mountain 20 2 0.25 24.0825171854395 4
mountain 20 2 0.25 23.7317523281796 4
mountain 20 2 0.25 24.0115885341857 4
mountain 20 2 0.25 24.0947920276624 3
mountain 20 2 0.25 24.3588764513343 3
mountain 20 2 0.25 23.8364619819157 3
