mountain 20 2 0.25 23.6116482790007 1
mountain 20 2 0.25 23.8740773518635 2
mountain 20 2 0.25 24.0841655981855 1
mountain 20 2 0.25 23.879241695706 1
mountain 20 2 0.25 23.091443415853 2
mountain 20 2 0.25 24.1697371789417 1
mountain 20 2 0.25 23.5910094524839 1
mountain 20 2 0.25 23.4629045480266 1
mountain 20 2 0.25 22.6695804772585 1
mountain 20 2 0.25 24.5067096892905 1
mountain 20 2 0.25 22.7778013031633 1
mountain 20 2 0.25 23.4888673584504 1
mountain 20 2 0.25 23.5894805162916 1
mountain 20 2 0.25 24.117532681857 1
mountain 20 2 0.25 22.9947190513213 1
mountain 20 2 0.25 23.3363547281167 1
mountain 20 2 0.25 23.6796592766941 1
mountain 20 2 0.25 23.5983525263879 1
mountain 20 2 0.25 24.3297374506321 1
mountain 20 2 0.25 23.6290805948597 2
mountain 20 2 0.25 24.3939237380004 1
mountain 20 2 0.25 23.3747816455346 2
mountain 20 2 0.25 23.9554548212787 1
mountain 20 2 0.25 23.6974247104373 1
mountain 20 2 0.25 23.7585525857112 1
mountain 20 2 0.25 23.8574239775192 1
mountain 20 2 0.25 24.0005742466269 1
mountain 20 2 0.25 23.632773154093 1
mountain 20 2 0.25 23.9690613985767 1
mountain 20 2 0.25 23.2567438261387 1
