mountain 20 2 0.25 23.1328930402693 0
mountain 20 2 0.25 23.6591355212245 0
mountain 20 2 0.25 23.7948272973591 1
mountain 20 2 0.25 23.3868451569467 1
mountain 20 2 0.25 22.5374199036365 1
mountain 20 2 0.25 23.7081884870579 1
mountain 20 2 0.25 24.006710210098 1
mountain 20 2 0.25 23.4208488474943 1
mountain 20 2 0.25 23.6437980330301 1
mountain 20 2 0.25 23.9496972796618 1
mountain 20 2 0.25 24.024745601628 1
mountain 20 2 0.25 23.8694911750846 1
mountain 20 2 0.25 23.5902724134389 1
mountain 20 2 0.25 23.4292983776311 1
mountain 20 2 0.25 23.7723516923189 0
mountain 20 2 0.25 23.5373038430957 1
mountain 20 2 0.25 22.7256653890354 1
mountain 20 2 0.25 23.8662557202755 1
mountain 20 2 0.25 23.6961382743922 0
mountain 20 2 0.25 23.6919303723977 1
mountain 20 2 0.25 22.5549107110477 1
mountain 20 2 0.25 23.8330202129172 1
mountain 20 2 0.25 22.5587652174129 1
mountain 20 2 0.25 23.4344199993948 1
mountain 20 2 0.25 23.4155668829638 1
mountain 20 2 0.25 23.3756869989735 1
mountain 20 2 0.25 23.5376733089441 1
mountain 20 2 0.25 23.9345834952948 1
mountain 20 2 0.25 23.554903193184 1
mountain 20 2 0.25 23.9397307687848 1
