mountain 100 180 20 15 3 2 0 0.5 0.7 2 5 1 22 26 23.87 61.62 20 2 0.25 23.2051745271904 8
mountain 100 180 20 15 3 2 0 0.5 0.7 2 1 0 32 43 24.62 49.49 20 2 0.25 23.297453754115 0
mountain 100 180 20 15 3 2 0 0.5 0.7 3 1 2 41 57 26.5 46.46 20 2 0.25 23.3995522977783 0
mountain 100 180 20 15 3 2 0 0.5 0.7 2 1 0 55 76 26.27 88.89 20 2 0.25 23.5686501514961 0
mountain 100 180 20 15 3 2 0 0.5 0.7 2 1 0 58 85 26.19 64.65 20 2 0.25 23.5257972979708 0
mountain 100 180 20 15 3 2 0 0.5 0.7 2 1 0 70 99 30.32 69.7 20 2 0.25 21.0687604636317 0
mountain 100 180 20 15 3 2 0 0.5 0.7 2 1 0 75 109 26.5 82.83 20 2 0.25 23.0229218405691 0
mountain 100 180 20 15 3 2 0 0.5 0.7 2 1 1 77 115 22.7 68.69 20 2 0.25 23.6421337588536 0
mountain 100 180 20 15 3 2 0 0.5 0.7 2 1 0 85 127 23.95 87.88 20 2 0.25 22.0313644162565 0
mountain 100 180 20 15 3 2 0 0.5 0.7 2 1 0 88 137 25.45 75.76 20 2 0.25 23.7099571963753 0
mountain 100 180 20 15 3 2 0 0.5 0.7 1 0 0 88 141 22.56 86.87 20 2 0.25 22.2280265043524 0
mountain 100 180 20 15 3 2 0 0.5 0.7 1 0 0 89 145 23.91 60.61 20 2 0.25 23.7526275638602 0
mountain 100 180 20 15 3 2 0 0.5 0.7 1 0 0 89 147 23.76 36.36 20 2 0.25 22.5069720390568 0
mountain 100 180 20 15 3 2 0 0.5 0.7 1 0 0 89 147 23.11 56.57 20 2 0.25 24.0680171945208 0
mountain 100 180 20 15 3 2 0 0.5 0.7 1 0 0 90 155 24.17 77.78 20 2 0.25 23.473280786876 0
mountain 100 180 20 15 3 2 0 0.5 0.7 2 0 0 91 158 23.96 79.8 20 2 0.25 22.6676274457755 0
mountain 100 180 20 15 3 2 0 0.5 0.7 2 1 0 91 161 33.58 86.87 20 2 0.25 22.4155875927082 0
mountain 100 180 20 15 3 2 0 0.5 0.7 2 1 0 91 161 48.41 62.63 20 2 0.25 23.1762505039628 0
mountain 100 180 20 15 3 2 0 0.5 0.7 1 0 0 91 161 25.48 69.7 20 2 0.25 22.4688228381566 0
mountain 100 180 20 15 3 2 0 0.5 0.7 1 0 0 91 161 24.16 90.91 20 2 0.25 23.9072151085631 0
mountain 100 180 20 15 3 2 0 0.5 0.7 2 2 0 91 161 30.83 61.62 20 2 0.25 23.210757984411 0
mountain 100 180 20 15 3 2 0 0.5 0.7 2 1 2 91 161 23.83 92.93 20 2 0.25 23.7833207611593 0
mountain 100 180 20 15 3 2 0 0.5 0.7 2 1 3 91 161 24.02 78.79 20 2 0.25 23.8199267888471 0
mountain 100 180 20 15 3 2 0 0.5 0.7 1 0 0 91 162 25.96 88.89 20 2 0.25 23.5769451631834 0
mountain 100 180 20 15 3 2 0 0.5 0.7 2 1 1 92 165 28.5 84.85 20 2 0.25 23.6803281319979 0
mountain 100 180 20 15 3 2 0 0.5 0.7 1 0 0 92 165 24.68 77.78 20 2 0.25 21.3268816772716 0
mountain 100 180 20 15 3 2 0 0.5 0.7 4 3 0 92 165 22.62 73.74 20 2 0.25 22.2783427210115 1
mountain 100 180 20 15 3 2 0 0.5 0.7 2 2 0 92 165 22.98 69.7 20 2 0.25 23.9989778013014 0
mountain 100 180 20 15 3 2 0 0.5 0.7 2 1 0 92 166 24.23 97.98 20 2 0.25 23.9192443715209 0
mountain 100 180 20 15 3 2 0 0.5 0.7 1 0 0 92 166 24.51 72.73 20 2 0.25 23.0671923398547 0
