mountain 676 1300 20 15 3 2 0 0.5 0.7 2 5 7 160 193 27.74 39.56 20 2 0.25 23.878464332861 3
mountain 676 1300 20 15 3 2 0 0.5 0.7 2 5 3 205 263 25.58 44.89 20 2 0.25 24.255297574831 5
mountain 676 1300 20 15 3 2 0 0.5 0.7 2 6 10 239 326 27.05 38.37 20 2 0.25 24.2476726822516 4
mountain 676 1300 20 15 3 2 0 0.5 0.7 2 5 0 274 380 26.78 20 20 2 0.25 23.9956389144587 3
mountain 676 1300 20 15 3 2 0 0.5 0.7 2 7 0 300 417 28.1 39.11 20 2 0.25 24.4293700461884 4
mountain 676 1300 20 15 3 2 0 0.5 0.7 2 9 3 317 453 36.29 53.63 20 2 0.25 24.490521012759 4
mountain 676 1300 20 15 3 2 0 0.5 0.7 2 6 1 333 486 24.11 42.37 20 2 0.25 24.5229542708332 4
mountain 676 1300 20 15 3 2 0 0.5 0.7 2 9 1 342 504 27.92 39.56 20 2 0.25 24.1162022715263 5
mountain 676 1300 20 15 3 2 0 0.5 0.7 3 6 7 360 544 24.87 6.67 20 2 0.25 24.0871205842963 4
mountain 676 1300 20 15 3 2 0 0.5 0.7 2 4 3 366 570 24.06 37.48 20 2 0.25 23.9828238456985 5
mountain 676 1300 20 15 3 2 0 0.5 0.7 2 4 6 372 587 25.6 47.85 20 2 0.25 24.6680392957742 3
mountain 676 1300 20 15 3 2 0 0.5 0.7 2 7 1 374 596 32.51 27.56 20 2 0.25 23.5944263621927 3
mountain 676 1300 20 15 3 2 0 0.5 0.7 1 2 0 378 605 24.49 29.19 20 2 0.25 24.1769095560971 4
mountain 676 1300 20 15 3 2 0 0.5 0.7 1 2 0 381 619 25.1 35.11 20 2 0.25 23.8806149252834 3
mountain 676 1300 20 15 3 2 0 0.5 0.7 2 5 3 394 650 25.03 56.44 20 2 0.25 23.8553740552321 4
mountain 676 1300 20 15 3 2 0 0.5 0.7 2 5 2 394 652 26.44 38.96 20 2 0.25 23.99133781766 4
mountain 676 1300 20 15 3 2 0 0.5 0.7 2 5 1 399 665 24.75 45.19 20 2 0.25 23.9212075315128 3
mountain 676 1300 20 15 3 2 0 0.5 0.7 3 7 10 401 672 26.35 33.19 20 2 0.25 24.1112883245081 4
mountain 676 1300 20 15 3 2 0 0.5 0.7 2 6 4 402 677 24.14 45.93 20 2 0.25 24.2031218085001 5
mountain 676 1300 20 15 3 2 0 0.5 0.7 2 5 7 405 692 24.69 20 20 2 0.25 23.9358255419152 5
mountain 676 1300 20 15 3 2 0 0.5 0.7 1 2 0 405 692 24.79 38.07 20 2 0.25 24.10313359408 3
mountain 676 1300 20 15 3 2 0 0.5 0.7 1 2 0 409 706 24.03 32.59 20 2 0.25 24.0254942368406 3
mountain 676 1300 20 15 3 2 0 0.5 0.7 2 7 2 420 725 25.7 50.52 20 2 0.25 23.9674807638364 5
mountain 676 1300 20 15 3 2 0 0.5 0.7 2 4 6 420 728 26.47 49.33 20 2 0.25 24.1800560537113 4
mountain 676 1300 20 15 3 2 0 0.5 0.7 2 4 1 420 729 24.41 32 20 2 0.25 24.281683173741 4
mountain 676 1300 20 15 3 2 0 0.5 0.7 2 5 1 420 731 25.49 29.33 20 2 0.25 24.2811231085882 4
mountain 676 1300 20 15 3 2 0 0.5 0.7 3 9 1 420 731 24.92 36.59 20 2 0.25 24.4734652358667 5
mountain 676 1300 20 15 3 2 0 0.5 0.7 2 4 3 420 733 26.5 20.89 20 2 0.25 23.9543582069976 3
mountain 676 1300 20 15 3 2 0 0.5 0.7 2 5 1 422 738 26.86 30.81 20 2 0.25 24.0736829698716 3
mountain 676 1300 20 15 3 2 0 0.5 0.7 1 4 0 427 749 25.31 48.89 20 2 0.25 23.945443453969 4
