mountain 576 1104 20 15 3 2 0 0.5 0.7 2 5 5 157 171 27.76 56.17 20 2 0.25 24.4712122026157 6
mountain 576 1104 20 15 3 2 0 0.5 0.7 2 4 3 192 236 24.38 34.26 20 2 0.25 24.7942488138485 4
mountain 576 1104 20 15 3 2 0 0.5 0.7 2 5 1 209 267 24.11 25.04 20 2 0.25 23.9576176309572 4
mountain 576 1104 20 15 3 2 0 0.5 0.7 2 4 1 229 299 25.22 22.26 20 2 0.25 24.0917631931535 3
mountain 576 1104 20 15 3 2 0 0.5 0.7 2 6 2 247 338 31.55 45.57 20 2 0.25 24.1410070254485 3
mountain 576 1104 20 15 3 2 0 0.5 0.7 2 4 3 271 386 25.25 49.91 20 2 0.25 24.0561691042752 2
mountain 576 1104 20 15 3 2 0 0.5 0.7 3 10 7 275 405 31.3 26.09 20 2 0.25 23.9692801612763 4
mountain 576 1104 20 15 3 2 0 0.5 0.7 1 2 0 281 425 25.51 31.65 20 2 0.25 23.5172466804742 3
mountain 576 1104 20 15 3 2 0 0.5 0.7 2 4 4 300 454 24.82 7.65 20 2 0.25 24.2798464897662 5
mountain 576 1104 20 15 3 2 0 0.5 0.7 2 7 1 309 478 31.4 32.17 20 2 0.25 24.1945381130448 3
mountain 576 1104 20 15 3 2 0 0.5 0.7 2 6 1 311 491 31.21 34.61 20 2 0.25 23.7732222843629 3
mountain 576 1104 20 15 3 2 0 0.5 0.7 1 3 0 312 498 28.59 34.43 20 2 0.25 25.0947919884407 3
mountain 576 1104 20 15 3 2 0 0.5 0.7 2 3 9 317 518 24.25 25.57 20 2 0.25 24.308139546101 2
mountain 576 1104 20 15 3 2 0 0.5 0.7 2 5 1 341 549 30.76 46.61 20 2 0.25 24.2531832343488 3
mountain 576 1104 20 15 3 2 0 0.5 0.7 2 3 8 355 587 24.42 23.3 20 2 0.25 24.4931473406528 3
mountain 576 1104 20 15 3 2 0 0.5 0.7 2 5 1 367 612 29.07 28.17 20 2 0.25 23.5800280531104 3
mountain 576 1104 20 15 3 2 0 0.5 0.7 2 7 0 368 618 27.38 25.04 20 2 0.25 24.2257094006939 3
mountain 576 1104 20 15 3 2 0 0.5 0.7 2 4 0 368 618 24.43 28.35 20 2 0.25 24.3052527017913 3
mountain 576 1104 20 15 3 2 0 0.5 0.7 2 4 3 394 656 25.77 16.52 20 2 0.25 23.4604997669643 3
mountain 576 1104 20 15 3 2 0 0.5 0.7 2 4 2 395 663 27.18 33.91 20 2 0.25 24.1854316006173 2
mountain 576 1104 20 15 3 2 0 0.5 0.7 2 3 8 395 672 24.66 22.96 20 2 0.25 24.2450510749109 3
mountain 576 1104 20 15 3 2 0 0.5 0.7 2 4 2 395 673 25.19 37.39 20 2 0.25 23.1413245033217 3
mountain 576 1104 20 15 3 2 0 0.5 0.7 2 5 4 395 678 24.04 54.96 20 2 0.25 24.3742138212098 3
mountain 576 1104 20 15 3 2 0 0.5 0.7 2 3 2 396 683 24.32 48.7 20 2 0.25 24.0159860840871 3
mountain 576 1104 20 15 3 2 0 0.5 0.7 1 2 0 396 683 23.85 24.87 20 2 0.25 24.0825171854395 4
mountain 576 1104 20 15 3 2 0 0.5 0.7 2 11 2 410 701 35.92 28.35 20 2 0.25 23.7317523281796 4
mountain 576 1104 20 15 3 2 0 0.5 0.7 2 4 8 410 702 24.44 37.39 20 2 0.25 24.0115885341857 4
mountain 576 1104 20 15 3 2 0 0.5 0.7 2 4 2 417 715 24.6 26.96 20 2 0.25 24.0947920276624 3
mountain 576 1104 20 15 3 2 0 0.5 0.7 2 3 5 417 719 23.52 24.17 20 2 0.25 24.3588764513343 3
mountain 576 1104 20 15 3 2 0 0.5 0.7 2 5 4 418 724 26.44 28.17 20 2 0.25 23.8364619819157 3
