mountain 196 364 20 15 3 2 0 0.5 0.7 2 2 2 62 68 27.17 56.41 20 2 0.25 23.6116482790007 1
mountain 196 364 20 15 3 2 0 0.5 0.7 1 1 0 90 103 24.69 72.82 20 2 0.25 23.8740773518635 2
mountain 196 364 20 15 3 2 0 0.5 0.7 2 1 3 98 122 24.35 60.51 20 2 0.25 24.0841655981855 1
mountain 196 364 20 15 3 2 0 0.5 0.7 1 1 0 114 147 26.95 44.1 20 2 0.25 23.879241695706 1
mountain 196 364 20 15 3 2 0 0.5 0.7 2 2 1 131 182 23.58 52.82 20 2 0.25 23.091443415853 2
mountain 196 364 20 15 3 2 0 0.5 0.7 1 0 0 134 192 23.98 29.74 20 2 0.25 24.1697371789417 1
mountain 196 364 20 15 3 2 0 0.5 0.7 1 1 0 134 201 24.28 28.72 20 2 0.25 23.5910094524839 1
mountain 196 364 20 15 3 2 0 0.5 0.7 2 2 1 137 209 23.66 21.03 20 2 0.25 23.4629045480266 1
mountain 196 364 20 15 3 2 0 0.5 0.7 1 1 0 146 224 23.89 48.72 20 2 0.25 22.6695804772585 1
mountain 196 364 20 15 3 2 0 0.5 0.7 2 6 2 149 238 45.37 69.74 20 2 0.25 24.5067096892905 1
mountain 196 364 20 15 3 2 0 0.5 0.7 2 3 3 149 243 24.46 56.92 20 2 0.25 22.7778013031633 1
mountain 196 364 20 15 3 2 0 0.5 0.7 2 2 0 150 246 24.26 32.82 20 2 0.25 23.4888673584504 1
mountain 196 364 20 15 3 2 0 0.5 0.7 1 1 0 152 252 24.79 63.59 20 2 0.25 23.5894805162916 1
mountain 196 364 20 15 3 2 0 0.5 0.7 3 4 1 152 254 25.71 23.08 20 2 0.25 24.117532681857 1
mountain 196 364 20 15 3 2 0 0.5 0.7 2 2 0 156 264 23.31 42.05 20 2 0.25 22.9947190513213 1
mountain 196 364 20 15 3 2 0 0.5 0.7 2 2 3 165 275 23.34 26.67 20 2 0.25 23.3363547281167 1
mountain 196 364 20 15 3 2 0 0.5 0.7 2 2 3 165 276 24.42 38.97 20 2 0.25 23.6796592766941 1
mountain 196 364 20 15 3 2 0 0.5 0.7 2 2 1 165 276 29.85 39.49 20 2 0.25 23.5983525263879 1
mountain 196 364 20 15 3 2 0 0.5 0.7 1 1 0 169 283 27.3 56.92 20 2 0.25 24.3297374506321 1
mountain 196 364 20 15 3 2 0 0.5 0.7 2 3 1 169 284 26.74 69.74 20 2 0.25 23.6290805948597 2
mountain 196 364 20 15 3 2 0 0.5 0.7 2 3 1 169 289 26.73 56.41 20 2 0.25 24.3939237380004 1
mountain 196 364 20 15 3 2 0 0.5 0.7 2 2 2 169 291 25.54 55.9 20 2 0.25 23.3747816455346 2
mountain 196 364 20 15 3 2 0 0.5 0.7 2 2 1 169 297 24.38 71.79 20 2 0.25 23.9554548212787 1
mountain 196 364 20 15 3 2 0 0.5 0.7 2 2 4 169 298 24.11 70.77 20 2 0.25 23.6974247104373 1
mountain 196 364 20 15 3 2 0 0.5 0.7 2 2 1 169 300 24.91 36.92 20 2 0.25 23.7585525857112 1
mountain 196 364 20 15 3 2 0 0.5 0.7 1 1 0 169 300 24.55 44.1 20 2 0.25 23.8574239775192 1
mountain 196 364 20 15 3 2 0 0.5 0.7 3 6 2 172 307 27.5 56.41 20 2 0.25 24.0005742466269 1
mountain 196 364 20 15 3 2 0 0.5 0.7 2 3 5 172 307 27.21 37.95 20 2 0.25 23.632773154093 1
mountain 196 364 20 15 3 2 0 0.5 0.7 1 1 0 172 307 24.23 33.85 20 2 0.25 23.9690613985767 1
mountain 196 364 20 15 3 2 0 0.5 0.7 2 3 2 172 308 23.28 61.03 20 2 0.25 23.2567438261387 1
