mountain 484 924 20 15 3 2 0 0.5 0.7 2 3 1 124 131 23.55 43.48 20 2 0.25 24.5033275453546 2
mountain 484 924 20 15 3 2 0 0.5 0.7 2 4 0 181 223 25.72 27.74 20 2 0.25 23.9520008191656 3
mountain 484 924 20 15 3 2 0 0.5 0.7 2 7 3 206 271 30.42 21.74 20 2 0.25 23.9452581350803 3
mountain 484 924 20 15 3 2 0 0.5 0.7 2 4 3 217 307 25.03 36.65 20 2 0.25 23.9388132231252 3
mountain 484 924 20 15 3 2 0 0.5 0.7 2 5 1 234 335 26.37 34.99 20 2 0.25 24.1653030992459 4
mountain 484 924 20 15 3 2 0 0.5 0.7 1 2 0 244 357 24.85 37.68 20 2 0.25 23.7351679199677 3
mountain 484 924 20 15 3 2 0 0.5 0.7 2 4 1 250 372 24.5 54.04 20 2 0.25 23.873307288524 3
mountain 484 924 20 15 3 2 0 0.5 0.7 2 6 0 259 396 26.03 53.83 20 2 0.25 24.1987229349791 3
mountain 484 924 20 15 3 2 0 0.5 0.7 1 2 0 283 429 23.81 36.23 20 2 0.25 23.8075844624526 3
mountain 484 924 20 15 3 2 0 0.5 0.7 2 6 1 315 474 26.84 60.46 20 2 0.25 24.1827935019436 3
mountain 484 924 20 15 3 2 0 0.5 0.7 2 3 4 325 502 23.89 22.15 20 2 0.25 22.8864720415325 3
mountain 484 924 20 15 3 2 0 0.5 0.7 2 5 0 331 517 25.57 29.61 20 2 0.25 24.1470244633011 3
mountain 484 924 20 15 3 2 0 0.5 0.7 2 3 1 331 522 24.58 57.97 20 2 0.25 24.0228495060486 2
mountain 484 924 20 15 3 2 0 0.5 0.7 2 5 3 333 536 24.67 22.98 20 2 0.25 24.0618988359429 4
mountain 484 924 20 15 3 2 0 0.5 0.7 2 4 0 338 552 29.08 11.8 20 2 0.25 24.1903250080871 2
mountain 484 924 20 15 3 2 0 0.5 0.7 2 4 0 342 569 24.21 46.38 20 2 0.25 23.9740977871898 4
mountain 484 924 20 15 3 2 0 0.5 0.7 2 4 0 342 569 25.18 41.2 20 2 0.25 24.1265330291956 4
mountain 484 924 20 15 3 2 0 0.5 0.7 2 4 7 343 581 31.83 19.67 20 2 0.25 24.0466913138417 2
mountain 484 924 20 15 3 2 0 0.5 0.7 2 4 5 343 589 24.31 53.62 20 2 0.25 24.238669737987 4
mountain 484 924 20 15 3 2 0 0.5 0.7 2 4 1 346 600 28.41 34.58 20 2 0.25 24.2405856191999 2
mountain 484 924 20 15 3 2 0 0.5 0.7 2 6 2 347 604 29.92 34.78 20 2 0.25 24.1129622781606 3
mountain 484 924 20 15 3 2 0 0.5 0.7 2 4 1 347 607 24.57 33.54 20 2 0.25 24.2295761052843 3
mountain 484 924 20 15 3 2 0 0.5 0.7 2 7 5 347 607 33.87 37.27 20 2 0.25 24.0019518647284 4
mountain 484 924 20 15 3 2 0 0.5 0.7 2 9 0 347 608 32.01 39.54 20 2 0.25 23.9541725303897 4
mountain 484 924 20 15 3 2 0 0.5 0.7 2 4 1 347 612 26.22 39.75 20 2 0.25 23.9729802289523 3
mountain 484 924 20 15 3 2 0 0.5 0.7 2 5 4 347 612 26.21 27.95 20 2 0.25 23.8485866808472 3
mountain 484 924 20 15 3 2 0 0.5 0.7 2 6 3 347 612 24.74 57.97 20 2 0.25 23.7171500221239 4
mountain 484 924 20 15 3 2 0 0.5 0.7 2 3 3 347 612 23.93 35.2 20 2 0.25 23.7752961261872 3
mountain 484 924 20 15 3 2 0 0.5 0.7 2 3 1 347 612 24.75 55.9 20 2 0.25 24.0765813685299 2
mountain 484 924 20 15 3 2 0 0.5 0.7 3 5 6 351 626 24.2 47.62 20 2 0.25 23.4319937042589 3
