mountain 144 264 20 15 3 2 0 0.5 0.7 2 1 0 26 29 24.36 72.03 20 2 0.25 23.1328930402693 0
mountain 144 264 20 15 3 2 0 0.5 0.7 2 2 2 56 70 32.53 22.38 20 2 0.25 23.6591355212245 0
mountain 144 264 20 15 3 2 0 0.5 0.7 2 1 1 81 104 25.87 69.23 20 2 0.25 23.7948272973591 1
mountain 144 264 20 15 3 2 0 0.5 0.7 2 1 1 85 116 23.96 78.32 20 2 0.25 23.3868451569467 1
mountain 144 264 20 15 3 2 0 0.5 0.7 2 1 1 101 143 22.54 77.62 20 2 0.25 22.5374199036365 1
mountain 144 264 20 15 3 2 0 0.5 0.7 2 2 0 107 152 29.6 18.18 20 2 0.25 23.7081884870579 1
mountain 144 264 20 15 3 2 0 0.5 0.7 2 2 3 108 157 29.32 70.63 20 2 0.25 24.006710210098 1
mountain 144 264 20 15 3 2 0 0.5 0.7 2 1 1 109 163 26.7 72.03 20 2 0.25 23.4208488474943 1
mountain 144 264 20 15 3 2 0 0.5 0.7 1 1 0 109 165 25.91 30.07 20 2 0.25 23.6437980330301 1
mountain 144 264 20 15 3 2 0 0.5 0.7 2 2 0 111 175 24.21 70.63 20 2 0.25 23.9496972796618 1
mountain 144 264 20 15 3 2 0 0.5 0.7 2 1 0 111 176 24.33 57.34 20 2 0.25 24.024745601628 1
mountain 144 264 20 15 3 2 0 0.5 0.7 2 1 6 113 183 25.68 28.67 20 2 0.25 23.8694911750846 1
mountain 144 264 20 15 3 2 0 0.5 0.7 1 1 0 113 184 30.46 55.24 20 2 0.25 23.5902724134389 1
mountain 144 264 20 15 3 2 0 0.5 0.7 2 1 0 113 186 24.45 66.43 20 2 0.25 23.4292983776311 1
mountain 144 264 20 15 3 2 0 0.5 0.7 2 1 2 113 190 27.12 44.76 20 2 0.25 23.7723516923189 0
mountain 144 264 20 15 3 2 0 0.5 0.7 2 1 2 113 193 25.01 58.74 20 2 0.25 23.5373038430957 1
mountain 144 264 20 15 3 2 0 0.5 0.7 2 1 0 113 193 24.6 83.22 20 2 0.25 22.7256653890354 1
mountain 144 264 20 15 3 2 0 0.5 0.7 1 0 0 114 196 24.3 23.78 20 2 0.25 23.8662557202755 1
mountain 144 264 20 15 3 2 0 0.5 0.7 2 1 3 116 200 24.41 73.43 20 2 0.25 23.6961382743922 0
mountain 144 264 20 15 3 2 0 0.5 0.7 1 1 0 117 206 24.04 81.12 20 2 0.25 23.6919303723977 1
mountain 144 264 20 15 3 2 0 0.5 0.7 2 1 1 117 206 23.06 67.13 20 2 0.25 22.5549107110477 1
mountain 144 264 20 15 3 2 0 0.5 0.7 1 1 0 117 206 28.22 74.13 20 2 0.25 23.8330202129172 1
mountain 144 264 20 15 3 2 0 0.5 0.7 1 0 0 117 207 23.34 72.73 20 2 0.25 22.5587652174129 1
mountain 144 264 20 15 3 2 0 0.5 0.7 2 1 0 118 210 28.78 48.25 20 2 0.25 23.4344199993948 1
mountain 144 264 20 15 3 2 0 0.5 0.7 2 2 1 118 213 23.48 65.03 20 2 0.25 23.4155668829638 1
mountain 144 264 20 15 3 2 0 0.5 0.7 2 1 1 118 213 24.64 58.74 20 2 0.25 23.3756869989735 1
mountain 144 264 20 15 3 2 0 0.5 0.7 3 3 2 118 213 24.32 57.34 20 2 0.25 23.5376733089441 1
mountain 144 264 20 15 3 2 0 0.5 0.7 1 1 0 118 213 24.08 40.56 20 2 0.25 23.9345834952948 1
mountain 144 264 20 15 3 2 0 0.5 0.7 5 5 3 118 213 24.63 40.56 20 2 0.25 23.554903193184 1
mountain 144 264 20 15 3 2 0 0.5 0.7 2 1 2 118 213 24.6 47.55 20 2 0.25 23.9397307687848 1
