mountain 324 612 20 15 3 2 0 0.5 0.7 2 4 3 59 63 25.42 62.85 20 2 0.25 23.1942321630703 2
mountain 324 612 20 15 3 2 0 0.5 0.7 2 4 3 117 137 24.12 45.51 20 2 0.25 23.6064016397818 3
mountain 324 612 20 15 3 2 0 0.5 0.7 2 7 4 144 189 30.7 45.51 20 2 0.25 23.9097913861176 3
mountain 324 612 20 15 3 2 0 0.5 0.7 2 4 1 155 213 24.63 63.16 20 2 0.25 23.9647625843601 3
mountain 324 612 20 15 3 2 0 0.5 0.7 2 3 0 171 236 30.35 52.63 20 2 0.25 23.6214612700191 2
mountain 324 612 20 15 3 2 0 0.5 0.7 2 6 1 188 277 30.99 33.13 20 2 0.25 24.0464241126169 2
mountain 324 612 20 15 3 2 0 0.5 0.7 2 7 1 190 289 30.95 27.55 20 2 0.25 24.118271493035 2
mountain 324 612 20 15 3 2 0 0.5 0.7 2 8 1 193 301 25.07 55.42 20 2 0.25 24.1564946568395 4
mountain 324 612 20 15 3 2 0 0.5 0.7 2 11 1 197 319 40.25 61.3 20 2 0.25 24.1896545643574 6
mountain 324 612 20 15 3 2 0 0.5 0.7 2 8 0 210 342 35.44 52.32 20 2 0.25 23.1898453389829 3
mountain 324 612 20 15 3 2 0 0.5 0.7 2 4 1 212 352 25.93 34.06 20 2 0.25 23.9753325361015 4
mountain 324 612 20 15 3 2 0 0.5 0.7 2 5 1 218 367 23.94 69.35 20 2 0.25 23.7838590843195 3
mountain 324 612 20 15 3 2 0 0.5 0.7 2 4 1 218 368 24.59 32.51 20 2 0.25 23.9976609435173 2
mountain 324 612 20 15 3 2 0 0.5 0.7 2 4 1 218 371 25.03 27.24 20 2 0.25 24.1116041490438 2
mountain 324 612 20 15 3 2 0 0.5 0.7 2 3 13 220 381 26.59 29.41 20 2 0.25 23.4968515119702 3
mountain 324 612 20 15 3 2 0 0.5 0.7 2 5 0 223 387 26.4 48.61 20 2 0.25 23.9808510161089 4
mountain 324 612 20 15 3 2 0 0.5 0.7 2 4 4 223 387 24.22 48.61 20 2 0.25 23.9421984937977 2
mountain 324 612 20 15 3 2 0 0.5 0.7 2 4 1 224 391 24.47 51.7 20 2 0.25 24.2052086494005 2
mountain 324 612 20 15 3 2 0 0.5 0.7 2 4 2 227 396 25.92 60.06 20 2 0.25 24.288531078457 2
mountain 324 612 20 15 3 2 0 0.5 0.7 3 6 11 227 401 28.53 21.98 20 2 0.25 24.0944635655911 2
mountain 324 612 20 15 3 2 0 0.5 0.7 2 5 3 230 410 24.33 65.63 20 2 0.25 23.8072537586659 3
mountain 324 612 20 15 3 2 0 0.5 0.7 2 3 2 238 422 26.47 58.2 20 2 0.25 23.9100834381546 2
mountain 324 612 20 15 3 2 0 0.5 0.7 2 4 0 238 423 24.05 46.13 20 2 0.25 24.038502260303 2
mountain 324 612 20 15 3 2 0 0.5 0.7 2 5 4 246 431 27.95 26.01 20 2 0.25 24.0287238748973 2
mountain 324 612 20 15 3 2 0 0.5 0.7 2 4 1 246 431 25.58 59.44 20 2 0.25 23.860894568719 2
mountain 324 612 20 15 3 2 0 0.5 0.7 3 6 3 246 432 26.88 32.51 20 2 0.25 24.2405936601457 2
mountain 324 612 20 15 3 2 0 0.5 0.7 2 3 1 246 434 25.66 21.98 20 2 0.25 23.9545030554646 3
mountain 324 612 20 15 3 2 0 0.5 0.7 2 4 2 246 437 27.72 24.46 20 2 0.25 23.8880716218006 2
mountain 324 612 20 15 3 2 0 0.5 0.7 1 2 0 259 453 25.47 49.85 20 2 0.25 24.463498511915 2
mountain 324 612 20 15 3 2 0 0.5 0.7 2 3 7 259 453 24.22 27.24 20 2 0.25 23.8974139033934 3
