mountain 256 480 20 15 3 2 0 0.5 0.7 2 6 6 86 96 40.25 49.8 20 2 0.25 23.4271981584961 2
mountain 256 480 20 15 3 2 0 0.5 0.7 2 3 0 107 131 23.85 36.08 20 2 0.25 23.7581576119889 2
mountain 256 480 20 15 3 2 0 0.5 0.7 1 1 0 133 173 24.75 36.08 20 2 0.25 23.8967316104224 2
mountain 256 480 20 15 3 2 0 0.5 0.7 2 3 2 145 202 24.63 39.61 20 2 0.25 23.5693203252305 2
mountain 256 480 20 15 3 2 0 0.5 0.7 2 8 2 150 222 44.4 61.96 20 2 0.25 23.7659341206549 2
mountain 256 480 20 15 3 2 0 0.5 0.7 2 4 0 154 232 24.73 68.24 20 2 0.25 23.8165465602612 2
mountain 256 480 20 15 3 2 0 0.5 0.7 2 4 1 165 251 30.07 47.45 20 2 0.25 23.9701268389722 2
mountain 256 480 20 15 3 2 0 0.5 0.7 2 2 9 166 264 24.49 33.33 20 2 0.25 23.7320943478326 2
mountain 256 480 20 15 3 2 0 0.5 0.7 2 3 5 168 274 24.25 40.39 20 2 0.25 24.1798733484307 2
mountain 256 480 20 15 3 2 0 0.5 0.7 1 1 0 169 277 23.91 45.1 20 2 0.25 22.7781627885737 2
mountain 256 480 20 15 3 2 0 0.5 0.7 2 5 0 180 295 26.71 65.49 20 2 0.25 23.0792686721599 2
mountain 256 480 20 15 3 2 0 0.5 0.7 1 3 0 181 301 38.53 65.1 20 2 0.25 23.9292707813526 2
mountain 256 480 20 15 3 2 0 0.5 0.7 2 5 1 181 305 27.99 41.18 20 2 0.25 23.964115260518 2
mountain 256 480 20 15 3 2 0 0.5 0.7 1 2 0 182 310 24.55 49.02 20 2 0.25 23.9364445723433 2
mountain 256 480 20 15 3 2 0 0.5 0.7 2 5 1 182 314 27.39 32.55 20 2 0.25 23.5731674319217 2
mountain 256 480 20 15 3 2 0 0.5 0.7 1 4 0 184 320 23.56 71.76 20 2 0.25 23.5632781103939 3
mountain 256 480 20 15 3 2 0 0.5 0.7 2 4 2 186 326 29.13 36.08 20 2 0.25 23.7323159163377 2
mountain 256 480 20 15 3 2 0 0.5 0.7 2 4 1 186 326 25.93 39.22 20 2 0.25 24.0469635276732 2
mountain 256 480 20 15 3 2 0 0.5 0.7 2 4 6 186 328 33.87 40.78 20 2 0.25 23.6580917171597 2
mountain 256 480 20 15 3 2 0 0.5 0.7 2 4 2 187 330 23.1 51.37 20 2 0.25 23.104341262594 3
mountain 256 480 20 15 3 2 0 0.5 0.7 2 3 0 188 334 25.32 39.22 20 2 0.25 23.1829692092326 2
mountain 256 480 20 15 3 2 0 0.5 0.7 2 4 1 202 351 23.11 53.33 20 2 0.25 24.3272647464957 1
mountain 256 480 20 15 3 2 0 0.5 0.7 2 3 0 207 361 24.02 75.29 20 2 0.25 23.8816411622328 2
mountain 256 480 20 15 3 2 0 0.5 0.7 2 3 4 207 361 25.86 54.51 20 2 0.25 24.1212865530553 2
mountain 256 480 20 15 3 2 0 0.5 0.7 2 4 3 207 362 25.86 68.63 20 2 0.25 24.2281203426554 2
mountain 256 480 20 15 3 2 0 0.5 0.7 2 4 0 207 364 27.31 71.37 20 2 0.25 23.9435383212136 2
mountain 256 480 20 15 3 2 0 0.5 0.7 2 4 2 209 368 26.31 47.84 20 2 0.25 23.7795438104473 2
mountain 256 480 20 15 3 2 0 0.5 0.7 1 2 0 214 376 22.78 57.65 20 2 0.25 23.4358888443301 3
mountain 256 480 20 15 3 2 0 0.5 0.7 1 1 0 214 376 26.72 56.86 20 2 0.25 24.0202081254197 2
mountain 256 480 20 15 3 2 0 0.5 0.7 2 4 1 214 376 29.85 61.96 20 2 0.25 23.9297585812737 2
