mountain 400 760 20 15 3 2 0 0.5 0.7 2 3 1 41 42 26.22 27.32 20 2 0.25 24.1529588151371 1
mountain 400 760 20 15 3 2 0 0.5 0.7 1 1 0 102 113 25.75 56.39 20 2 0.25 23.6067418591158 2
mountain 400 760 20 15 3 2 0 0.5 0.7 1 2 0 126 141 24.88 61.15 20 2 0.25 23.1152294124264 3
mountain 400 760 20 15 3 2 0 0.5 0.7 2 3 5 180 221 24.54 28.57 20 2 0.25 24.2607899071481 3
mountain 400 760 20 15 3 2 0 0.5 0.7 2 5 3 219 291 25.72 60.15 20 2 0.25 24.1378878186885 3
mountain 400 760 20 15 3 2 0 0.5 0.7 2 5 2 227 325 26.85 29.57 20 2 0.25 23.224225614375 3
mountain 400 760 20 15 3 2 0 0.5 0.7 2 4 1 233 347 24.21 34.84 20 2 0.25 23.9952370195991 4
mountain 400 760 20 15 3 2 0 0.5 0.7 2 3 2 244 367 24.78 46.37 20 2 0.25 23.8955602840567 2
mountain 400 760 20 15 3 2 0 0.5 0.7 2 3 2 249 390 24.47 36.34 20 2 0.25 23.6998109995456 2
mountain 400 760 20 15 3 2 0 0.5 0.7 2 7 4 265 421 33.91 43.86 20 2 0.25 23.8388215693624 2
mountain 400 760 20 15 3 2 0 0.5 0.7 3 4 1 266 432 24.85 45.86 20 2 0.25 24.273787710144 2
mountain 400 760 20 15 3 2 0 0.5 0.7 2 4 0 268 439 28.21 50.88 20 2 0.25 24.1084242268777 3
mountain 400 760 20 15 3 2 0 0.5 0.7 2 5 1 269 448 25.39 21.55 20 2 0.25 24.2205676681773 3
mountain 400 760 20 15 3 2 0 0.5 0.7 2 3 4 276 462 24.61 30.83 20 2 0.25 24.1157622756508 3
mountain 400 760 20 15 3 2 0 0.5 0.7 2 3 4 276 466 24.39 37.34 20 2 0.25 23.6855649664218 3
mountain 400 760 20 15 3 2 0 0.5 0.7 3 10 3 277 469 29.92 58.9 20 2 0.25 24.0194961797427 3
mountain 400 760 20 15 3 2 0 0.5 0.7 2 4 3 279 478 24.19 48.87 20 2 0.25 23.7963496379496 4
mountain 400 760 20 15 3 2 0 0.5 0.7 2 5 1 285 492 25.12 12.78 20 2 0.25 24.1401262441904 3
mountain 400 760 20 15 3 2 0 0.5 0.7 2 4 2 288 502 28.93 14.29 20 2 0.25 23.6315944808928 2
mountain 400 760 20 15 3 2 0 0.5 0.7 2 3 2 288 504 25.1 36.84 20 2 0.25 23.7750494128347 2
mountain 400 760 20 15 3 2 0 0.5 0.7 2 5 0 294 513 22.43 18.05 20 2 0.25 22.4124257406169 3
mountain 400 760 20 15 3 2 0 0.5 0.7 2 3 2 295 516 23.86 37.34 20 2 0.25 24.0879210509132 2
mountain 400 760 20 15 3 2 0 0.5 0.7 3 7 2 303 529 26.1 39.1 20 2 0.25 23.507875000951 2
mountain 400 760 20 15 3 2 0 0.5 0.7 1 1 0 304 532 23.25 40.6 20 2 0.25 22.8719474661613 2
mountain 400 760 20 15 3 2 0 0.5 0.7 2 3 3 304 532 25.23 33.58 20 2 0.25 23.9036909006935 2
mountain 400 760 20 15 3 2 0 0.5 0.7 2 3 3 305 539 30.24 33.08 20 2 0.25 22.5837879136835 2
mountain 400 760 20 15 3 2 0 0.5 0.7 2 2 1 306 541 24.51 57.39 20 2 0.25 24.1145472508252 2
mountain 400 760 20 15 3 2 0 0.5 0.7 2 4 2 307 544 25.4 40.85 20 2 0.25 23.9771255581102 2
mountain 400 760 20 15 3 2 0 0.5 0.7 2 12 4 309 550 44.4 51.38 20 2 0.25 23.7907178589833 2
mountain 400 760 20 15 3 2 0 0.5 0.7 2 5 3 309 550 34.35 31.33 20 2 0.25 23.9888632353172 2
