mountain 20 0.25 22.4287363541689 7 10
mountain 20 0.25 21.7395077165581 8 10
mountain 20 0.25 22.5573668117608 8 10
mountain 20 0.25 20 7 10
mountain 20 0.25 20.8838858715704 6 10
mountain 20 0.25 20.2244885010804 8 10
mountain 20 0.25 21.6188387473874 7 10
mountain 20 0.25 20.583415788135 4 10
mountain 20 0.25 20.1418701947442 6 10
mountain 20 0.25 22.3061110877961 8 10
mountain 20 0.25 20 6 10
mountain 20 0.25 21.4911451025542 4 10
mountain 20 0.25 20.1073849121741 6 10
mountain 20 0.25 20.2745914821392 7 10
mountain 20 0.25 20.8871287416645 6 10
mountain 20 0.25 20 5 10
mountain 20 0.25 20 7 10
mountain 20 0.25 21.8172187855079 6 10
mountain 20 0.25 20.0565963454156 5 10
mountain 20 0.25 20 5 10
mountain 20 0.25 22.4194841535804 10 10
mountain 20 0.25 20.1418701947442 5 10
mountain 20 0.25 20 4 10
mountain 20 0.25 21.6188387473874 10 10
mountain 20 0.25 22.0584248033829 7 10
mountain 20 0.25 20 5 10
mountain 20 0.25 20.1418701947442 5 10
mountain 20 0.25 21.4871846153185 5 10
mountain 20 0.25 20 6 10
mountain 20 0.25 20.3190212793407 6 10
mountain 20 0.25 20 7 10
mountain 20 0.25 22.6952369621876 8 10
mountain 20 0.25 22.3406944239701 6 10
mountain 20 0.25 21.7395077165581 5 10
mountain 20 0.25 20.1418701947442 5 10
mountain 20 0.25 21.4201393089636 5 10
mountain 20 0.25 20.3136336276549 6 10
mountain 20 0.25 22.5573668117608 7 10
mountain 20 0.25 21.7300590700281 6 10
mountain 20 0.25 20.8440464639064 6 10
mountain 20 0.25 20 7 10
mountain 20 0.25 20.3136336276549 5 10
mountain 20 0.25 20 7 10
mountain 20 0.25 20.3357088237211 4 10
mountain 20 0.25 22.3406944239701 5 10
mountain 20 0.25 20.4030180731397 4 10
mountain 20 0.25 20 5 10
mountain 20 0.25 20 5 10
mountain 20 0.25 20.0565963454156 7 10
mountain 20 0.25 21.0575967777037 5 10
mountain 20 0.25 20 6 10
mountain 20 0.25 20 4 10
mountain 20 0.25 22.3406944239701 8 10
mountain 20 0.25 20.3190212793407 6 10
mountain 20 0.25 20 6 10
mountain 20 0.25 21.7282804277036 5 10
mountain 20 0.25 20 6 10
mountain 20 0.25 20.1418701947442 10 10
mountain 20 0.25 21.9758680156159 8 10
mountain 20 0.25 21.3511202578968 6 10
mountain 20 0.25 20.583415788135 4 10
mountain 20 0.25 20 4 10
mountain 20 0.25 20.1418701947442 3 10
mountain 20 0.25 20.8963624064889 3 10
mountain 20 0.25 20.0666145467022 3 10
mountain 20 0.25 20.8440464639064 5 10
mountain 20 0.25 20.132948157984 5 10
mountain 20 0.25 20 4 10
mountain 20 0.25 20.0064933643568 5 10
mountain 20 0.25 22.3745002309925 4 10
mountain 20 0.25 22.0137458680735 6 10
mountain 20 0.25 20.1418701947442 4 10
mountain 20 0.25 20 4 10
mountain 20 0.25 20.2130683830872 5 10
mountain 20 0.25 21.6253032167867 5 10
mountain 20 0.25 20.1856176387937 5 10
mountain 20 0.25 20.583415788135 7 10
mountain 20 0.25 21.7300590700281 6 10
mountain 20 0.25 20.1418701947442 3 10
mountain 20 0.25 22.4676340650235 4 10
mountain 20 0.25 20 4 10
mountain 20 0.25 20 4 10
mountain 20 0.25 20 4 10
mountain 20 0.25 20 4 10
mountain 20 0.25 20 4 10
mountain 20 0.25 21.6527623719669 6 10
mountain 20 0.25 22.647066981328 5 10
mountain 20 0.25 21.5665228048049 4 10
mountain 20 0.25 20.1919731758029 4 10
mountain 20 0.25 22.4442679554626 4 10
