mountain 20 0.25 20.8049959645039 7 10
mountain 20 0.25 20 6 10
mountain 20 0.25 21.1194965606187 8 10
mountain 20 0.25 20.0004948507778 5 10
mountain 20 0.25 20 8 10
mountain 20 0.25 22.2587187637207 7 10
mountain 20 0.25 23.2112698748266 9 10
mountain 20 0.25 20.8049959645039 11 10
mountain 20 0.25 20.0766326418867 7 10
mountain 20 0.25 20 6 10
mountain 20 0.25 21.2520680555506 6 10
mountain 20 0.25 20.1275699393813 6 10
mountain 20 0.25 20.213675702796 7 10
mountain 20 0.25 20.1260700057776 6 10
mountain 20 0.25 20.1275699393813 7 10
mountain 20 0.25 21.0954823105661 10 10
mountain 20 0.25 20.0766326838042 8 10
mountain 20 0.25 20 5 10
mountain 20 0.25 20 4 10
mountain 20 0.25 20.1973642566177 5 10
mountain 20 0.25 21.8772162466219 8 10
mountain 20 0.25 20.3064635891727 8 10
mountain 20 0.25 20.0766326418867 8 10
mountain 20 0.25 20.0004948507778 8 10
mountain 20 0.25 22.2028050749699 7 10
mountain 20 0.25 22.4233437639226 6 10
mountain 20 0.25 22.2876805075219 6 10
mountain 20 0.25 20.9811609698934 7 10
mountain 20 0.25 20 7 10
mountain 20 0.25 22.9044169837381 7 10
