mountain 20 0.25 20 2 10
mountain 20 0.25 21.0465984730109 1 10
mountain 20 0.25 20.0012334669509 2 10
mountain 20 0.25 21.0817673827007 4 10
mountain 20 0.25 20 2 10
mountain 20 0.25 21.6880761161199 3 10
mountain 20 0.25 20 3 10
mountain 20 0.25 21.2159582196393 3 10
mountain 20 0.25 21.3374446728026 3 10
mountain 20 0.25 20.2263691511898 3 10
mountain 20 0.25 22.081000591434 2 10
mountain 20 0.25 20 2 10
mountain 20 0.25 20.4565469766331 2 10
mountain 20 0.25 20.0012334669509 2 10
mountain 20 0.25 20 2 10
mountain 20 0.25 22.4790898969622 2 10
mountain 20 0.25 20 2 10
mountain 20 0.25 20 2 10
mountain 20 0.25 20 2 10
mountain 20 0.25 20.2316306942159 2 10
mountain 20 0.25 20.0012334669509 3 10
mountain 20 0.25 20 2 10
mountain 20 0.25 20 2 10
mountain 20 0.25 20.6510260411212 3 10
mountain 20 0.25 21.3540201593825 2 10
mountain 20 0.25 20 2 10
mountain 20 0.25 20.0012334669509 3 10
mountain 20 0.25 20.0012334669509 2 10
mountain 20 0.25 20 3 10
mountain 20 0.25 20 4 10
mountain 20 0.25 20 2 10
mountain 20 0.25 21.7998177197751 2 10
mountain 20 0.25 21.5187163694915 2 10
mountain 20 0.25 20.8414534389621 2 10
mountain 20 0.25 20.0012334669509 2 10
mountain 20 0.25 20.0012334669509 2 10
mountain 20 0.25 20 1 10
mountain 20 0.25 20.0012334669509 1 10
mountain 20 0.25 21.0678877218993 1 10
mountain 20 0.25 20 2 10
mountain 20 0.25 20 1 10
mountain 20 0.25 21.2009020008262 3 10
mountain 20 0.25 20 2 10
mountain 20 0.25 20 3 10
mountain 20 0.25 20.635969822308 3 10
mountain 20 0.25 20 3 10
mountain 20 0.25 20.0012334669509 2 10
mountain 20 0.25 20 2 10
mountain 20 0.25 20 2 10
mountain 20 0.25 20.0012334669509 2 10
mountain 20 0.25 20 3 10
mountain 20 0.25 20.4565469766331 2 10
mountain 20 0.25 20.0012334669509 2 10
mountain 20 0.25 20.4565469766331 2 10
mountain 20 0.25 20.9580054607483 3 10
mountain 20 0.25 20 2 10
mountain 20 0.25 21.8160642471268 2 10
mountain 20 0.25 22.2448348040874 1 10
mountain 20 0.25 20.3753855670149 2 10
mountain 20 0.25 20.0012334669509 2 10
mountain 20 0.25 21.5795022245493 1 10
mountain 20 0.25 20.0012334669509 2 10
mountain 20 0.25 20 3 10
mountain 20 0.25 20.3205224494108 2 10
mountain 20 0.25 20 1 10
mountain 20 0.25 20 1 10
mountain 20 0.25 20.7023281706464 2 10
mountain 20 0.25 20 2 10
mountain 20 0.25 21.0678877218993 3 10
mountain 20 0.25 20.4869278375188 2 10
mountain 20 0.25 20.7023281706464 1 10
mountain 20 0.25 20.3957288978182 3 10
mountain 20 0.25 20.4565469766331 2 10
mountain 20 0.25 20.635969822308 3 10
mountain 20 0.25 20 2 10
mountain 20 0.25 20.4565469766331 3 10
mountain 20 0.25 21.2439928701645 2 10
mountain 20 0.25 20.0012334669509 1 10
mountain 20 0.25 20 3 10
mountain 20 0.25 22.1774094874443 2 10
mountain 20 0.25 20.635969822308 1 10
mountain 20 0.25 20.0012334669509 2 10
mountain 20 0.25 20 2 10
mountain 20 0.25 20.0012334669509 2 10
mountain 20 0.25 21.0817673827007 2 10
mountain 20 0.25 20.0012334669509 2 10
mountain 20 0.25 20.0012334669509 2 10
mountain 20 0.25 20.4565469766331 2 10
mountain 20 0.25 21.2009020008262 1 10
mountain 20 0.25 21.2009020008262 1 10
