mountain 20 0.25 21.4624388466012 4 10
mountain 20 0.25 20 2 10
mountain 20 0.25 20.4378532084226 2 10
mountain 20 0.25 20 2 10
mountain 20 0.25 20 3 10
mountain 20 0.25 21.0955087520452 3 10
mountain 20 0.25 22.4458197112176 2 10
mountain 20 0.25 20.1050171722411 4 10
mountain 20 0.25 20.4378532084226 3 10
mountain 20 0.25 21.4421787109043 5 10
mountain 20 0.25 22.5185534093474 3 10
mountain 20 0.25 20.7725441097272 3 10
mountain 20 0.25 20 2 10
mountain 20 0.25 20.2700686743237 3 10
mountain 20 0.25 20.4897133606171 3 10
mountain 20 0.25 20 3 10
mountain 20 0.25 20 3 10
mountain 20 0.25 21.4094455770037 3 10
mountain 20 0.25 20 3 10
mountain 20 0.25 20 3 10
mountain 20 0.25 20.1050171722411 3 10
mountain 20 0.25 22.4458197112176 2 10
mountain 20 0.25 20 2 10
mountain 20 0.25 21.8883038432821 4 10
mountain 20 0.25 20 4 10
mountain 20 0.25 21.4094455770037 3 10
mountain 20 0.25 21.0955087520452 6 10
mountain 20 0.25 20.2605626342111 3 10
mountain 20 0.25 20 4 10
mountain 20 0.25 20 3 10
mountain 20 0.25 22.4074546144896 2 10
mountain 20 0.25 20 2 10
mountain 20 0.25 20 2 10
mountain 20 0.25 20.4897133606171 3 10
mountain 20 0.25 20 3 10
mountain 20 0.25 20 2 10
mountain 20 0.25 20 2 10
mountain 20 0.25 20.5648055273713 2 10
mountain 20 0.25 20 1 10
mountain 20 0.25 20 3 10
mountain 20 0.25 20 2 10
mountain 20 0.25 20 3 10
mountain 20 0.25 22.2276464895315 2 10
mountain 20 0.25 21.4450430365589 2 10
mountain 20 0.25 20 2 10
mountain 20 0.25 20 2 10
mountain 20 0.25 20.7206839575327 2 10
mountain 20 0.25 20.7988146507669 2 10
mountain 20 0.25 20 2 10
mountain 20 0.25 22.5096828269756 2 10
mountain 20 0.25 20.1050171722411 2 10
mountain 20 0.25 21.3837095277794 2 10
mountain 20 0.25 20.8334913005015 3 10
mountain 20 0.25 21.7401043746635 3 10
mountain 20 0.25 20.1050171722411 3 10
mountain 20 0.25 20 3 10
mountain 20 0.25 20.7725441097272 2 10
mountain 20 0.25 21.6891738037536 2 10
mountain 20 0.25 20.3533112517651 2 10
mountain 20 0.25 20 2 10
mountain 20 0.25 21.0955087520452 2 10
mountain 20 0.25 20 2 10
mountain 20 0.25 21.7401043746635 3 10
mountain 20 0.25 20.1050171722411 4 10
mountain 20 0.25 20.2022291390859 2 10
mountain 20 0.25 21.1799662807048 2 10
mountain 20 0.25 20.3074355327643 2 10
mountain 20 0.25 20.0821647635845 4 10
mountain 20 0.25 20.5338307371009 3 10
mountain 20 0.25 20 2 10
mountain 20 0.25 20 2 10
mountain 20 0.25 20 3 10
mountain 20 0.25 21.4094455770037 2 10
mountain 20 0.25 20 3 10
mountain 20 0.25 20 2 10
mountain 20 0.25 20.688107223482 2 10
mountain 20 0.25 20 4 10
mountain 20 0.25 20.7206839575327 2 10
mountain 20 0.25 20.3074355327643 2 10
mountain 20 0.25 20 2 10
mountain 20 0.25 20 3 10
mountain 20 0.25 20 4 10
mountain 20 0.25 20.1050171722411 3 10
mountain 20 0.25 21.3272975490198 3 10
mountain 20 0.25 20.3533112976363 3 10
mountain 20 0.25 20 2 10
mountain 20 0.25 21.5949417092225 2 10
mountain 20 0.25 21.6206267635845 4 10
mountain 20 0.25 20.1050171722411 2 10
mountain 20 0.25 20 2 10
