mountain 20 0.25 20 5 10
mountain 20 0.25 21.2044597656926 4 10
mountain 20 0.25 20.437832615906 4 10
mountain 20 0.25 20.214446623249 5 10
mountain 20 0.25 22.3713411338498 4 10
mountain 20 0.25 20.3443255901925 4 10
mountain 20 0.25 20.2069061918171 6 10
mountain 20 0.25 20.214446623249 5 10
mountain 20 0.25 20 7 10
mountain 20 0.25 20.2091236983766 5 10
mountain 20 0.25 21.4833251790291 4 10
mountain 20 0.25 22.3030459220381 5 10
mountain 20 0.25 20 5 10
mountain 20 0.25 20.244304561132 4 10
mountain 20 0.25 20.0002353281243 4 10
mountain 20 0.25 20 4 10
mountain 20 0.25 20 5 10
mountain 20 0.25 20.2069061918171 6 10
mountain 20 0.25 20 8 10
mountain 20 0.25 20.394776606619 5 10
mountain 20 0.25 20.0002353281243 5 10
mountain 20 0.25 22.054614542736 6 10
mountain 20 0.25 21.0975056154635 5 10
mountain 20 0.25 20.214446623249 6 10
mountain 20 0.25 20 6 10
mountain 20 0.25 22.3833649907091 7 10
mountain 20 0.25 20 4 10
mountain 20 0.25 20.1757800360683 8 10
mountain 20 0.25 20.0002353281243 5 10
mountain 20 0.25 21.3437143362329 5 10
mountain 20 0.25 20 5 10
mountain 20 0.25 20 3 10
mountain 20 0.25 21.3321676830631 4 10
mountain 20 0.25 20 5 10
mountain 20 0.25 22.3833649907091 5 10
mountain 20 0.25 21.7057885426895 5 10
mountain 20 0.25 22.2181634917779 6 10
mountain 20 0.25 20 3 10
mountain 20 0.25 20 6 10
mountain 20 0.25 20.214446623249 6 10
mountain 20 0.25 21.391185581138 5 10
mountain 20 0.25 20.9257959864281 6 10
mountain 20 0.25 21.4110745163355 5 10
mountain 20 0.25 21.2181092844365 5 10
mountain 20 0.25 21.3469387908156 4 10
mountain 20 0.25 20.2069061918171 4 10
mountain 20 0.25 22.5019367772256 5 10
mountain 20 0.25 20.2670314845561 4 10
mountain 20 0.25 20.1757800360683 5 10
mountain 20 0.25 20.0002353281243 5 10
mountain 20 0.25 20.0361050604671 3 10
mountain 20 0.25 21.5965135386756 4 10
mountain 20 0.25 21.0433274259734 5 10
mountain 20 0.25 22.153266812124 11 10
mountain 20 0.25 21.2577895033816 6 10
mountain 20 0.25 20.0002353281243 7 10
mountain 20 0.25 20 4 10
mountain 20 0.25 21.2181092844365 6 10
mountain 20 0.25 20 3 10
mountain 20 0.25 20.437832615906 5 10
mountain 20 0.25 22.547997910503 19 10
mountain 20 0.25 20.3442048434183 31 10
mountain 20 0.25 21.4111383690048 6 10
mountain 20 0.25 21.078752328375 5 10
mountain 20 0.25 20.0964724866683 5 10
mountain 20 0.25 20.4567187228527 4 10
mountain 20 0.25 20 6 10
mountain 20 0.25 20.1342361224898 5 10
mountain 20 0.25 20 4 10
mountain 20 0.25 20 6 10
mountain 20 0.25 20.0002353281243 7 10
mountain 20 0.25 22.3126747129818 4 10
mountain 20 0.25 22.4350765921242 5 10
mountain 20 0.25 22.0151332160919 4 10
mountain 20 0.25 22.0976365645005 5 10
mountain 20 0.25 20 4 10
mountain 20 0.25 20.2069061919179 4 10
mountain 20 0.25 20.214446623249 5 10
mountain 20 0.25 21.7378141135974 3 10
mountain 20 0.25 20 4 10
mountain 20 0.25 20.0002353281243 5 10
mountain 20 0.25 20.2965044518155 4 10
mountain 20 0.25 20 3 10
mountain 20 0.25 20.214446623249 4 10
mountain 20 0.25 20.0002353281243 5 10
mountain 20 0.25 21.4110745163355 4 10
mountain 20 0.25 20.0002353281243 5 10
mountain 20 0.25 21.0433274259734 3 10
mountain 20 0.25 20.0002353281243 5 10
mountain 20 0.25 20.214446623249 4 10
