mountain 20 0.25 20 12 10
mountain 20 0.25 20.0433189448253 1 10
mountain 20 0.25 20.541554321216 1 10
mountain 20 0.25 20 1 10
mountain 20 0.25 20 2 10
mountain 20 0.25 20 1 10
mountain 20 0.25 20 1 10
mountain 20 0.25 21.3161507894147 1 10
mountain 20 0.25 21.6440440131606 1 10
mountain 20 0.25 20.0433189448253 1 10
mountain 20 0.25 20 1 10
mountain 20 0.25 20.9305005778848 1 10
mountain 20 0.25 21.0687604636317 1 10
mountain 20 0.25 20 2 10
mountain 20 0.25 20 1 10
mountain 20 0.25 20 1 10
mountain 20 0.25 20 1 10
mountain 20 0.25 20 2 10
mountain 20 0.25 20.0433189448253 1 10
mountain 20 0.25 20 1 10
mountain 20 0.25 21.2220443510215 1 10
mountain 20 0.25 20.9273588007061 2 10
mountain 20 0.25 21.4627966273284 2 10
mountain 20 0.25 20.0433189448253 1 10
mountain 20 0.25 20 1 10
mountain 20 0.25 21.2376702220345 1 10
mountain 20 0.25 20 2 10
mountain 20 0.25 21.6010565130753 1 10
mountain 20 0.25 20 1 10
mountain 20 0.25 20 1 10
mountain 20 0.25 20.0433189448253 14 10
mountain 20 0.25 20 1 10
mountain 20 0.25 20 1 10
mountain 20 0.25 20.0332787430209 1 10
mountain 20 0.25 20 1 10
mountain 20 0.25 20 1 10
mountain 20 0.25 20 1 10
mountain 20 0.25 21.0687604636317 1 10
mountain 20 0.25 20 2 10
mountain 20 0.25 20.0433189448253 1 10
mountain 20 0.25 20 1 10
mountain 20 0.25 20 1 10
mountain 20 0.25 21.0687604636317 1 10
mountain 20 0.25 20.0433189448253 1 10
mountain 20 0.25 21.0687604636317 1 10
mountain 20 0.25 20 1 10
mountain 20 0.25 21.0687604636317 1 10
mountain 20 0.25 20 1 10
mountain 20 0.25 20.0433189448253 1 10
mountain 20 0.25 20 1 10
mountain 20 0.25 20.9305005778848 1 10
mountain 20 0.25 20 1 10
mountain 20 0.25 21.487193627819 1 10
mountain 20 0.25 21.3161507894147 1 10
mountain 20 0.25 22.221164638165 1 10
mountain 20 0.25 20.7403836070538 1 10
mountain 20 0.25 20 1 10
mountain 20 0.25 20 1 10
mountain 20 0.25 20 1 10
mountain 20 0.25 20 1 10
mountain 20 0.25 20.0433189448253 15 10
mountain 20 0.25 21.3161507894147 1 10
mountain 20 0.25 20 1 10
mountain 20 0.25 20 1 10
mountain 20 0.25 21.0687604636317 1 10
mountain 20 0.25 21.0687604636317 1 10
mountain 20 0.25 20.0433189448253 1 10
mountain 20 0.25 20 2 10
mountain 20 0.25 20 1 10
mountain 20 0.25 20.0433189448253 1 10
mountain 20 0.25 21.0687604636317 1 10
mountain 20 0.25 20 1 10
mountain 20 0.25 20 1 10
mountain 20 0.25 20.0433189448253 1 10
mountain 20 0.25 20 1 10
mountain 20 0.25 20 1 10
mountain 20 0.25 20 2 10
mountain 20 0.25 20.5756149942689 1 10
mountain 20 0.25 20 2 10
mountain 20 0.25 20 1 10
mountain 20 0.25 20.0332787430209 1 10
mountain 20 0.25 20.0433189448253 2 10
mountain 20 0.25 20.9305005778848 2 10
mountain 20 0.25 20 2 10
mountain 20 0.25 21.5879852751025 2 10
mountain 20 0.25 20.3835576309294 1 10
mountain 20 0.25 21.5669958400223 1 10
mountain 20 0.25 20 1 10
mountain 20 0.25 21.3161507894147 1 10
mountain 20 0.25 20 2 10
