mountain 20 0.25 20.7904874494387 5 10
mountain 20 0.25 21.1893746998575 7 10
mountain 20 0.25 20.9427629730555 5 10
mountain 20 0.25 20.610727884058 4 10
mountain 20 0.25 21.1683687528277 4 10
mountain 20 0.25 20 5 10
mountain 20 0.25 21.6150500754724 4 10
mountain 20 0.25 22.021757072544 4 10
mountain 20 0.25 21.0225988513345 7 10
mountain 20 0.25 21.1781815314728 6 10
mountain 20 0.25 20 6 10
mountain 20 0.25 21.2415540945188 7 10
mountain 20 0.25 20.7425903968475 6 10
mountain 20 0.25 21.7009709740809 6 10
mountain 20 0.25 20 6 10
mountain 20 0.25 22.5252215425566 8 10
mountain 20 0.25 20.1043788397852 7 10
mountain 20 0.25 21.8086032602786 8 10
mountain 20 0.25 20.1043788397852 4 10
mountain 20 0.25 20 5 10
mountain 20 0.25 22.4199271316086 5 10
mountain 20 0.25 20.4461649820157 5 10
mountain 20 0.25 20 6 10
mountain 20 0.25 21.0694912847981 6 10
mountain 20 0.25 20.1973785528616 5 10
mountain 20 0.25 20.2965135656007 5 10
mountain 20 0.25 20.1043788397852 6 10
mountain 20 0.25 20 4 10
mountain 20 0.25 20.0893158817669 8 10
mountain 20 0.25 20.6316099073465 6 10
mountain 20 0.25 22.3415129779657 7 10
mountain 20 0.25 20.0088912415638 6 10
mountain 20 0.25 20.7904874494387 6 10
mountain 20 0.25 21.778877440211 6 10
mountain 20 0.25 22.8365627078841 5 10
mountain 20 0.25 20.2965135656007 8 10
mountain 20 0.25 20 6 10
mountain 20 0.25 20 6 10
mountain 20 0.25 21.1893746998575 5 10
mountain 20 0.25 20.2190177736268 5 10
mountain 20 0.25 20.1942753747641 5 10
mountain 20 0.25 20 6 10
mountain 20 0.25 22.13588501821 5 10
mountain 20 0.25 20 5 10
mountain 20 0.25 21.8868259645271 5 10
mountain 20 0.25 20 4 10
mountain 20 0.25 20 4 10
mountain 20 0.25 20.2802103184846 4 10
mountain 20 0.25 22.5237613608387 7 10
mountain 20 0.25 20.1891268776764 7 10
mountain 20 0.25 21.8086191386654 6 10
mountain 20 0.25 20.287872760867 6 10
mountain 20 0.25 22.2066541151297 3 10
mountain 20 0.25 21.778877440211 6 10
mountain 20 0.25 20 6 10
mountain 20 0.25 22.4398352123287 5 10
mountain 20 0.25 22.3832704699366 4 10
mountain 20 0.25 22.13588501821 4 10
mountain 20 0.25 21.4646351921893 4 10
mountain 20 0.25 20.116355717606 7 10
mountain 20 0.25 20.929651906937 7 10
mountain 20 0.25 20.5687623789341 4 10
mountain 20 0.25 20.8257420926712 5 10
mountain 20 0.25 20.0216060988268 6 10
mountain 20 0.25 20.7311826990482 4 10
mountain 20 0.25 22.7524529270839 5 10
mountain 20 0.25 20.7904874494387 8 10
mountain 20 0.25 20.1804203301823 6 10
mountain 20 0.25 20 4 10
mountain 20 0.25 22.9648398205805 6 10
