mountain 20 0.25 20.1923403213688 3 10
mountain 20 0.25 20.554717618793 4 10
mountain 20 0.25 20.0128764798888 5 10
mountain 20 0.25 20.2965696078843 3 10
mountain 20 0.25 22.1125459261983 3 10
mountain 20 0.25 20 4 10
mountain 20 0.25 22.1125459261983 4 10
mountain 20 0.25 20.3227671983922 3 10
mountain 20 0.25 20.5507175197236 3 10
mountain 20 0.25 20.5893152509426 5 10
mountain 20 0.25 20.0128764798888 4 10
mountain 20 0.25 20.0128764798888 4 10
mountain 20 0.25 20 4 10
mountain 20 0.25 20.791237061903 8 10
mountain 20 0.25 20 3 10
mountain 20 0.25 20.0930174763824 4 10
mountain 20 0.25 20.442121268925 3 10
mountain 20 0.25 22.4756102632313 3 10
mountain 20 0.25 21.8895649596644 5 10
mountain 20 0.25 20.5273787275281 3 10
mountain 20 0.25 21.9817032755731 4 10
mountain 20 0.25 20 4 10
mountain 20 0.25 20 3 10
mountain 20 0.25 21.7945975894009 6 10
mountain 20 0.25 22.3663550889994 5 10
mountain 20 0.25 20.3483602389439 3 10
mountain 20 0.25 20.0128764798888 4 10
mountain 20 0.25 20 3 10
mountain 20 0.25 20 4 10
mountain 20 0.25 20.791237061903 3 10
mountain 20 0.25 20.9452295909665 3 10
mountain 20 0.25 20.5960103489463 2 10
mountain 20 0.25 22.1212528359663 3 10
mountain 20 0.25 21.907783870397 2 10
mountain 20 0.25 20 3 10
mountain 20 0.25 21.0466455080072 2 10
mountain 20 0.25 20.296569613413 2 10
mountain 20 0.25 20 2 10
mountain 20 0.25 20.8934713045705 3 10
mountain 20 0.25 21.8914538736252 2 10
mountain 20 0.25 20 3 10
mountain 20 0.25 20.8430276874339 4 10
mountain 20 0.25 20.533793369364 4 10
mountain 20 0.25 20.124935864185 1 10
mountain 20 0.25 20 3 10
mountain 20 0.25 21.8119742119002 3 10
mountain 20 0.25 22.3041568342023 2 10
mountain 20 0.25 22.0026891356062 3 10
mountain 20 0.25 20 2 10
mountain 20 0.25 20.5216009306499 4 10
mountain 20 0.25 20.3312768407107 3 10
mountain 20 0.25 22.0061417213414 3 10
mountain 20 0.25 20.0128764798888 3 10
mountain 20 0.25 20.676834586764 3 10
mountain 20 0.25 20 3 10
mountain 20 0.25 20 3 10
mountain 20 0.25 21.01626837914 3 10
mountain 20 0.25 20 4 10
mountain 20 0.25 20.3483602389439 2 10
mountain 20 0.25 20 3 10
mountain 20 0.25 22.0061417213414 4 10
mountain 20 0.25 21.7260589594211 3 10
mountain 20 0.25 20.5164924877466 3 10
mountain 20 0.25 20.4681147842465 5 10
mountain 20 0.25 20.6118503325979 4 10
mountain 20 0.25 20 4 10
mountain 20 0.25 20.8430276874339 4 10
mountain 20 0.25 20 5 10
mountain 20 0.25 20 4 10
mountain 20 0.25 20.0128764798888 3 10
mountain 20 0.25 20 5 10
mountain 20 0.25 22.1125459261983 4 10
mountain 20 0.25 20.7912370563743 4 10
mountain 20 0.25 20 5 10
mountain 20 0.25 21.8584361244478 4 10
mountain 20 0.25 20 4 10
mountain 20 0.25 20 6 10
mountain 20 0.25 21.8154267976355 5 10
mountain 20 0.25 20 3 10
mountain 20 0.25 20.0128764798888 5 10
mountain 20 0.25 20.302984255249 3 10
mountain 20 0.25 20.554717618793 4 10
mountain 20 0.25 22.5460433685407 4 10
mountain 20 0.25 20 4 10
mountain 20 0.25 20.4455738546602 4 10
mountain 20 0.25 20.2202976325239 3 10
mountain 20 0.25 20.0128764798888 8 10
mountain 20 0.25 20.0128764798888 15 10
mountain 20 0.25 20 4 10
mountain 20 0.25 20.3483602389439 3 10
