mountain 144 264 20 15 3 2 0 0.5 0.7 2 1 2 39 41 24.52 89.51 20 0.25 21.5795022245493 1 10
mountain 144 264 20 15 3 2 0 0.5 0.7 2 1 1 81 95 24.49 50.35 20 0.25 20.0012334669509 2 10
mountain 144 264 20 15 3 2 0 0.5 0.7 1 1 0 90 109 26.92 44.06 20 0.25 20 3 10
mountain 144 264 20 15 3 2 0 0.5 0.7 1 0 0 101 123 21.78 67.83 20 0.25 20.3205224494108 2 10
mountain 144 264 20 15 3 2 0 0.5 0.7 1 0 0 112 135 20 50.35 20 0.25 20 1 10
mountain 144 264 20 15 3 2 0 0.5 0.7 2 1 1 116 148 24.54 89.51 20 0.25 20 1 10
mountain 144 264 20 15 3 2 0 0.5 0.7 1 0 0 120 158 20.99 91.61 20 0.25 20.7023281706464 2 10
mountain 144 264 20 15 3 2 0 0.5 0.7 2 3 0 122 165 34.94 86.71 20 0.25 20 2 10
mountain 144 264 20 15 3 2 0 0.5 0.7 1 0 0 125 177 21.07 86.01 20 0.25 21.0678877218993 3 10
mountain 144 264 20 15 3 2 0 0.5 0.7 2 1 1 132 194 29.35 53.15 20 0.25 20.4869278375188 2 10
mountain 144 264 20 15 3 2 0 0.5 0.7 1 0 0 134 203 22.29 79.72 20 0.25 20.7023281706464 1 10
mountain 144 264 20 15 3 2 0 0.5 0.7 1 0 0 134 205 20.4 58.04 20 0.25 20.3957288978182 3 10
mountain 144 264 20 15 3 2 0 0.5 0.7 1 1 0 134 207 22.27 74.83 20 0.25 20.4565469766331 2 10
mountain 144 264 20 15 3 2 0 0.5 0.7 1 0 0 134 208 21.34 79.72 20 0.25 20.635969822308 3 10
mountain 144 264 20 15 3 2 0 0.5 0.7 2 1 0 135 214 24.97 68.53 20 0.25 20 2 10
mountain 144 264 20 15 3 2 0 0.5 0.7 1 0 0 135 215 21.2 84.62 20 0.25 20.4565469766331 3 10
mountain 144 264 20 15 3 2 0 0.5 0.7 1 1 0 135 217 22.52 71.33 20 0.25 21.2439928701645 2 10
mountain 144 264 20 15 3 2 0 0.5 0.7 2 1 1 135 219 20.84 46.15 20 0.25 20.0012334669509 1 10
mountain 144 264 20 15 3 2 0 0.5 0.7 2 1 2 135 221 23.85 89.51 20 0.25 20 3 10
mountain 144 264 20 15 3 2 0 0.5 0.7 1 0 0 135 221 21.89 61.54 20 0.25 22.1774094874443 2 10
mountain 144 264 20 15 3 2 0 0.5 0.7 2 1 0 135 225 22.59 57.34 20 0.25 20.635969822308 1 10
mountain 144 264 20 15 3 2 0 0.5 0.7 1 0 0 135 225 21.08 60.14 20 0.25 20.0012334669509 2 10
mountain 144 264 20 15 3 2 0 0.5 0.7 1 1 0 135 229 23.83 92.31 20 0.25 20 2 10
mountain 144 264 20 15 3 2 0 0.5 0.7 1 0 0 135 229 20 90.21 20 0.25 20.0012334669509 2 10
mountain 144 264 20 15 3 2 0 0.5 0.7 1 1 0 135 232 21.08 69.93 20 0.25 21.0817673827007 2 10
mountain 144 264 20 15 3 2 0 0.5 0.7 1 0 0 135 232 20 68.53 20 0.25 20.0012334669509 2 10
mountain 144 264 20 15 3 2 0 0.5 0.7 1 1 0 135 232 20 91.61 20 0.25 20.0012334669509 2 10
mountain 144 264 20 15 3 2 0 0.5 0.7 1 0 0 135 232 23.71 86.01 20 0.25 20.4565469766331 2 10
mountain 144 264 20 15 3 2 0 0.5 0.7 1 0 0 135 232 21.89 85.31 20 0.25 21.2009020008262 1 10
mountain 144 264 20 15 3 2 0 0.5 0.7 1 0 0 135 233 22.58 72.03 20 0.25 21.2009020008262 1 10
