mountain 100 180 20 15 3 2 0 0.5 0.7 2 6 1 18 19 21.6 86.87 20 0.25 20.0433189448253 15 10
mountain 100 180 20 15 3 2 0 0.5 0.7 2 1 0 42 47 25.09 89.9 20 0.25 21.3161507894147 1 10
mountain 100 180 20 15 3 2 0 0.5 0.7 2 1 0 58 67 27.44 92.93 20 0.25 20 1 10
mountain 100 180 20 15 3 2 0 0.5 0.7 1 1 0 64 77 20.58 80.81 20 0.25 20 1 10
mountain 100 180 20 15 3 2 0 0.5 0.7 2 1 0 75 93 24.83 53.54 20 0.25 21.0687604636317 1 10
mountain 100 180 20 15 3 2 0 0.5 0.7 1 0 0 75 93 21.6 43.43 20 0.25 21.0687604636317 1 10
mountain 100 180 20 15 3 2 0 0.5 0.7 1 0 0 85 113 23.29 56.57 20 0.25 20.0433189448253 1 10
mountain 100 180 20 15 3 2 0 0.5 0.7 1 0 0 86 117 22.24 85.86 20 0.25 20 2 10
mountain 100 180 20 15 3 2 0 0.5 0.7 2 1 0 88 122 23.63 77.78 20 0.25 20 1 10
mountain 100 180 20 15 3 2 0 0.5 0.7 2 1 0 92 134 24.44 77.78 20 0.25 20.0433189448253 1 10
mountain 100 180 20 15 3 2 0 0.5 0.7 2 0 0 93 139 23.61 94.95 20 0.25 21.0687604636317 1 10
mountain 100 180 20 15 3 2 0 0.5 0.7 2 1 0 96 144 27.87 67.68 20 0.25 20 1 10
mountain 100 180 20 15 3 2 0 0.5 0.7 1 0 0 96 144 21.22 90.91 20 0.25 20 1 10
mountain 100 180 20 15 3 2 0 0.5 0.7 2 1 0 96 145 20.74 63.64 20 0.25 20.0433189448253 1 10
mountain 100 180 20 15 3 2 0 0.5 0.7 2 1 1 97 152 29.2 56.57 20 0.25 20 1 10
mountain 100 180 20 15 3 2 0 0.5 0.7 1 0 0 97 152 20 85.86 20 0.25 20 1 10
mountain 100 180 20 15 3 2 0 0.5 0.7 2 1 0 97 152 23.23 74.75 20 0.25 20 2 10
mountain 100 180 20 15 3 2 0 0.5 0.7 1 0 0 97 152 22.96 80.81 20 0.25 20.5756149942689 1 10
mountain 100 180 20 15 3 2 0 0.5 0.7 1 0 0 97 152 21.63 58.59 20 0.25 20 2 10
mountain 100 180 20 15 3 2 0 0.5 0.7 2 0 1 97 158 22.31 92.93 20 0.25 20 1 10
mountain 100 180 20 15 3 2 0 0.5 0.7 2 1 0 97 158 22.62 93.94 20 0.25 20.0332787430209 1 10
mountain 100 180 20 15 3 2 0 0.5 0.7 2 1 0 97 158 21.6 88.89 20 0.25 20.0433189448253 2 10
mountain 100 180 20 15 3 2 0 0.5 0.7 1 0 0 97 158 20.93 88.89 20 0.25 20.9305005778848 2 10
mountain 100 180 20 15 3 2 0 0.5 0.7 1 0 0 97 159 22.06 80.81 20 0.25 20 2 10
mountain 100 180 20 15 3 2 0 0.5 0.7 2 1 0 97 160 23.37 93.94 20 0.25 21.5879852751025 2 10
mountain 100 180 20 15 3 2 0 0.5 0.7 1 0 0 97 162 20.03 88.89 20 0.25 20.3835576309294 1 10
mountain 100 180 20 15 3 2 0 0.5 0.7 1 0 0 97 162 21.63 90.91 20 0.25 21.5669958400223 1 10
mountain 100 180 20 15 3 2 0 0.5 0.7 2 0 1 97 162 22.34 91.92 20 0.25 20 1 10
mountain 100 180 20 15 3 2 0 0.5 0.7 2 1 1 97 162 21.73 75.76 20 0.25 21.3161507894147 1 10
mountain 100 180 20 15 3 2 0 0.5 0.7 2 1 0 97 162 23.04 84.85 20 0.25 20 2 10
