mountain 196 364 20 15 3 2 0 0.5 0.7 2 3 3 43 47 23.29 80.51 20 0.25 21.0955087520452 2 10
mountain 196 364 20 15 3 2 0 0.5 0.7 2 3 2 61 71 23.51 60 20 0.25 20 2 10
mountain 196 364 20 15 3 2 0 0.5 0.7 2 3 1 84 101 27.45 63.08 20 0.25 21.7401043746635 3 10
mountain 196 364 20 15 3 2 0 0.5 0.7 2 3 1 105 137 26.44 86.67 20 0.25 20.1050171722411 4 10
mountain 196 364 20 15 3 2 0 0.5 0.7 2 1 0 105 143 22.97 81.03 20 0.25 20.2022291390859 2 10
mountain 196 364 20 15 3 2 0 0.5 0.7 2 2 1 120 163 22.53 64.1 20 0.25 21.1799662807048 2 10
mountain 196 364 20 15 3 2 0 0.5 0.7 1 0 0 124 169 22.51 72.31 20 0.25 20.3074355327643 2 10
mountain 196 364 20 15 3 2 0 0.5 0.7 1 1 0 148 198 20.08 62.56 20 0.25 20.0821647635845 4 10
mountain 196 364 20 15 3 2 0 0.5 0.7 1 1 0 155 213 21.74 86.15 20 0.25 20.5338307371009 3 10
mountain 196 364 20 15 3 2 0 0.5 0.7 2 1 2 166 234 21.74 85.13 20 0.25 20 2 10
mountain 196 364 20 15 3 2 0 0.5 0.7 2 1 2 166 235 23.65 47.18 20 0.25 20 2 10
mountain 196 364 20 15 3 2 0 0.5 0.7 1 1 0 170 244 21.77 92.82 20 0.25 20 3 10
mountain 196 364 20 15 3 2 0 0.5 0.7 1 1 0 170 246 21.41 87.69 20 0.25 21.4094455770037 2 10
mountain 196 364 20 15 3 2 0 0.5 0.7 2 2 0 173 256 24.83 72.31 20 0.25 20 3 10
mountain 196 364 20 15 3 2 0 0.5 0.7 2 1 0 175 259 24.25 73.33 20 0.25 20 2 10
mountain 196 364 20 15 3 2 0 0.5 0.7 2 1 0 177 267 22.64 51.79 20 0.25 20.688107223482 2 10
mountain 196 364 20 15 3 2 0 0.5 0.7 2 3 1 178 276 22.03 67.18 20 0.25 20 4 10
mountain 196 364 20 15 3 2 0 0.5 0.7 1 0 0 181 287 20.44 83.08 20 0.25 20.7206839575327 2 10
mountain 196 364 20 15 3 2 0 0.5 0.7 2 1 1 182 291 20.31 83.08 20 0.25 20.3074355327643 2 10
mountain 196 364 20 15 3 2 0 0.5 0.7 1 0 0 187 303 25.02 85.64 20 0.25 20 2 10
mountain 196 364 20 15 3 2 0 0.5 0.7 1 1 0 189 306 20 40.51 20 0.25 20 3 10
mountain 196 364 20 15 3 2 0 0.5 0.7 2 4 0 189 308 32.19 88.21 20 0.25 20 4 10
mountain 196 364 20 15 3 2 0 0.5 0.7 1 1 0 189 308 21.8 50.26 20 0.25 20.1050171722411 3 10
mountain 196 364 20 15 3 2 0 0.5 0.7 1 2 0 189 309 34.01 43.59 20 0.25 21.3272975490198 3 10
mountain 196 364 20 15 3 2 0 0.5 0.7 1 1 0 189 315 23.61 75.9 20 0.25 20.3533112976363 3 10
mountain 196 364 20 15 3 2 0 0.5 0.7 1 0 0 189 315 24.44 54.36 20 0.25 20 2 10
mountain 196 364 20 15 3 2 0 0.5 0.7 1 1 0 189 315 22.27 80.51 20 0.25 21.5949417092225 2 10
mountain 196 364 20 15 3 2 0 0.5 0.7 1 1 0 189 315 23.34 45.13 20 0.25 21.6206267635845 4 10
mountain 196 364 20 15 3 2 0 0.5 0.7 2 2 2 189 317 28.08 68.21 20 0.25 20.1050171722411 2 10
mountain 196 364 20 15 3 2 0 0.5 0.7 2 3 2 189 319 25.31 85.64 20 0.25 20 2 10
