mountain 256 480 20 15 3 2 0 0.5 0.7 2 4 2 47 50 31.42 74.9 20 0.25 22.0061417213414 4 10
mountain 256 480 20 15 3 2 0 0.5 0.7 2 3 1 71 80 22.72 79.22 20 0.25 21.7260589594211 3 10
mountain 256 480 20 15 3 2 0 0.5 0.7 2 3 1 90 105 24.13 74.51 20 0.25 20.5164924877466 3 10
mountain 256 480 20 15 3 2 0 0.5 0.7 2 3 1 101 123 21.86 52.16 20 0.25 20.4681147842465 5 10
mountain 256 480 20 15 3 2 0 0.5 0.7 2 3 2 132 160 20.3 83.14 20 0.25 20.6118503325979 4 10
mountain 256 480 20 15 3 2 0 0.5 0.7 1 1 0 139 170 24 61.18 20 0.25 20 4 10
mountain 256 480 20 15 3 2 0 0.5 0.7 2 3 0 159 192 22.13 36.08 20 0.25 20.8430276874339 4 10
mountain 256 480 20 15 3 2 0 0.5 0.7 1 1 0 159 197 22.56 86.67 20 0.25 20 5 10
mountain 256 480 20 15 3 2 0 0.5 0.7 1 2 0 168 212 23.26 75.69 20 0.25 20 4 10
mountain 256 480 20 15 3 2 0 0.5 0.7 1 1 0 179 229 22.48 83.53 20 0.25 20.0128764798888 3 10
mountain 256 480 20 15 3 2 0 0.5 0.7 2 3 0 189 246 23.86 83.92 20 0.25 20 5 10
mountain 256 480 20 15 3 2 0 0.5 0.7 2 2 2 201 281 21.86 57.25 20 0.25 22.1125459261983 4 10
mountain 256 480 20 15 3 2 0 0.5 0.7 1 1 0 201 285 25.77 70.59 20 0.25 20.7912370563743 4 10
mountain 256 480 20 15 3 2 0 0.5 0.7 1 2 0 207 300 25.18 54.9 20 0.25 20 5 10
mountain 256 480 20 15 3 2 0 0.5 0.7 2 3 1 217 321 22.55 83.53 20 0.25 21.8584361244478 4 10
mountain 256 480 20 15 3 2 0 0.5 0.7 2 3 1 225 333 21.55 83.53 20 0.25 20 4 10
mountain 256 480 20 15 3 2 0 0.5 0.7 2 3 0 225 335 21.85 48.63 20 0.25 20 6 10
mountain 256 480 20 15 3 2 0 0.5 0.7 1 1 0 225 337 24.14 80.39 20 0.25 21.8154267976355 5 10
mountain 256 480 20 15 3 2 0 0.5 0.7 1 1 0 228 341 20 38.04 20 0.25 20 3 10
mountain 256 480 20 15 3 2 0 0.5 0.7 1 1 0 237 354 20.39 84.71 20 0.25 20.0128764798888 5 10
mountain 256 480 20 15 3 2 0 0.5 0.7 2 3 0 237 360 20.3 79.61 20 0.25 20.302984255249 3 10
mountain 256 480 20 15 3 2 0 0.5 0.7 1 1 0 237 362 22.89 74.9 20 0.25 20.554717618793 4 10
mountain 256 480 20 15 3 2 0 0.5 0.7 2 3 1 241 372 22.9 43.53 20 0.25 22.5460433685407 4 10
mountain 256 480 20 15 3 2 0 0.5 0.7 2 5 0 241 374 27.34 81.96 20 0.25 20 4 10
mountain 256 480 20 15 3 2 0 0.5 0.7 2 3 0 241 382 24.31 69.02 20 0.25 20.4455738546602 4 10
mountain 256 480 20 15 3 2 0 0.5 0.7 2 2 0 241 386 22.54 83.92 20 0.25 20.2202976325239 3 10
mountain 256 480 20 15 3 2 0 0.5 0.7 2 3 2 242 394 22.96 38.82 20 0.25 20.0128764798888 8 10
mountain 256 480 20 15 3 2 0 0.5 0.7 1 1 0 242 394 22.31 53.73 20 0.25 20.0128764798888 15 10
mountain 256 480 20 15 3 2 0 0.5 0.7 2 3 1 242 395 23.02 39.22 20 0.25 20 4 10
mountain 256 480 20 15 3 2 0 0.5 0.7 2 3 1 242 395 23.4 82.35 20 0.25 20.3483602389439 3 10
