mountain 400 760 20 15 3 2 0 0.5 0.7 1 1 0 37 37 22.39 72.93 20 0.25 20.583415788135 4 10
mountain 400 760 20 15 3 2 0 0.5 0.7 2 4 1 103 106 27.61 67.92 20 0.25 20 4 10
mountain 400 760 20 15 3 2 0 0.5 0.7 2 3 2 149 160 23.69 71.68 20 0.25 20.1418701947442 3 10
mountain 400 760 20 15 3 2 0 0.5 0.7 1 1 0 182 199 23.15 41.85 20 0.25 20.8963624064889 3 10
mountain 400 760 20 15 3 2 0 0.5 0.7 1 1 0 190 212 22.64 77.94 20 0.25 20.0666145467022 3 10
mountain 400 760 20 15 3 2 0 0.5 0.7 1 1 0 193 218 20.81 52.88 20 0.25 20.8440464639064 5 10
mountain 400 760 20 15 3 2 0 0.5 0.7 1 2 0 216 252 24.85 53.13 20 0.25 20.132948157984 5 10
mountain 400 760 20 15 3 2 0 0.5 0.7 2 3 3 272 335 25.33 68.67 20 0.25 20 4 10
mountain 400 760 20 15 3 2 0 0.5 0.7 1 2 0 276 342 23.38 60.15 20 0.25 20.0064933643568 5 10
mountain 400 760 20 15 3 2 0 0.5 0.7 1 2 0 300 375 22.21 71.68 20 0.25 22.3745002309925 4 10
mountain 400 760 20 15 3 2 0 0.5 0.7 2 5 0 306 386 22.33 67.67 20 0.25 22.0137458680735 6 10
mountain 400 760 20 15 3 2 0 0.5 0.7 1 1 0 310 392 25.76 35.09 20 0.25 20.1418701947442 4 10
mountain 400 760 20 15 3 2 0 0.5 0.7 1 1 0 323 424 23.29 74.44 20 0.25 20 4 10
mountain 400 760 20 15 3 2 0 0.5 0.7 2 3 1 333 441 23.36 76.94 20 0.25 20.2130683830872 5 10
mountain 400 760 20 15 3 2 0 0.5 0.7 2 6 0 336 455 32.01 74.69 20 0.25 21.6253032167867 5 10
mountain 400 760 20 15 3 2 0 0.5 0.7 2 3 0 340 469 24.18 71.93 20 0.25 20.1856176387937 5 10
mountain 400 760 20 15 3 2 0 0.5 0.7 2 5 2 347 490 22.74 68.42 20 0.25 20.583415788135 7 10
mountain 400 760 20 15 3 2 0 0.5 0.7 2 3 3 362 516 22.18 70.43 20 0.25 21.7300590700281 6 10
mountain 400 760 20 15 3 2 0 0.5 0.7 2 3 1 366 535 26.45 58.9 20 0.25 20.1418701947442 3 10
mountain 400 760 20 15 3 2 0 0.5 0.7 2 3 1 367 546 24.88 29.07 20 0.25 22.4676340650235 4 10
mountain 400 760 20 15 3 2 0 0.5 0.7 1 1 0 369 549 20 79.45 20 0.25 20 4 10
mountain 400 760 20 15 3 2 0 0.5 0.7 2 2 2 378 571 21.39 43.61 20 0.25 20 4 10
mountain 400 760 20 15 3 2 0 0.5 0.7 2 4 0 378 577 25.17 55.89 20 0.25 20 4 10
mountain 400 760 20 15 3 2 0 0.5 0.7 2 2 1 379 584 23.28 55.64 20 0.25 20 4 10
mountain 400 760 20 15 3 2 0 0.5 0.7 1 1 0 379 591 22.68 76.19 20 0.25 20 4 10
mountain 400 760 20 15 3 2 0 0.5 0.7 2 8 1 382 604 33.43 60.65 20 0.25 21.6527623719669 6 10
mountain 400 760 20 15 3 2 0 0.5 0.7 2 3 2 383 613 27.5 77.44 20 0.25 22.647066981328 5 10
mountain 400 760 20 15 3 2 0 0.5 0.7 2 2 4 384 623 24.09 78.7 20 0.25 21.5665228048049 4 10
mountain 400 760 20 15 3 2 0 0.5 0.7 2 3 1 384 625 24.19 33.08 20 0.25 20.1919731758029 4 10
mountain 400 760 20 15 3 2 0 0.5 0.7 2 4 1 385 637 24.17 75.44 20 0.25 22.4442679554626 4 10
