mountain 324 612 20 15 3 2 0 0.5 0.7 2 6 1 54 56 27.57 80.5 20 0.25 22.547997910503 19 10
mountain 324 612 20 15 3 2 0 0.5 0.7 2 9 1 125 138 25.17 77.09 20 0.25 20.3442048434183 31 10
mountain 324 612 20 15 3 2 0 0.5 0.7 1 2 0 133 153 23.05 73.37 20 0.25 21.4111383690048 6 10
mountain 324 612 20 15 3 2 0 0.5 0.7 2 4 0 148 176 25.77 83.28 20 0.25 21.078752328375 5 10
mountain 324 612 20 15 3 2 0 0.5 0.7 1 1 0 154 192 22.42 49.85 20 0.25 20.0964724866683 5 10
mountain 324 612 20 15 3 2 0 0.5 0.7 2 4 1 185 231 20.46 75.54 20 0.25 20.4567187228527 4 10
mountain 324 612 20 15 3 2 0 0.5 0.7 2 6 1 216 279 30.56 67.49 20 0.25 20 6 10
mountain 324 612 20 15 3 2 0 0.5 0.7 2 6 2 235 315 29.98 78.02 20 0.25 20.1342361224898 5 10
mountain 324 612 20 15 3 2 0 0.5 0.7 1 2 0 243 330 23.19 73.99 20 0.25 20 4 10
mountain 324 612 20 15 3 2 0 0.5 0.7 2 4 2 261 367 22.52 76.47 20 0.25 20 6 10
mountain 324 612 20 15 3 2 0 0.5 0.7 1 2 0 268 382 24.43 31.58 20 0.25 20.0002353281243 7 10
mountain 324 612 20 15 3 2 0 0.5 0.7 2 4 3 271 400 26.02 68.42 20 0.25 22.3126747129818 4 10
mountain 324 612 20 15 3 2 0 0.5 0.7 2 4 1 271 412 24.42 72.45 20 0.25 22.4350765921242 5 10
mountain 324 612 20 15 3 2 0 0.5 0.7 2 6 2 276 427 32.84 76.47 20 0.25 22.0151332160919 4 10
mountain 324 612 20 15 3 2 0 0.5 0.7 1 1 0 276 428 22.66 70.9 20 0.25 22.0976365645005 5 10
mountain 324 612 20 15 3 2 0 0.5 0.7 2 6 1 279 436 23.26 45.51 20 0.25 20 4 10
mountain 324 612 20 15 3 2 0 0.5 0.7 2 4 0 280 445 24.85 83.9 20 0.25 20.2069061919179 4 10
mountain 324 612 20 15 3 2 0 0.5 0.7 2 4 2 281 452 23.81 82.04 20 0.25 20.214446623249 5 10
mountain 324 612 20 15 3 2 0 0.5 0.7 1 1 0 282 455 23.36 76.16 20 0.25 21.7378141135974 3 10
mountain 324 612 20 15 3 2 0 0.5 0.7 2 3 0 286 461 23.62 42.72 20 0.25 20 4 10
mountain 324 612 20 15 3 2 0 0.5 0.7 2 3 1 297 480 20.09 55.11 20 0.25 20.0002353281243 5 10
mountain 324 612 20 15 3 2 0 0.5 0.7 2 4 2 298 491 27.2 70.59 20 0.25 20.2965044518155 4 10
mountain 324 612 20 15 3 2 0 0.5 0.7 1 1 0 299 493 21.84 30.65 20 0.25 20 3 10
mountain 324 612 20 15 3 2 0 0.5 0.7 1 1 0 299 498 23.63 82.04 20 0.25 20.214446623249 4 10
mountain 324 612 20 15 3 2 0 0.5 0.7 1 1 0 299 499 25.4 78.64 20 0.25 20.0002353281243 5 10
mountain 324 612 20 15 3 2 0 0.5 0.7 2 3 0 299 502 22.56 72.45 20 0.25 21.4110745163355 4 10
mountain 324 612 20 15 3 2 0 0.5 0.7 1 1 0 299 502 20 81.42 20 0.25 20.0002353281243 5 10
mountain 324 612 20 15 3 2 0 0.5 0.7 2 4 1 303 511 28.36 41.18 20 0.25 21.0433274259734 3 10
mountain 324 612 20 15 3 2 0 0.5 0.7 1 1 0 303 511 22.5 77.09 20 0.25 20.0002353281243 5 10
mountain 324 612 20 15 3 2 0 0.5 0.7 2 4 0 303 511 26.49 60.99 20 0.25 20.214446623249 4 10
