mountain 20 2 0.25 23.2051745271904 8
mountain 20 2 0.25 23.297453754115 0
mountain 20 2 0.25 23.3995522977783 0
mountain 20 2 0.25 23.5686501514961 0
mountain 20 2 0.25 23.5257972979708 0
mountain 20 2 0.25 21.0687604636317 0
mountain 20 2 0.25 23.0229218405691 0
mountain 20 2 0.25 23.6421337588536 0
mountain 20 2 0.25 22.0313644162565 0
mountain 20 2 0.25 23.7099571963753 0
mountain 20 2 0.25 22.2280265043524 0
mountain 20 2 0.25 23.7526275638602 0
mountain 20 2 0.25 22.5069720390568 0
mountain 20 2 0.25 24.0680171945208 0
mountain 20 2 0.25 23.473280786876 0
mountain 20 2 0.25 22.6676274457755 0
mountain 20 2 0.25 22.4155875927082 0
mountain 20 2 0.25 23.1762505039628 0
mountain 20 2 0.25 22.4688228381566 0
mountain 20 2 0.25 23.9072151085631 0
mountain 20 2 0.25 23.210757984411 0
mountain 20 2 0.25 23.7833207611593 0
mountain 20 2 0.25 23.8199267888471 0
mountain 20 2 0.25 23.5769451631834 0
mountain 20 2 0.25 23.6803281319979 0
mountain 20 2 0.25 21.3268816772716 0
mountain 20 2 0.25 22.2783427210115 1
mountain 20 2 0.25 23.9989778013014 0
mountain 20 2 0.25 23.9192443715209 0
mountain 20 2 0.25 23.0671923398547 0
mountain 20 2 0.25 23.1328930402693 0
mountain 20 2 0.25 23.6591355212245 0
mountain 20 2 0.25 23.7948272973591 1
mountain 20 2 0.25 23.3868451569467 1
mountain 20 2 0.25 22.5374199036365 1
mountain 20 2 0.25 23.7081884870579 1
mountain 20 2 0.25 24.006710210098 1
mountain 20 2 0.25 23.4208488474943 1
mountain 20 2 0.25 23.6437980330301 1
mountain 20 2 0.25 23.9496972796618 1
mountain 20 2 0.25 24.024745601628 1
mountain 20 2 0.25 23.8694911750846 1
mountain 20 2 0.25 23.5902724134389 1
mountain 20 2 0.25 23.4292983776311 1
mountain 20 2 0.25 23.7723516923189 0
mountain 20 2 0.25 23.5373038430957 1
mountain 20 2 0.25 22.7256653890354 1
mountain 20 2 0.25 23.8662557202755 1
mountain 20 2 0.25 23.6961382743922 0
mountain 20 2 0.25 23.6919303723977 1
mountain 20 2 0.25 22.5549107110477 1
mountain 20 2 0.25 23.8330202129172 1
mountain 20 2 0.25 22.5587652174129 1
mountain 20 2 0.25 23.4344199993948 1
mountain 20 2 0.25 23.4155668829638 1
mountain 20 2 0.25 23.3756869989735 1
mountain 20 2 0.25 23.5376733089441 1
mountain 20 2 0.25 23.9345834952948 1
mountain 20 2 0.25 23.554903193184 1
mountain 20 2 0.25 23.9397307687848 1
mountain 20 2 0.25 23.6116482790007 1
mountain 20 2 0.25 23.8740773518635 2
mountain 20 2 0.25 24.0841655981855 1
mountain 20 2 0.25 23.879241695706 1
mountain 20 2 0.25 23.091443415853 2
mountain 20 2 0.25 24.1697371789417 1
mountain 20 2 0.25 23.5910094524839 1
mountain 20 2 0.25 23.4629045480266 1
mountain 20 2 0.25 22.6695804772585 1
mountain 20 2 0.25 24.5067096892905 1
mountain 20 2 0.25 22.7778013031633 1
mountain 20 2 0.25 23.4888673584504 1
mountain 20 2 0.25 23.5894805162916 1
mountain 20 2 0.25 24.117532681857 1
mountain 20 2 0.25 22.9947190513213 1
mountain 20 2 0.25 23.3363547281167 1
mountain 20 2 0.25 23.6796592766941 1
mountain 20 2 0.25 23.5983525263879 1
mountain 20 2 0.25 24.3297374506321 1
mountain 20 2 0.25 23.6290805948597 2
mountain 20 2 0.25 24.3939237380004 1
mountain 20 2 0.25 23.3747816455346 2
mountain 20 2 0.25 23.9554548212787 1
mountain 20 2 0.25 23.6974247104373 1
mountain 20 2 0.25 23.7585525857112 1
mountain 20 2 0.25 23.8574239775192 1
mountain 20 2 0.25 24.0005742466269 1
mountain 20 2 0.25 23.632773154093 1
mountain 20 2 0.25 23.9690613985767 1
mountain 20 2 0.25 23.2567438261387 1
mountain 20 2 0.25 23.4271981584961 2
mountain 20 2 0.25 23.7581576119889 2
mountain 20 2 0.25 23.8967316104224 2
mountain 20 2 0.25 23.5693203252305 2
mountain 20 2 0.25 23.7659341206549 2
mountain 20 2 0.25 23.8165465602612 2
mountain 20 2 0.25 23.9701268389722 2
mountain 20 2 0.25 23.7320943478326 2
mountain 20 2 0.25 24.1798733484307 2
mountain 20 2 0.25 22.7781627885737 2
mountain 20 2 0.25 23.0792686721599 2
mountain 20 2 0.25 23.9292707813526 2
mountain 20 2 0.25 23.964115260518 2
mountain 20 2 0.25 23.9364445723433 2
mountain 20 2 0.25 23.5731674319217 2
mountain 20 2 0.25 23.5632781103939 3
mountain 20 2 0.25 23.7323159163377 2
mountain 20 2 0.25 24.0469635276732 2
mountain 20 2 0.25 23.6580917171597 2
mountain 20 2 0.25 23.104341262594 3
mountain 20 2 0.25 23.1829692092326 2
mountain 20 2 0.25 24.3272647464957 1
mountain 20 2 0.25 23.8816411622328 2
mountain 20 2 0.25 24.1212865530553 2
mountain 20 2 0.25 24.2281203426554 2
mountain 20 2 0.25 23.9435383212136 2
mountain 20 2 0.25 23.7795438104473 2
mountain 20 2 0.25 23.4358888443301 3
mountain 20 2 0.25 24.0202081254197 2
mountain 20 2 0.25 23.9297585812737 2
mountain 20 2 0.25 23.1942321630703 2
mountain 20 2 0.25 23.6064016397818 3
mountain 20 2 0.25 23.9097913861176 3
mountain 20 2 0.25 23.9647625843601 3
mountain 20 2 0.25 23.6214612700191 2
mountain 20 2 0.25 24.0464241126169 2
mountain 20 2 0.25 24.118271493035 2
mountain 20 2 0.25 24.1564946568395 4
mountain 20 2 0.25 24.1896545643574 6
mountain 20 2 0.25 23.1898453389829 3
mountain 20 2 0.25 23.9753325361015 4
mountain 20 2 0.25 23.7838590843195 3
mountain 20 2 0.25 23.9976609435173 2
mountain 20 2 0.25 24.1116041490438 2
mountain 20 2 0.25 23.4968515119702 3
mountain 20 2 0.25 23.9808510161089 4
mountain 20 2 0.25 23.9421984937977 2
mountain 20 2 0.25 24.2052086494005 2
mountain 20 2 0.25 24.288531078457 2
mountain 20 2 0.25 24.0944635655911 2
mountain 20 2 0.25 23.8072537586659 3
mountain 20 2 0.25 23.9100834381546 2
mountain 20 2 0.25 24.038502260303 2
mountain 20 2 0.25 24.0287238748973 2
mountain 20 2 0.25 23.860894568719 2
mountain 20 2 0.25 24.2405936601457 2
mountain 20 2 0.25 23.9545030554646 3
mountain 20 2 0.25 23.8880716218006 2
mountain 20 2 0.25 24.463498511915 2
mountain 20 2 0.25 23.8974139033934 3
mountain 20 2 0.25 24.1529588151371 1
mountain 20 2 0.25 23.6067418591158 2
mountain 20 2 0.25 23.1152294124264 3
mountain 20 2 0.25 24.2607899071481 3
mountain 20 2 0.25 24.1378878186885 3
mountain 20 2 0.25 23.224225614375 3
mountain 20 2 0.25 23.9952370195991 4
mountain 20 2 0.25 23.8955602840567 2
mountain 20 2 0.25 23.6998109995456 2
mountain 20 2 0.25 23.8388215693624 2
mountain 20 2 0.25 24.273787710144 2
mountain 20 2 0.25 24.1084242268777 3
mountain 20 2 0.25 24.2205676681773 3
mountain 20 2 0.25 24.1157622756508 3
mountain 20 2 0.25 23.6855649664218 3
mountain 20 2 0.25 24.0194961797427 3
mountain 20 2 0.25 23.7963496379496 4
mountain 20 2 0.25 24.1401262441904 3
mountain 20 2 0.25 23.6315944808928 2
mountain 20 2 0.25 23.7750494128347 2
mountain 20 2 0.25 22.4124257406169 3
mountain 20 2 0.25 24.0879210509132 2
mountain 20 2 0.25 23.507875000951 2
mountain 20 2 0.25 22.8719474661613 2
mountain 20 2 0.25 23.9036909006935 2
mountain 20 2 0.25 22.5837879136835 2
mountain 20 2 0.25 24.1145472508252 2
mountain 20 2 0.25 23.9771255581102 2
mountain 20 2 0.25 23.7907178589833 2
mountain 20 2 0.25 23.9888632353172 2
mountain 20 2 0.25 24.5033275453546 2
mountain 20 2 0.25 23.9520008191656 3
mountain 20 2 0.25 23.9452581350803 3
mountain 20 2 0.25 23.9388132231252 3
mountain 20 2 0.25 24.1653030992459 4
mountain 20 2 0.25 23.7351679199677 3
mountain 20 2 0.25 23.873307288524 3
mountain 20 2 0.25 24.1987229349791 3
mountain 20 2 0.25 23.8075844624526 3
mountain 20 2 0.25 24.1827935019436 3
mountain 20 2 0.25 22.8864720415325 3
mountain 20 2 0.25 24.1470244633011 3
mountain 20 2 0.25 24.0228495060486 2
mountain 20 2 0.25 24.0618988359429 4
mountain 20 2 0.25 24.1903250080871 2
mountain 20 2 0.25 23.9740977871898 4
mountain 20 2 0.25 24.1265330291956 4
mountain 20 2 0.25 24.0466913138417 2
mountain 20 2 0.25 24.238669737987 4
mountain 20 2 0.25 24.2405856191999 2
mountain 20 2 0.25 24.1129622781606 3
mountain 20 2 0.25 24.2295761052843 3
mountain 20 2 0.25 24.0019518647284 4
mountain 20 2 0.25 23.9541725303897 4
mountain 20 2 0.25 23.9729802289523 3
mountain 20 2 0.25 23.8485866808472 3
mountain 20 2 0.25 23.7171500221239 4
mountain 20 2 0.25 23.7752961261872 3
mountain 20 2 0.25 24.0765813685299 2
mountain 20 2 0.25 23.4319937042589 3
mountain 20 2 0.25 24.4712122026157 6
mountain 20 2 0.25 24.7942488138485 4
mountain 20 2 0.25 23.9576176309572 4
mountain 20 2 0.25 24.0917631931535 3
mountain 20 2 0.25 24.1410070254485 3
mountain 20 2 0.25 24.0561691042752 2
mountain 20 2 0.25 23.9692801612763 4
mountain 20 2 0.25 23.5172466804742 3
mountain 20 2 0.25 24.2798464897662 5
mountain 20 2 0.25 24.1945381130448 3
mountain 20 2 0.25 23.7732222843629 3
mountain 20 2 0.25 25.0947919884407 3
mountain 20 2 0.25 24.308139546101 2
mountain 20 2 0.25 24.2531832343488 3
mountain 20 2 0.25 24.4931473406528 3
mountain 20 2 0.25 23.5800280531104 3
mountain 20 2 0.25 24.2257094006939 3
mountain 20 2 0.25 24.3052527017913 3
mountain 20 2 0.25 23.4604997669643 3
mountain 20 2 0.25 24.1854316006173 2
mountain 20 2 0.25 24.2450510749109 3
mountain 20 2 0.25 23.1413245033217 3
mountain 20 2 0.25 24.3742138212098 3
mountain 20 2 0.25 24.0159860840871 3
mountain 20 2 0.25 24.0825171854395 4
mountain 20 2 0.25 23.7317523281796 4
mountain 20 2 0.25 24.0115885341857 4
mountain 20 2 0.25 24.0947920276624 3
mountain 20 2 0.25 24.3588764513343 3
mountain 20 2 0.25 23.8364619819157 3
mountain 20 2 0.25 23.878464332861 3
mountain 20 2 0.25 24.255297574831 5
mountain 20 2 0.25 24.2476726822516 4
mountain 20 2 0.25 23.9956389144587 3
mountain 20 2 0.25 24.4293700461884 4
mountain 20 2 0.25 24.490521012759 4
mountain 20 2 0.25 24.5229542708332 4
mountain 20 2 0.25 24.1162022715263 5
mountain 20 2 0.25 24.0871205842963 4
mountain 20 2 0.25 23.9828238456985 5
mountain 20 2 0.25 24.6680392957742 3
mountain 20 2 0.25 23.5944263621927 3
mountain 20 2 0.25 24.1769095560971 4
mountain 20 2 0.25 23.8806149252834 3
mountain 20 2 0.25 23.8553740552321 4
mountain 20 2 0.25 23.99133781766 4
mountain 20 2 0.25 23.9212075315128 3
mountain 20 2 0.25 24.1112883245081 4
mountain 20 2 0.25 24.2031218085001 5
mountain 20 2 0.25 23.9358255419152 5
mountain 20 2 0.25 24.10313359408 3
mountain 20 2 0.25 24.0254942368406 3
mountain 20 2 0.25 23.9674807638364 5
mountain 20 2 0.25 24.1800560537113 4
mountain 20 2 0.25 24.281683173741 4
mountain 20 2 0.25 24.2811231085882 4
mountain 20 2 0.25 24.4734652358667 5
mountain 20 2 0.25 23.9543582069976 3
mountain 20 2 0.25 24.0736829698716 3
mountain 20 2 0.25 23.945443453969 4
mountain 20 2 0.25 24.4261429764492 3
