mountain 100 180 20 15 3 2 0 0.5 0.7 2 5 1 22 26 23.87 61.62 20 2 0.25 23.2051745271904 8
mountain 100 180 20 15 3 2 0 0.5 0.7 2 1 0 32 43 24.62 49.49 20 2 0.25 23.297453754115 0
mountain 100 180 20 15 3 2 0 0.5 0.7 3 1 2 41 57 26.5 46.46 20 2 0.25 23.3995522977783 0
mountain 100 180 20 15 3 2 0 0.5 0.7 2 1 0 55 76 26.27 88.89 20 2 0.25 23.5686501514961 0
mountain 100 180 20 15 3 2 0 0.5 0.7 2 1 0 58 85 26.19 64.65 20 2 0.25 23.5257972979708 0
mountain 100 180 20 15 3 2 0 0.5 0.7 2 1 0 70 99 30.32 69.7 20 2 0.25 21.0687604636317 0
mountain 100 180 20 15 3 2 0 0.5 0.7 2 1 0 75 109 26.5 82.83 20 2 0.25 23.0229218405691 0
mountain 100 180 20 15 3 2 0 0.5 0.7 2 1 1 77 115 22.7 68.69 20 2 0.25 23.6421337588536 0
mountain 100 180 20 15 3 2 0 0.5 0.7 2 1 0 85 127 23.95 87.88 20 2 0.25 22.0313644162565 0
mountain 100 180 20 15 3 2 0 0.5 0.7 2 1 0 88 137 25.45 75.76 20 2 0.25 23.7099571963753 0
mountain 100 180 20 15 3 2 0 0.5 0.7 1 0 0 88 141 22.56 86.87 20 2 0.25 22.2280265043524 0
mountain 100 180 20 15 3 2 0 0.5 0.7 1 0 0 89 145 23.91 60.61 20 2 0.25 23.7526275638602 0
mountain 100 180 20 15 3 2 0 0.5 0.7 1 0 0 89 147 23.76 36.36 20 2 0.25 22.5069720390568 0
mountain 100 180 20 15 3 2 0 0.5 0.7 1 0 0 89 147 23.11 56.57 20 2 0.25 24.0680171945208 0
mountain 100 180 20 15 3 2 0 0.5 0.7 1 0 0 90 155 24.17 77.78 20 2 0.25 23.473280786876 0
mountain 100 180 20 15 3 2 0 0.5 0.7 2 0 0 91 158 23.96 79.8 20 2 0.25 22.6676274457755 0
mountain 100 180 20 15 3 2 0 0.5 0.7 2 1 0 91 161 33.58 86.87 20 2 0.25 22.4155875927082 0
mountain 100 180 20 15 3 2 0 0.5 0.7 2 1 0 91 161 48.41 62.63 20 2 0.25 23.1762505039628 0
mountain 100 180 20 15 3 2 0 0.5 0.7 1 0 0 91 161 25.48 69.7 20 2 0.25 22.4688228381566 0
mountain 100 180 20 15 3 2 0 0.5 0.7 1 0 0 91 161 24.16 90.91 20 2 0.25 23.9072151085631 0
mountain 100 180 20 15 3 2 0 0.5 0.7 2 2 0 91 161 30.83 61.62 20 2 0.25 23.210757984411 0
mountain 100 180 20 15 3 2 0 0.5 0.7 2 1 2 91 161 23.83 92.93 20 2 0.25 23.7833207611593 0
mountain 100 180 20 15 3 2 0 0.5 0.7 2 1 3 91 161 24.02 78.79 20 2 0.25 23.8199267888471 0
mountain 100 180 20 15 3 2 0 0.5 0.7 1 0 0 91 162 25.96 88.89 20 2 0.25 23.5769451631834 0
mountain 100 180 20 15 3 2 0 0.5 0.7 2 1 1 92 165 28.5 84.85 20 2 0.25 23.6803281319979 0
mountain 100 180 20 15 3 2 0 0.5 0.7 1 0 0 92 165 24.68 77.78 20 2 0.25 21.3268816772716 0
mountain 100 180 20 15 3 2 0 0.5 0.7 4 3 0 92 165 22.62 73.74 20 2 0.25 22.2783427210115 1
mountain 100 180 20 15 3 2 0 0.5 0.7 2 2 0 92 165 22.98 69.7 20 2 0.25 23.9989778013014 0
mountain 100 180 20 15 3 2 0 0.5 0.7 2 1 0 92 166 24.23 97.98 20 2 0.25 23.9192443715209 0
mountain 100 180 20 15 3 2 0 0.5 0.7 1 0 0 92 166 24.51 72.73 20 2 0.25 23.0671923398547 0
mountain 144 264 20 15 3 2 0 0.5 0.7 2 1 0 26 29 24.36 72.03 20 2 0.25 23.1328930402693 0
mountain 144 264 20 15 3 2 0 0.5 0.7 2 2 2 56 70 32.53 22.38 20 2 0.25 23.6591355212245 0
mountain 144 264 20 15 3 2 0 0.5 0.7 2 1 1 81 104 25.87 69.23 20 2 0.25 23.7948272973591 1
mountain 144 264 20 15 3 2 0 0.5 0.7 2 1 1 85 116 23.96 78.32 20 2 0.25 23.3868451569467 1
mountain 144 264 20 15 3 2 0 0.5 0.7 2 1 1 101 143 22.54 77.62 20 2 0.25 22.5374199036365 1
mountain 144 264 20 15 3 2 0 0.5 0.7 2 2 0 107 152 29.6 18.18 20 2 0.25 23.7081884870579 1
mountain 144 264 20 15 3 2 0 0.5 0.7 2 2 3 108 157 29.32 70.63 20 2 0.25 24.006710210098 1
mountain 144 264 20 15 3 2 0 0.5 0.7 2 1 1 109 163 26.7 72.03 20 2 0.25 23.4208488474943 1
mountain 144 264 20 15 3 2 0 0.5 0.7 1 1 0 109 165 25.91 30.07 20 2 0.25 23.6437980330301 1
mountain 144 264 20 15 3 2 0 0.5 0.7 2 2 0 111 175 24.21 70.63 20 2 0.25 23.9496972796618 1
mountain 144 264 20 15 3 2 0 0.5 0.7 2 1 0 111 176 24.33 57.34 20 2 0.25 24.024745601628 1
mountain 144 264 20 15 3 2 0 0.5 0.7 2 1 6 113 183 25.68 28.67 20 2 0.25 23.8694911750846 1
mountain 144 264 20 15 3 2 0 0.5 0.7 1 1 0 113 184 30.46 55.24 20 2 0.25 23.5902724134389 1
mountain 144 264 20 15 3 2 0 0.5 0.7 2 1 0 113 186 24.45 66.43 20 2 0.25 23.4292983776311 1
mountain 144 264 20 15 3 2 0 0.5 0.7 2 1 2 113 190 27.12 44.76 20 2 0.25 23.7723516923189 0
mountain 144 264 20 15 3 2 0 0.5 0.7 2 1 2 113 193 25.01 58.74 20 2 0.25 23.5373038430957 1
mountain 144 264 20 15 3 2 0 0.5 0.7 2 1 0 113 193 24.6 83.22 20 2 0.25 22.7256653890354 1
mountain 144 264 20 15 3 2 0 0.5 0.7 1 0 0 114 196 24.3 23.78 20 2 0.25 23.8662557202755 1
mountain 144 264 20 15 3 2 0 0.5 0.7 2 1 3 116 200 24.41 73.43 20 2 0.25 23.6961382743922 0
mountain 144 264 20 15 3 2 0 0.5 0.7 1 1 0 117 206 24.04 81.12 20 2 0.25 23.6919303723977 1
mountain 144 264 20 15 3 2 0 0.5 0.7 2 1 1 117 206 23.06 67.13 20 2 0.25 22.5549107110477 1
mountain 144 264 20 15 3 2 0 0.5 0.7 1 1 0 117 206 28.22 74.13 20 2 0.25 23.8330202129172 1
mountain 144 264 20 15 3 2 0 0.5 0.7 1 0 0 117 207 23.34 72.73 20 2 0.25 22.5587652174129 1
mountain 144 264 20 15 3 2 0 0.5 0.7 2 1 0 118 210 28.78 48.25 20 2 0.25 23.4344199993948 1
mountain 144 264 20 15 3 2 0 0.5 0.7 2 2 1 118 213 23.48 65.03 20 2 0.25 23.4155668829638 1
mountain 144 264 20 15 3 2 0 0.5 0.7 2 1 1 118 213 24.64 58.74 20 2 0.25 23.3756869989735 1
mountain 144 264 20 15 3 2 0 0.5 0.7 3 3 2 118 213 24.32 57.34 20 2 0.25 23.5376733089441 1
mountain 144 264 20 15 3 2 0 0.5 0.7 1 1 0 118 213 24.08 40.56 20 2 0.25 23.9345834952948 1
mountain 144 264 20 15 3 2 0 0.5 0.7 5 5 3 118 213 24.63 40.56 20 2 0.25 23.554903193184 1
mountain 144 264 20 15 3 2 0 0.5 0.7 2 1 2 118 213 24.6 47.55 20 2 0.25 23.9397307687848 1
mountain 196 364 20 15 3 2 0 0.5 0.7 2 2 2 62 68 27.17 56.41 20 2 0.25 23.6116482790007 1
mountain 196 364 20 15 3 2 0 0.5 0.7 1 1 0 90 103 24.69 72.82 20 2 0.25 23.8740773518635 2
mountain 196 364 20 15 3 2 0 0.5 0.7 2 1 3 98 122 24.35 60.51 20 2 0.25 24.0841655981855 1
mountain 196 364 20 15 3 2 0 0.5 0.7 1 1 0 114 147 26.95 44.1 20 2 0.25 23.879241695706 1
mountain 196 364 20 15 3 2 0 0.5 0.7 2 2 1 131 182 23.58 52.82 20 2 0.25 23.091443415853 2
mountain 196 364 20 15 3 2 0 0.5 0.7 1 0 0 134 192 23.98 29.74 20 2 0.25 24.1697371789417 1
mountain 196 364 20 15 3 2 0 0.5 0.7 1 1 0 134 201 24.28 28.72 20 2 0.25 23.5910094524839 1
mountain 196 364 20 15 3 2 0 0.5 0.7 2 2 1 137 209 23.66 21.03 20 2 0.25 23.4629045480266 1
mountain 196 364 20 15 3 2 0 0.5 0.7 1 1 0 146 224 23.89 48.72 20 2 0.25 22.6695804772585 1
mountain 196 364 20 15 3 2 0 0.5 0.7 2 6 2 149 238 45.37 69.74 20 2 0.25 24.5067096892905 1
mountain 196 364 20 15 3 2 0 0.5 0.7 2 3 3 149 243 24.46 56.92 20 2 0.25 22.7778013031633 1
mountain 196 364 20 15 3 2 0 0.5 0.7 2 2 0 150 246 24.26 32.82 20 2 0.25 23.4888673584504 1
mountain 196 364 20 15 3 2 0 0.5 0.7 1 1 0 152 252 24.79 63.59 20 2 0.25 23.5894805162916 1
mountain 196 364 20 15 3 2 0 0.5 0.7 3 4 1 152 254 25.71 23.08 20 2 0.25 24.117532681857 1
mountain 196 364 20 15 3 2 0 0.5 0.7 2 2 0 156 264 23.31 42.05 20 2 0.25 22.9947190513213 1
mountain 196 364 20 15 3 2 0 0.5 0.7 2 2 3 165 275 23.34 26.67 20 2 0.25 23.3363547281167 1
mountain 196 364 20 15 3 2 0 0.5 0.7 2 2 3 165 276 24.42 38.97 20 2 0.25 23.6796592766941 1
mountain 196 364 20 15 3 2 0 0.5 0.7 2 2 1 165 276 29.85 39.49 20 2 0.25 23.5983525263879 1
mountain 196 364 20 15 3 2 0 0.5 0.7 1 1 0 169 283 27.3 56.92 20 2 0.25 24.3297374506321 1
mountain 196 364 20 15 3 2 0 0.5 0.7 2 3 1 169 284 26.74 69.74 20 2 0.25 23.6290805948597 2
mountain 196 364 20 15 3 2 0 0.5 0.7 2 3 1 169 289 26.73 56.41 20 2 0.25 24.3939237380004 1
mountain 196 364 20 15 3 2 0 0.5 0.7 2 2 2 169 291 25.54 55.9 20 2 0.25 23.3747816455346 2
mountain 196 364 20 15 3 2 0 0.5 0.7 2 2 1 169 297 24.38 71.79 20 2 0.25 23.9554548212787 1
mountain 196 364 20 15 3 2 0 0.5 0.7 2 2 4 169 298 24.11 70.77 20 2 0.25 23.6974247104373 1
mountain 196 364 20 15 3 2 0 0.5 0.7 2 2 1 169 300 24.91 36.92 20 2 0.25 23.7585525857112 1
mountain 196 364 20 15 3 2 0 0.5 0.7 1 1 0 169 300 24.55 44.1 20 2 0.25 23.8574239775192 1
mountain 196 364 20 15 3 2 0 0.5 0.7 3 6 2 172 307 27.5 56.41 20 2 0.25 24.0005742466269 1
mountain 196 364 20 15 3 2 0 0.5 0.7 2 3 5 172 307 27.21 37.95 20 2 0.25 23.632773154093 1
mountain 196 364 20 15 3 2 0 0.5 0.7 1 1 0 172 307 24.23 33.85 20 2 0.25 23.9690613985767 1
mountain 196 364 20 15 3 2 0 0.5 0.7 2 3 2 172 308 23.28 61.03 20 2 0.25 23.2567438261387 1
mountain 256 480 20 15 3 2 0 0.5 0.7 2 6 6 86 96 40.25 49.8 20 2 0.25 23.4271981584961 2
mountain 256 480 20 15 3 2 0 0.5 0.7 2 3 0 107 131 23.85 36.08 20 2 0.25 23.7581576119889 2
mountain 256 480 20 15 3 2 0 0.5 0.7 1 1 0 133 173 24.75 36.08 20 2 0.25 23.8967316104224 2
mountain 256 480 20 15 3 2 0 0.5 0.7 2 3 2 145 202 24.63 39.61 20 2 0.25 23.5693203252305 2
mountain 256 480 20 15 3 2 0 0.5 0.7 2 8 2 150 222 44.4 61.96 20 2 0.25 23.7659341206549 2
mountain 256 480 20 15 3 2 0 0.5 0.7 2 4 0 154 232 24.73 68.24 20 2 0.25 23.8165465602612 2
mountain 256 480 20 15 3 2 0 0.5 0.7 2 4 1 165 251 30.07 47.45 20 2 0.25 23.9701268389722 2
mountain 256 480 20 15 3 2 0 0.5 0.7 2 2 9 166 264 24.49 33.33 20 2 0.25 23.7320943478326 2
mountain 256 480 20 15 3 2 0 0.5 0.7 2 3 5 168 274 24.25 40.39 20 2 0.25 24.1798733484307 2
mountain 256 480 20 15 3 2 0 0.5 0.7 1 1 0 169 277 23.91 45.1 20 2 0.25 22.7781627885737 2
mountain 256 480 20 15 3 2 0 0.5 0.7 2 5 0 180 295 26.71 65.49 20 2 0.25 23.0792686721599 2
mountain 256 480 20 15 3 2 0 0.5 0.7 1 3 0 181 301 38.53 65.1 20 2 0.25 23.9292707813526 2
mountain 256 480 20 15 3 2 0 0.5 0.7 2 5 1 181 305 27.99 41.18 20 2 0.25 23.964115260518 2
mountain 256 480 20 15 3 2 0 0.5 0.7 1 2 0 182 310 24.55 49.02 20 2 0.25 23.9364445723433 2
mountain 256 480 20 15 3 2 0 0.5 0.7 2 5 1 182 314 27.39 32.55 20 2 0.25 23.5731674319217 2
mountain 256 480 20 15 3 2 0 0.5 0.7 1 4 0 184 320 23.56 71.76 20 2 0.25 23.5632781103939 3
mountain 256 480 20 15 3 2 0 0.5 0.7 2 4 2 186 326 29.13 36.08 20 2 0.25 23.7323159163377 2
mountain 256 480 20 15 3 2 0 0.5 0.7 2 4 1 186 326 25.93 39.22 20 2 0.25 24.0469635276732 2
mountain 256 480 20 15 3 2 0 0.5 0.7 2 4 6 186 328 33.87 40.78 20 2 0.25 23.6580917171597 2
mountain 256 480 20 15 3 2 0 0.5 0.7 2 4 2 187 330 23.1 51.37 20 2 0.25 23.104341262594 3
mountain 256 480 20 15 3 2 0 0.5 0.7 2 3 0 188 334 25.32 39.22 20 2 0.25 23.1829692092326 2
mountain 256 480 20 15 3 2 0 0.5 0.7 2 4 1 202 351 23.11 53.33 20 2 0.25 24.3272647464957 1
mountain 256 480 20 15 3 2 0 0.5 0.7 2 3 0 207 361 24.02 75.29 20 2 0.25 23.8816411622328 2
mountain 256 480 20 15 3 2 0 0.5 0.7 2 3 4 207 361 25.86 54.51 20 2 0.25 24.1212865530553 2
mountain 256 480 20 15 3 2 0 0.5 0.7 2 4 3 207 362 25.86 68.63 20 2 0.25 24.2281203426554 2
mountain 256 480 20 15 3 2 0 0.5 0.7 2 4 0 207 364 27.31 71.37 20 2 0.25 23.9435383212136 2
mountain 256 480 20 15 3 2 0 0.5 0.7 2 4 2 209 368 26.31 47.84 20 2 0.25 23.7795438104473 2
mountain 256 480 20 15 3 2 0 0.5 0.7 1 2 0 214 376 22.78 57.65 20 2 0.25 23.4358888443301 3
mountain 256 480 20 15 3 2 0 0.5 0.7 1 1 0 214 376 26.72 56.86 20 2 0.25 24.0202081254197 2
mountain 256 480 20 15 3 2 0 0.5 0.7 2 4 1 214 376 29.85 61.96 20 2 0.25 23.9297585812737 2
mountain 324 612 20 15 3 2 0 0.5 0.7 2 4 3 59 63 25.42 62.85 20 2 0.25 23.1942321630703 2
mountain 324 612 20 15 3 2 0 0.5 0.7 2 4 3 117 137 24.12 45.51 20 2 0.25 23.6064016397818 3
mountain 324 612 20 15 3 2 0 0.5 0.7 2 7 4 144 189 30.7 45.51 20 2 0.25 23.9097913861176 3
mountain 324 612 20 15 3 2 0 0.5 0.7 2 4 1 155 213 24.63 63.16 20 2 0.25 23.9647625843601 3
mountain 324 612 20 15 3 2 0 0.5 0.7 2 3 0 171 236 30.35 52.63 20 2 0.25 23.6214612700191 2
mountain 324 612 20 15 3 2 0 0.5 0.7 2 6 1 188 277 30.99 33.13 20 2 0.25 24.0464241126169 2
mountain 324 612 20 15 3 2 0 0.5 0.7 2 7 1 190 289 30.95 27.55 20 2 0.25 24.118271493035 2
mountain 324 612 20 15 3 2 0 0.5 0.7 2 8 1 193 301 25.07 55.42 20 2 0.25 24.1564946568395 4
mountain 324 612 20 15 3 2 0 0.5 0.7 2 11 1 197 319 40.25 61.3 20 2 0.25 24.1896545643574 6
mountain 324 612 20 15 3 2 0 0.5 0.7 2 8 0 210 342 35.44 52.32 20 2 0.25 23.1898453389829 3
mountain 324 612 20 15 3 2 0 0.5 0.7 2 4 1 212 352 25.93 34.06 20 2 0.25 23.9753325361015 4
mountain 324 612 20 15 3 2 0 0.5 0.7 2 5 1 218 367 23.94 69.35 20 2 0.25 23.7838590843195 3
mountain 324 612 20 15 3 2 0 0.5 0.7 2 4 1 218 368 24.59 32.51 20 2 0.25 23.9976609435173 2
mountain 324 612 20 15 3 2 0 0.5 0.7 2 4 1 218 371 25.03 27.24 20 2 0.25 24.1116041490438 2
mountain 324 612 20 15 3 2 0 0.5 0.7 2 3 13 220 381 26.59 29.41 20 2 0.25 23.4968515119702 3
mountain 324 612 20 15 3 2 0 0.5 0.7 2 5 0 223 387 26.4 48.61 20 2 0.25 23.9808510161089 4
mountain 324 612 20 15 3 2 0 0.5 0.7 2 4 4 223 387 24.22 48.61 20 2 0.25 23.9421984937977 2
mountain 324 612 20 15 3 2 0 0.5 0.7 2 4 1 224 391 24.47 51.7 20 2 0.25 24.2052086494005 2
mountain 324 612 20 15 3 2 0 0.5 0.7 2 4 2 227 396 25.92 60.06 20 2 0.25 24.288531078457 2
mountain 324 612 20 15 3 2 0 0.5 0.7 3 6 11 227 401 28.53 21.98 20 2 0.25 24.0944635655911 2
mountain 324 612 20 15 3 2 0 0.5 0.7 2 5 3 230 410 24.33 65.63 20 2 0.25 23.8072537586659 3
mountain 324 612 20 15 3 2 0 0.5 0.7 2 3 2 238 422 26.47 58.2 20 2 0.25 23.9100834381546 2
mountain 324 612 20 15 3 2 0 0.5 0.7 2 4 0 238 423 24.05 46.13 20 2 0.25 24.038502260303 2
mountain 324 612 20 15 3 2 0 0.5 0.7 2 5 4 246 431 27.95 26.01 20 2 0.25 24.0287238748973 2
mountain 324 612 20 15 3 2 0 0.5 0.7 2 4 1 246 431 25.58 59.44 20 2 0.25 23.860894568719 2
mountain 324 612 20 15 3 2 0 0.5 0.7 3 6 3 246 432 26.88 32.51 20 2 0.25 24.2405936601457 2
mountain 324 612 20 15 3 2 0 0.5 0.7 2 3 1 246 434 25.66 21.98 20 2 0.25 23.9545030554646 3
mountain 324 612 20 15 3 2 0 0.5 0.7 2 4 2 246 437 27.72 24.46 20 2 0.25 23.8880716218006 2
mountain 324 612 20 15 3 2 0 0.5 0.7 1 2 0 259 453 25.47 49.85 20 2 0.25 24.463498511915 2
mountain 324 612 20 15 3 2 0 0.5 0.7 2 3 7 259 453 24.22 27.24 20 2 0.25 23.8974139033934 3
mountain 400 760 20 15 3 2 0 0.5 0.7 2 3 1 41 42 26.22 27.32 20 2 0.25 24.1529588151371 1
mountain 400 760 20 15 3 2 0 0.5 0.7 1 1 0 102 113 25.75 56.39 20 2 0.25 23.6067418591158 2
mountain 400 760 20 15 3 2 0 0.5 0.7 1 2 0 126 141 24.88 61.15 20 2 0.25 23.1152294124264 3
mountain 400 760 20 15 3 2 0 0.5 0.7 2 3 5 180 221 24.54 28.57 20 2 0.25 24.2607899071481 3
mountain 400 760 20 15 3 2 0 0.5 0.7 2 5 3 219 291 25.72 60.15 20 2 0.25 24.1378878186885 3
mountain 400 760 20 15 3 2 0 0.5 0.7 2 5 2 227 325 26.85 29.57 20 2 0.25 23.224225614375 3
mountain 400 760 20 15 3 2 0 0.5 0.7 2 4 1 233 347 24.21 34.84 20 2 0.25 23.9952370195991 4
mountain 400 760 20 15 3 2 0 0.5 0.7 2 3 2 244 367 24.78 46.37 20 2 0.25 23.8955602840567 2
mountain 400 760 20 15 3 2 0 0.5 0.7 2 3 2 249 390 24.47 36.34 20 2 0.25 23.6998109995456 2
mountain 400 760 20 15 3 2 0 0.5 0.7 2 7 4 265 421 33.91 43.86 20 2 0.25 23.8388215693624 2
mountain 400 760 20 15 3 2 0 0.5 0.7 3 4 1 266 432 24.85 45.86 20 2 0.25 24.273787710144 2
mountain 400 760 20 15 3 2 0 0.5 0.7 2 4 0 268 439 28.21 50.88 20 2 0.25 24.1084242268777 3
mountain 400 760 20 15 3 2 0 0.5 0.7 2 5 1 269 448 25.39 21.55 20 2 0.25 24.2205676681773 3
mountain 400 760 20 15 3 2 0 0.5 0.7 2 3 4 276 462 24.61 30.83 20 2 0.25 24.1157622756508 3
mountain 400 760 20 15 3 2 0 0.5 0.7 2 3 4 276 466 24.39 37.34 20 2 0.25 23.6855649664218 3
mountain 400 760 20 15 3 2 0 0.5 0.7 3 10 3 277 469 29.92 58.9 20 2 0.25 24.0194961797427 3
mountain 400 760 20 15 3 2 0 0.5 0.7 2 4 3 279 478 24.19 48.87 20 2 0.25 23.7963496379496 4
mountain 400 760 20 15 3 2 0 0.5 0.7 2 5 1 285 492 25.12 12.78 20 2 0.25 24.1401262441904 3
mountain 400 760 20 15 3 2 0 0.5 0.7 2 4 2 288 502 28.93 14.29 20 2 0.25 23.6315944808928 2
mountain 400 760 20 15 3 2 0 0.5 0.7 2 3 2 288 504 25.1 36.84 20 2 0.25 23.7750494128347 2
mountain 400 760 20 15 3 2 0 0.5 0.7 2 5 0 294 513 22.43 18.05 20 2 0.25 22.4124257406169 3
mountain 400 760 20 15 3 2 0 0.5 0.7 2 3 2 295 516 23.86 37.34 20 2 0.25 24.0879210509132 2
mountain 400 760 20 15 3 2 0 0.5 0.7 3 7 2 303 529 26.1 39.1 20 2 0.25 23.507875000951 2
mountain 400 760 20 15 3 2 0 0.5 0.7 1 1 0 304 532 23.25 40.6 20 2 0.25 22.8719474661613 2
mountain 400 760 20 15 3 2 0 0.5 0.7 2 3 3 304 532 25.23 33.58 20 2 0.25 23.9036909006935 2
mountain 400 760 20 15 3 2 0 0.5 0.7 2 3 3 305 539 30.24 33.08 20 2 0.25 22.5837879136835 2
mountain 400 760 20 15 3 2 0 0.5 0.7 2 2 1 306 541 24.51 57.39 20 2 0.25 24.1145472508252 2
mountain 400 760 20 15 3 2 0 0.5 0.7 2 4 2 307 544 25.4 40.85 20 2 0.25 23.9771255581102 2
mountain 400 760 20 15 3 2 0 0.5 0.7 2 12 4 309 550 44.4 51.38 20 2 0.25 23.7907178589833 2
mountain 400 760 20 15 3 2 0 0.5 0.7 2 5 3 309 550 34.35 31.33 20 2 0.25 23.9888632353172 2
mountain 484 924 20 15 3 2 0 0.5 0.7 2 3 1 124 131 23.55 43.48 20 2 0.25 24.5033275453546 2
mountain 484 924 20 15 3 2 0 0.5 0.7 2 4 0 181 223 25.72 27.74 20 2 0.25 23.9520008191656 3
mountain 484 924 20 15 3 2 0 0.5 0.7 2 7 3 206 271 30.42 21.74 20 2 0.25 23.9452581350803 3
mountain 484 924 20 15 3 2 0 0.5 0.7 2 4 3 217 307 25.03 36.65 20 2 0.25 23.9388132231252 3
mountain 484 924 20 15 3 2 0 0.5 0.7 2 5 1 234 335 26.37 34.99 20 2 0.25 24.1653030992459 4
mountain 484 924 20 15 3 2 0 0.5 0.7 1 2 0 244 357 24.85 37.68 20 2 0.25 23.7351679199677 3
mountain 484 924 20 15 3 2 0 0.5 0.7 2 4 1 250 372 24.5 54.04 20 2 0.25 23.873307288524 3
mountain 484 924 20 15 3 2 0 0.5 0.7 2 6 0 259 396 26.03 53.83 20 2 0.25 24.1987229349791 3
mountain 484 924 20 15 3 2 0 0.5 0.7 1 2 0 283 429 23.81 36.23 20 2 0.25 23.8075844624526 3
mountain 484 924 20 15 3 2 0 0.5 0.7 2 6 1 315 474 26.84 60.46 20 2 0.25 24.1827935019436 3
mountain 484 924 20 15 3 2 0 0.5 0.7 2 3 4 325 502 23.89 22.15 20 2 0.25 22.8864720415325 3
mountain 484 924 20 15 3 2 0 0.5 0.7 2 5 0 331 517 25.57 29.61 20 2 0.25 24.1470244633011 3
mountain 484 924 20 15 3 2 0 0.5 0.7 2 3 1 331 522 24.58 57.97 20 2 0.25 24.0228495060486 2
mountain 484 924 20 15 3 2 0 0.5 0.7 2 5 3 333 536 24.67 22.98 20 2 0.25 24.0618988359429 4
mountain 484 924 20 15 3 2 0 0.5 0.7 2 4 0 338 552 29.08 11.8 20 2 0.25 24.1903250080871 2
mountain 484 924 20 15 3 2 0 0.5 0.7 2 4 0 342 569 24.21 46.38 20 2 0.25 23.9740977871898 4
mountain 484 924 20 15 3 2 0 0.5 0.7 2 4 0 342 569 25.18 41.2 20 2 0.25 24.1265330291956 4
mountain 484 924 20 15 3 2 0 0.5 0.7 2 4 7 343 581 31.83 19.67 20 2 0.25 24.0466913138417 2
mountain 484 924 20 15 3 2 0 0.5 0.7 2 4 5 343 589 24.31 53.62 20 2 0.25 24.238669737987 4
mountain 484 924 20 15 3 2 0 0.5 0.7 2 4 1 346 600 28.41 34.58 20 2 0.25 24.2405856191999 2
mountain 484 924 20 15 3 2 0 0.5 0.7 2 6 2 347 604 29.92 34.78 20 2 0.25 24.1129622781606 3
mountain 484 924 20 15 3 2 0 0.5 0.7 2 4 1 347 607 24.57 33.54 20 2 0.25 24.2295761052843 3
mountain 484 924 20 15 3 2 0 0.5 0.7 2 7 5 347 607 33.87 37.27 20 2 0.25 24.0019518647284 4
mountain 484 924 20 15 3 2 0 0.5 0.7 2 9 0 347 608 32.01 39.54 20 2 0.25 23.9541725303897 4
mountain 484 924 20 15 3 2 0 0.5 0.7 2 4 1 347 612 26.22 39.75 20 2 0.25 23.9729802289523 3
mountain 484 924 20 15 3 2 0 0.5 0.7 2 5 4 347 612 26.21 27.95 20 2 0.25 23.8485866808472 3
mountain 484 924 20 15 3 2 0 0.5 0.7 2 6 3 347 612 24.74 57.97 20 2 0.25 23.7171500221239 4
mountain 484 924 20 15 3 2 0 0.5 0.7 2 3 3 347 612 23.93 35.2 20 2 0.25 23.7752961261872 3
mountain 484 924 20 15 3 2 0 0.5 0.7 2 3 1 347 612 24.75 55.9 20 2 0.25 24.0765813685299 2
mountain 484 924 20 15 3 2 0 0.5 0.7 3 5 6 351 626 24.2 47.62 20 2 0.25 23.4319937042589 3
mountain 576 1104 20 15 3 2 0 0.5 0.7 2 5 5 157 171 27.76 56.17 20 2 0.25 24.4712122026157 6
mountain 576 1104 20 15 3 2 0 0.5 0.7 2 4 3 192 236 24.38 34.26 20 2 0.25 24.7942488138485 4
mountain 576 1104 20 15 3 2 0 0.5 0.7 2 5 1 209 267 24.11 25.04 20 2 0.25 23.9576176309572 4
mountain 576 1104 20 15 3 2 0 0.5 0.7 2 4 1 229 299 25.22 22.26 20 2 0.25 24.0917631931535 3
mountain 576 1104 20 15 3 2 0 0.5 0.7 2 6 2 247 338 31.55 45.57 20 2 0.25 24.1410070254485 3
mountain 576 1104 20 15 3 2 0 0.5 0.7 2 4 3 271 386 25.25 49.91 20 2 0.25 24.0561691042752 2
mountain 576 1104 20 15 3 2 0 0.5 0.7 3 10 7 275 405 31.3 26.09 20 2 0.25 23.9692801612763 4
mountain 576 1104 20 15 3 2 0 0.5 0.7 1 2 0 281 425 25.51 31.65 20 2 0.25 23.5172466804742 3
mountain 576 1104 20 15 3 2 0 0.5 0.7 2 4 4 300 454 24.82 7.65 20 2 0.25 24.2798464897662 5
mountain 576 1104 20 15 3 2 0 0.5 0.7 2 7 1 309 478 31.4 32.17 20 2 0.25 24.1945381130448 3
mountain 576 1104 20 15 3 2 0 0.5 0.7 2 6 1 311 491 31.21 34.61 20 2 0.25 23.7732222843629 3
mountain 576 1104 20 15 3 2 0 0.5 0.7 1 3 0 312 498 28.59 34.43 20 2 0.25 25.0947919884407 3
mountain 576 1104 20 15 3 2 0 0.5 0.7 2 3 9 317 518 24.25 25.57 20 2 0.25 24.308139546101 2
mountain 576 1104 20 15 3 2 0 0.5 0.7 2 5 1 341 549 30.76 46.61 20 2 0.25 24.2531832343488 3
mountain 576 1104 20 15 3 2 0 0.5 0.7 2 3 8 355 587 24.42 23.3 20 2 0.25 24.4931473406528 3
mountain 576 1104 20 15 3 2 0 0.5 0.7 2 5 1 367 612 29.07 28.17 20 2 0.25 23.5800280531104 3
mountain 576 1104 20 15 3 2 0 0.5 0.7 2 7 0 368 618 27.38 25.04 20 2 0.25 24.2257094006939 3
mountain 576 1104 20 15 3 2 0 0.5 0.7 2 4 0 368 618 24.43 28.35 20 2 0.25 24.3052527017913 3
mountain 576 1104 20 15 3 2 0 0.5 0.7 2 4 3 394 656 25.77 16.52 20 2 0.25 23.4604997669643 3
mountain 576 1104 20 15 3 2 0 0.5 0.7 2 4 2 395 663 27.18 33.91 20 2 0.25 24.1854316006173 2
mountain 576 1104 20 15 3 2 0 0.5 0.7 2 3 8 395 672 24.66 22.96 20 2 0.25 24.2450510749109 3
mountain 576 1104 20 15 3 2 0 0.5 0.7 2 4 2 395 673 25.19 37.39 20 2 0.25 23.1413245033217 3
mountain 576 1104 20 15 3 2 0 0.5 0.7 2 5 4 395 678 24.04 54.96 20 2 0.25 24.3742138212098 3
mountain 576 1104 20 15 3 2 0 0.5 0.7 2 3 2 396 683 24.32 48.7 20 2 0.25 24.0159860840871 3
mountain 576 1104 20 15 3 2 0 0.5 0.7 1 2 0 396 683 23.85 24.87 20 2 0.25 24.0825171854395 4
mountain 576 1104 20 15 3 2 0 0.5 0.7 2 11 2 410 701 35.92 28.35 20 2 0.25 23.7317523281796 4
mountain 576 1104 20 15 3 2 0 0.5 0.7 2 4 8 410 702 24.44 37.39 20 2 0.25 24.0115885341857 4
mountain 576 1104 20 15 3 2 0 0.5 0.7 2 4 2 417 715 24.6 26.96 20 2 0.25 24.0947920276624 3
mountain 576 1104 20 15 3 2 0 0.5 0.7 2 3 5 417 719 23.52 24.17 20 2 0.25 24.3588764513343 3
mountain 576 1104 20 15 3 2 0 0.5 0.7 2 5 4 418 724 26.44 28.17 20 2 0.25 23.8364619819157 3
mountain 676 1300 20 15 3 2 0 0.5 0.7 2 5 7 160 193 27.74 39.56 20 2 0.25 23.878464332861 3
mountain 676 1300 20 15 3 2 0 0.5 0.7 2 5 3 205 263 25.58 44.89 20 2 0.25 24.255297574831 5
mountain 676 1300 20 15 3 2 0 0.5 0.7 2 6 10 239 326 27.05 38.37 20 2 0.25 24.2476726822516 4
mountain 676 1300 20 15 3 2 0 0.5 0.7 2 5 0 274 380 26.78 20 20 2 0.25 23.9956389144587 3
mountain 676 1300 20 15 3 2 0 0.5 0.7 2 7 0 300 417 28.1 39.11 20 2 0.25 24.4293700461884 4
mountain 676 1300 20 15 3 2 0 0.5 0.7 2 9 3 317 453 36.29 53.63 20 2 0.25 24.490521012759 4
mountain 676 1300 20 15 3 2 0 0.5 0.7 2 6 1 333 486 24.11 42.37 20 2 0.25 24.5229542708332 4
mountain 676 1300 20 15 3 2 0 0.5 0.7 2 9 1 342 504 27.92 39.56 20 2 0.25 24.1162022715263 5
mountain 676 1300 20 15 3 2 0 0.5 0.7 3 6 7 360 544 24.87 6.67 20 2 0.25 24.0871205842963 4
mountain 676 1300 20 15 3 2 0 0.5 0.7 2 4 3 366 570 24.06 37.48 20 2 0.25 23.9828238456985 5
mountain 676 1300 20 15 3 2 0 0.5 0.7 2 4 6 372 587 25.6 47.85 20 2 0.25 24.6680392957742 3
mountain 676 1300 20 15 3 2 0 0.5 0.7 2 7 1 374 596 32.51 27.56 20 2 0.25 23.5944263621927 3
mountain 676 1300 20 15 3 2 0 0.5 0.7 1 2 0 378 605 24.49 29.19 20 2 0.25 24.1769095560971 4
mountain 676 1300 20 15 3 2 0 0.5 0.7 1 2 0 381 619 25.1 35.11 20 2 0.25 23.8806149252834 3
mountain 676 1300 20 15 3 2 0 0.5 0.7 2 5 3 394 650 25.03 56.44 20 2 0.25 23.8553740552321 4
mountain 676 1300 20 15 3 2 0 0.5 0.7 2 5 2 394 652 26.44 38.96 20 2 0.25 23.99133781766 4
mountain 676 1300 20 15 3 2 0 0.5 0.7 2 5 1 399 665 24.75 45.19 20 2 0.25 23.9212075315128 3
mountain 676 1300 20 15 3 2 0 0.5 0.7 3 7 10 401 672 26.35 33.19 20 2 0.25 24.1112883245081 4
mountain 676 1300 20 15 3 2 0 0.5 0.7 2 6 4 402 677 24.14 45.93 20 2 0.25 24.2031218085001 5
mountain 676 1300 20 15 3 2 0 0.5 0.7 2 5 7 405 692 24.69 20 20 2 0.25 23.9358255419152 5
mountain 676 1300 20 15 3 2 0 0.5 0.7 1 2 0 405 692 24.79 38.07 20 2 0.25 24.10313359408 3
mountain 676 1300 20 15 3 2 0 0.5 0.7 1 2 0 409 706 24.03 32.59 20 2 0.25 24.0254942368406 3
mountain 676 1300 20 15 3 2 0 0.5 0.7 2 7 2 420 725 25.7 50.52 20 2 0.25 23.9674807638364 5
mountain 676 1300 20 15 3 2 0 0.5 0.7 2 4 6 420 728 26.47 49.33 20 2 0.25 24.1800560537113 4
mountain 676 1300 20 15 3 2 0 0.5 0.7 2 4 1 420 729 24.41 32 20 2 0.25 24.281683173741 4
mountain 676 1300 20 15 3 2 0 0.5 0.7 2 5 1 420 731 25.49 29.33 20 2 0.25 24.2811231085882 4
mountain 676 1300 20 15 3 2 0 0.5 0.7 3 9 1 420 731 24.92 36.59 20 2 0.25 24.4734652358667 5
mountain 676 1300 20 15 3 2 0 0.5 0.7 2 4 3 420 733 26.5 20.89 20 2 0.25 23.9543582069976 3
mountain 676 1300 20 15 3 2 0 0.5 0.7 2 5 1 422 738 26.86 30.81 20 2 0.25 24.0736829698716 3
mountain 676 1300 20 15 3 2 0 0.5 0.7 1 4 0 427 749 25.31 48.89 20 2 0.25 23.945443453969 4
