# Blender v2.79 (sub 0) OBJ File: ''
# www.blender.org
v -5.000000 0.000000 5.000000
v -5.000000 0.000000 4.090909
v -5.000000 0.000000 3.181818
v -5.000000 0.000000 2.272727
v -5.000000 0.000000 1.363636
v -5.000000 0.000000 0.454545
v -5.000000 0.000000 -0.454545
v -5.000000 0.000000 -1.363636
v -5.000000 0.000000 -2.272727
v -5.000000 0.000000 -3.181818
v -5.000000 0.000000 -4.090909
v -5.000000 0.000000 -5.000000
v -4.090909 0.000000 5.000000
v -4.090909 -0.000910 4.090909
v -4.090909 0.033791 3.181818
v -4.090909 -0.031557 2.272727
v -4.090909 -0.018695 1.363636
v -4.090909 -0.005124 0.454545
v -4.090909 0.028820 -0.454545
v -4.090909 0.005535 -1.363636
v -4.090909 0.098556 -2.272727
v -4.090909 0.005956 -3.181818
v -4.090909 -0.002963 -4.090909
v -4.090909 0.000000 -5.000000
v -3.181818 0.000000 5.000000
v -3.181818 -0.025572 4.090909
v -3.181818 0.024699 3.181818
v -3.181818 -0.075145 2.272727
v -3.181818 -0.039053 1.363636
v -3.181818 0.052661 0.454545
v -3.181818 0.062489 -0.454545
v -3.181818 -0.063847 -1.363636
v -3.181818 0.086060 -2.272727
v -3.181818 -0.063888 -3.181818
v -3.181818 -0.053220 -4.090909
v -3.181818 0.000000 -5.000000
v -2.272727 0.000000 5.000000
v -2.272727 -0.028994 4.090909
v -2.272727 0.054130 3.181818
v -2.272727 -0.108660 2.272727
v -2.272727 0.043653 1.363636
v -2.272727 0.426951 0.454545
v -2.272727 -0.353000 -0.454545
v -2.272727 0.148359 -1.363636
v -2.272727 0.244451 -2.272727
v -2.272727 -0.003500 -3.181818
v -2.272727 -0.014373 -4.090909
v -2.272727 0.000000 -5.000000
v -1.363636 0.000000 5.000000
v -1.363636 -0.031008 4.090909
v -1.363636 0.129918 3.181818
v -1.363636 0.355691 2.272727
v -1.363636 -0.020552 1.363636
v -1.363636 -0.006227 0.454545
v -1.363636 -0.486345 -0.454545
v -1.363636 -0.194659 -1.363636
v -1.363636 0.335480 -2.272727
v -1.363636 -0.040273 -3.181818
v -1.363636 -0.042779 -4.090909
v -1.363636 0.000000 -5.000000
v -0.454545 0.000000 5.000000
v -0.454545 -0.026263 4.090909
v -0.454545 0.028431 3.181818
v -0.454545 0.028232 2.272727
v -0.454545 -0.260607 1.363636
v -0.454545 -0.086716 0.454545
v -0.454545 -0.018626 -0.454545
v -0.454545 0.117660 -1.363636
v -0.454545 0.046999 -2.272727
v -0.454545 -0.018793 -3.181818
v -0.454545 -0.066337 -4.090909
v -0.454545 0.000000 -5.000000
v 0.454545 0.000000 5.000000
v 0.454545 0.145875 4.090909
v 0.454545 -0.007078 3.181818
v 0.454545 -0.204524 2.272727
v 0.454545 -0.128859 1.363636
v 0.454545 0.353412 0.454545
v 0.454545 -0.352443 -0.454545
v 0.454545 0.105149 -1.363636
v 0.454545 -0.246638 -2.272727
v 0.454545 -0.050529 -3.181818
v 0.454545 -0.074515 -4.090909
v 0.454545 0.000000 -5.000000
v 1.363636 0.000000 5.000000
v 1.363636 0.000164 4.090909
v 1.363636 0.311254 3.181818
v 1.363636 0.249740 2.272727
v 1.363636 0.102800 1.363636
v 1.363636 0.030551 0.454545
v 1.363636 -0.045483 -0.454545
v 1.363636 0.271906 -1.363636
v 1.363636 -0.312332 -2.272727
v 1.363636 0.275904 -3.181818
v 1.363636 -0.024168 -4.090909
v 1.363636 0.000000 -5.000000
v 2.272727 0.000000 5.000000
v 2.272727 -0.033920 4.090909
v 2.272727 -0.073272 3.181818
v 2.272727 -0.193793 2.272727
v 2.272727 -0.280618 1.363636
v 2.272727 -0.011268 0.454545
v 2.272727 -0.166842 -0.454545
v 2.272727 -0.071431 -1.363636
v 2.272727 -0.206233 -2.272727
v 2.272727 -0.049302 -3.181818
v 2.272727 0.065168 -4.090909
v 2.272727 0.000000 -5.000000
v 3.181818 0.000000 5.000000
v 3.181818 -0.030776 4.090909
v 3.181818 0.006108 3.181818
v 3.181818 -0.092481 2.272727
v 3.181818 -0.147985 1.363636
v 3.181818 -0.053709 0.454545
v 3.181818 0.051742 -0.454545
v 3.181818 0.036169 -1.363636
v 3.181818 0.245002 -2.272727
v 3.181818 0.087600 -3.181818
v 3.181818 0.013737 -4.090909
v 3.181818 0.000000 -5.000000
v 4.090909 0.000000 5.000000
v 4.090909 0.002152 4.090909
v 4.090909 0.035716 3.181818
v 4.090909 -0.089290 2.272727
v 4.090909 -0.017095 1.363636
v 4.090909 0.027079 0.454545
v 4.090909 0.123553 -0.454545
v 4.090909 -0.055860 -1.363636
v 4.090909 -0.031697 -2.272727
v 4.090909 0.010610 -3.181818
v 4.090909 0.002411 -4.090909
v 4.090909 0.000000 -5.000000
v 5.000000 0.000000 5.000000
v 5.000000 0.000000 4.090909
v 5.000000 0.000000 3.181818
v 5.000000 0.000000 2.272727
v 5.000000 0.000000 1.363636
v 5.000000 0.000000 0.454545
v 5.000000 0.000000 -0.454545
v 5.000000 0.000000 -1.363636
v 5.000000 0.000000 -2.272727
v 5.000000 0.000000 -3.181818
v 5.000000 0.000000 -4.090909
v 5.000000 0.000000 -5.000000
s 1
f 2 1 13 14
f 3 2 14 15
f 4 3 15 16
f 5 4 16 17
f 6 5 17 18
f 7 6 18 19
f 8 7 19 20
f 9 8 20 21
f 10 9 21 22
f 11 10 22 23
f 12 11 23 24
f 14 13 25 26
f 15 14 26 27
f 16 15 27 28
f 17 16 28 29
f 18 17 29 30
f 19 18 30 31
f 20 19 31 32
f 21 20 32 33
f 22 21 33 34
f 23 22 34 35
f 24 23 35 36
f 26 25 37 38
f 27 26 38 39
f 28 27 39 40
f 29 28 40 41
f 30 29 41 42
f 31 30 42 43
f 32 31 43 44
f 33 32 44 45
f 34 33 45 46
f 35 34 46 47
f 36 35 47 48
f 38 37 49 50
f 39 38 50 51
f 40 39 51 52
f 41 40 52 53
f 42 41 53 54
f 43 42 54 55
f 44 43 55 56
f 45 44 56 57
f 46 45 57 58
f 47 46 58 59
f 48 47 59 60
f 50 49 61 62
f 51 50 62 63
f 52 51 63 64
f 53 52 64 65
f 54 53 65 66
f 55 54 66 67
f 56 55 67 68
f 57 56 68 69
f 58 57 69 70
f 59 58 70 71
f 60 59 71 72
f 62 61 73 74
f 63 62 74 75
f 64 63 75 76
f 65 64 76 77
f 66 65 77 78
f 67 66 78 79
f 68 67 79 80
f 69 68 80 81
f 70 69 81 82
f 71 70 82 83
f 72 71 83 84
f 74 73 85 86
f 75 74 86 87
f 76 75 87 88
f 77 76 88 89
f 78 77 89 90
f 79 78 90 91
f 80 79 91 92
f 81 80 92 93
f 82 81 93 94
f 83 82 94 95
f 84 83 95 96
f 86 85 97 98
f 87 86 98 99
f 88 87 99 100
f 89 88 100 101
f 90 89 101 102
f 91 90 102 103
f 92 91 103 104
f 93 92 104 105
f 94 93 105 106
f 95 94 106 107
f 96 95 107 108
f 98 97 109 110
f 99 98 110 111
f 100 99 111 112
f 101 100 112 113
f 102 101 113 114
f 103 102 114 115
f 104 103 115 116
f 105 104 116 117
f 106 105 117 118
f 107 106 118 119
f 108 107 119 120
f 110 109 121 122
f 111 110 122 123
f 112 111 123 124
f 113 112 124 125
f 114 113 125 126
f 115 114 126 127
f 116 115 127 128
f 117 116 128 129
f 118 117 129 130
f 119 118 130 131
f 120 119 131 132
f 122 121 133 134
f 123 122 134 135
f 124 123 135 136
f 125 124 136 137
f 126 125 137 138
f 127 126 138 139
f 128 127 139 140
f 129 128 140 141
f 130 129 141 142
f 131 130 142 143
f 132 131 143 144
