# Blender v2.79 (sub 0) OBJ File: ''
# www.blender.org
v -5.000000 0.000000 5.000000
v -5.000000 0.000000 4.565217
v -5.000000 0.000000 4.130435
v -5.000000 0.000000 3.695652
v -5.000000 0.000000 3.260870
v -5.000000 0.000000 2.826087
v -5.000000 0.000000 2.391304
v -5.000000 0.000000 1.956522
v -5.000000 0.000000 1.521739
v -5.000000 0.000000 1.086957
v -5.000000 0.000000 0.652174
v -5.000000 0.000000 0.217391
v -5.000000 0.000000 -0.217391
v -5.000000 0.000000 -0.652174
v -5.000000 0.000000 -1.086957
v -5.000000 0.000000 -1.521739
v -5.000000 0.000000 -1.956522
v -5.000000 0.000000 -2.391304
v -5.000000 0.000000 -2.826087
v -5.000000 0.000000 -3.260870
v -5.000000 0.000000 -3.695652
v -5.000000 0.000000 -4.130435
v -5.000000 0.000000 -4.565217
v -5.000000 0.000000 -5.000000
v -4.565217 0.000000 5.000000
v -4.565217 0.000000 4.565217
v -4.565217 0.000000 4.130435
v -4.565217 0.000001 3.695652
v -4.565217 0.001150 3.260870
v -4.565217 0.007862 2.826087
v -4.565217 0.000780 2.391304
v -4.565217 0.007275 1.956522
v -4.565217 0.018054 1.521739
v -4.565217 0.000039 1.086957
v -4.565217 0.000284 0.652174
v -4.565217 0.002311 0.217391
v -4.565217 0.011174 -0.217391
v -4.565217 -0.013631 -0.652174
v -4.565217 -0.028842 -1.086957
v -4.565217 -0.015711 -1.521739
v -4.565217 -0.007118 -1.956522
v -4.565217 -0.007496 -2.391304
v -4.565217 -0.006403 -2.826087
v -4.565217 0.004506 -3.260870
v -4.565217 -0.000007 -3.695652
v -4.565217 0.000000 -4.130435
v -4.565217 0.000000 -4.565217
v -4.565217 0.000000 -5.000000
v -4.130435 0.000000 5.000000
v -4.130435 0.000000 4.565217
v -4.130435 -0.000523 4.130435
v -4.130435 0.001618 3.695652
v -4.130435 0.039120 3.260870
v -4.130435 0.067315 2.826087
v -4.130435 0.008764 2.391304
v -4.130435 -0.048145 1.956522
v -4.130435 0.022949 1.521739
v -4.130435 0.089888 1.086957
v -4.130435 0.090384 0.652174
v -4.130435 0.019839 0.217391
v -4.130435 -0.008962 -0.217391
v -4.130435 0.060970 -0.652174
v -4.130435 -0.024105 -1.086957
v -4.130435 -0.059897 -1.521739
v -4.130435 0.044711 -1.956522
v -4.130435 0.127821 -2.391304
v -4.130435 0.004013 -2.826087
v -4.130435 0.015227 -3.260870
v -4.130435 0.006988 -3.695652
v -4.130435 -0.001653 -4.130435
v -4.130435 0.000000 -4.565217
v -4.130435 0.000000 -5.000000
v -3.695652 0.000000 5.000000
v -3.695652 -0.000001 4.565217
v -3.695652 0.000514 4.130435
v -3.695652 0.005558 3.695652
v -3.695652 0.022826 3.260870
v -3.695652 -0.025460 2.826087
v -3.695652 0.046127 2.391304
v -3.695652 0.065829 1.956522
v -3.695652 0.062418 1.521739
v -3.695652 0.105127 1.086957
v -3.695652 -0.003799 0.652174
v -3.695652 -0.074242 0.217391
v -3.695652 0.178151 -0.217391
v -3.695652 0.153968 -0.652174
v -3.695652 0.048782 -1.086957
v -3.695652 0.110798 -1.521739
v -3.695652 0.053955 -1.956522
v -3.695652 0.108935 -2.391304
v -3.695652 0.032549 -2.826087
v -3.695652 -0.110798 -3.260870
v -3.695652 -0.016567 -3.695652
v -3.695652 -0.009707 -4.130435
v -3.695652 -0.000010 -4.565217
v -3.695652 0.000000 -5.000000
v -3.260870 0.000000 5.000000
v -3.260870 0.001301 4.565217
v -3.260870 0.005518 4.130435
v -3.260870 -0.057266 3.695652
v -3.260870 0.001105 3.260870
v -3.260870 0.051629 2.826087
v -3.260870 -0.096297 2.391304
v -3.260870 -0.124128 1.956522
v -3.260870 0.011925 1.521739
v -3.260870 0.083301 1.086957
v -3.260870 0.126719 0.652174
v -3.260870 0.172815 0.217391
v -3.260870 -0.038018 -0.217391
v -3.260870 0.202238 -0.652174
v -3.260870 0.038859 -1.086957
v -3.260870 -0.055606 -1.521739
v -3.260870 0.060566 -1.956522
v -3.260870 0.018364 -2.391304
v -3.260870 -0.123805 -2.826087
v -3.260870 0.012667 -3.260870
v -3.260870 -0.068614 -3.695652
v -3.260870 -0.043099 -4.130435
v -3.260870 0.001174 -4.565217
v -3.260870 0.000000 -5.000000
v -2.826087 0.000000 5.000000
v -2.826087 0.006990 4.565217
v -2.826087 -0.015483 4.130435
v -2.826087 -0.081725 3.695652
v -2.826087 -0.062681 3.260870
v -2.826087 -0.000628 2.826087
v -2.826087 -0.361474 2.391304
v -2.826087 -0.123424 1.956522
v -2.826087 0.192154 1.521739
v -2.826087 0.031171 1.086957
v -2.826087 0.370986 0.652174
v -2.826087 0.055074 0.217391
v -2.826087 -0.255189 -0.217391
v -2.826087 -0.196035 -0.652174
v -2.826087 -0.276496 -1.086957
v -2.826087 -0.282111 -1.521739
v -2.826087 -0.106211 -1.956522
v -2.826087 -0.219643 -2.391304
v -2.826087 -0.034796 -2.826087
v -2.826087 -0.055964 -3.260870
v -2.826087 -0.082522 -3.695652
v -2.826087 -0.041581 -4.130435
v -2.826087 0.004031 -4.565217
v -2.826087 0.000000 -5.000000
v -2.391304 0.000000 5.000000
v -2.391304 -0.000161 4.565217
v -2.391304 -0.082248 4.130435
v -2.391304 -0.013707 3.695652
v -2.391304 0.097112 3.260870
v -2.391304 -0.131697 2.826087
v -2.391304 -0.199769 2.391304
v -2.391304 -0.312686 1.956522
v -2.391304 -0.058885 1.521739
v -2.391304 -0.176878 1.086957
v -2.391304 -0.000501 0.652174
v -2.391304 -0.051056 0.217391
v -2.391304 -0.085891 -0.217391
v -2.391304 -0.153541 -0.652174
v -2.391304 -0.161550 -1.086957
v -2.391304 0.042397 -1.521739
v -2.391304 -0.003233 -1.956522
v -2.391304 0.058180 -2.391304
v -2.391304 0.053224 -2.826087
v -2.391304 0.042151 -3.260870
v -2.391304 -0.009142 -3.695652
v -2.391304 0.006020 -4.130435
v -2.391304 0.001890 -4.565217
v -2.391304 0.000000 -5.000000
v -1.956522 0.000000 5.000000
v -1.956522 -0.002626 4.565217
v -1.956522 -0.015202 4.130435
v -1.956522 -0.054757 3.695652
v -1.956522 0.041277 3.260870
v -1.956522 0.134981 2.826087
v -1.956522 -0.108208 2.391304
v -1.956522 -0.362237 1.956522
v -1.956522 -0.295993 1.521739
v -1.956522 0.180542 1.086957
v -1.956522 0.055939 0.652174
v -1.956522 -0.174679 0.217391
v -1.956522 -0.131145 -0.217391
v -1.956522 -0.141506 -0.652174
v -1.956522 0.110232 -1.086957
v -1.956522 0.310651 -1.521739
v -1.956522 0.007092 -1.956522
v -1.956522 0.052086 -2.391304
v -1.956522 0.190890 -2.826087
v -1.956522 0.055204 -3.260870
v -1.956522 0.126654 -3.695652
v -1.956522 -0.005637 -4.130435
v -1.956522 -0.007663 -4.565217
v -1.956522 0.000000 -5.000000
v -1.521739 0.000000 5.000000
v -1.521739 0.008025 4.565217
v -1.521739 -0.025531 4.130435
v -1.521739 0.032263 3.695652
v -1.521739 -0.009212 3.260870
v -1.521739 0.015424 2.826087
v -1.521739 0.120069 2.391304
v -1.521739 -0.088957 1.956522
v -1.521739 0.034707 1.521739
v -1.521739 -0.071347 1.086957
v -1.521739 0.335712 0.652174
v -1.521739 0.018917 0.217391
v -1.521739 -0.595436 -0.217391
v -1.521739 -0.658232 -0.652174
v -1.521739 -0.666204 -1.086957
v -1.521739 -0.100733 -1.521739
v -1.521739 0.080398 -1.956522
v -1.521739 0.458763 -2.391304
v -1.521739 -0.346304 -2.826087
v -1.521739 -0.038465 -3.260870
v -1.521739 0.016457 -3.695652
v -1.521739 -0.034334 -4.130435
v -1.521739 0.000728 -4.565217
v -1.521739 0.000000 -5.000000
v -1.086957 0.000000 5.000000
v -1.086957 -0.013695 4.565217
v -1.086957 0.015430 4.130435
v -1.086957 -0.158616 3.695652
v -1.086957 0.019440 3.260870
v -1.086957 0.040808 2.826087
v -1.086957 -0.227449 2.391304
v -1.086957 0.113655 1.956522
v -1.086957 -0.222075 1.521739
v -1.086957 -0.430269 1.086957
v -1.086957 -0.076120 0.652174
v -1.086957 -0.550450 0.217391
v -1.086957 -0.130955 -0.217391
v -1.086957 -0.206853 -0.652174
v -1.086957 -0.298264 -1.086957
v -1.086957 -0.097586 -1.521739
v -1.086957 -0.010073 -1.956522
v -1.086957 0.182610 -2.391304
v -1.086957 -0.175713 -2.826087
v -1.086957 -0.020620 -3.260870
v -1.086957 -0.047364 -3.695652
v -1.086957 -0.102953 -4.130435
v -1.086957 -0.012473 -4.565217
v -1.086957 0.000000 -5.000000
v -0.652174 0.000000 5.000000
v -0.652174 -0.028245 4.565217
v -0.652174 -0.033045 4.130435
v -0.652174 -0.112344 3.695652
v -0.652174 -0.162125 3.260870
v -0.652174 -0.160858 2.826087
v -0.652174 -0.439705 2.391304
v -0.652174 -0.045359 1.956522
v -0.652174 -0.004181 1.521739
v -0.652174 0.152816 1.086957
v -0.652174 0.494515 0.652174
v -0.652174 -0.094806 0.217391
v -0.652174 0.293691 -0.217391
v -0.652174 -0.067870 -0.652174
v -0.652174 -0.239607 -1.086957
v -0.652174 -0.209717 -1.521739
v -0.652174 -0.104497 -1.956522
v -0.652174 -0.124005 -2.391304
v -0.652174 0.048421 -2.826087
v -0.652174 -0.080708 -3.260870
v -0.652174 -0.162233 -3.695652
v -0.652174 -0.086313 -4.130435
v -0.652174 -0.003333 -4.565217
v -0.652174 0.000000 -5.000000
v -0.217391 0.000000 5.000000
v -0.217391 0.010387 4.565217
v -0.217391 -0.024652 4.130435
v -0.217391 0.143266 3.695652
v -0.217391 0.016199 3.260870
v -0.217391 0.015900 2.826087
v -0.217391 -0.038775 2.391304
v -0.217391 0.064865 1.956522
v -0.217391 -0.281612 1.521739
v -0.217391 -0.131222 1.086957
v -0.217391 0.074748 0.652174
v -0.217391 -0.112226 0.217391
v -0.217391 -0.151644 -0.217391
v -0.217391 -0.037573 -0.652174
v -0.217391 -0.021950 -1.086957
v -0.217391 0.401752 -1.521739
v -0.217391 -0.042480 -1.956522
v -0.217391 0.230933 -2.391304
v -0.217391 -0.168812 -2.826087
v -0.217391 -0.085294 -3.260870
v -0.217391 -0.101083 -3.695652
v -0.217391 0.004747 -4.130435
v -0.217391 0.003972 -4.565217
v -0.217391 0.000000 -5.000000
v 0.217391 0.000000 5.000000
v 0.217391 0.012684 4.565217
v 0.217391 0.055607 4.130435
v 0.217391 0.036676 3.695652
v 0.217391 -0.004294 3.260870
v 0.217391 0.091270 2.826087
v 0.217391 0.148750 2.391304
v 0.217391 0.308793 1.956522
v 0.217391 0.058741 1.521739
v 0.217391 0.293076 1.086957
v 0.217391 0.048358 0.652174
v 0.217391 0.149703 0.217391
v 0.217391 -0.192829 -0.217391
v 0.217391 -0.242553 -0.652174
v 0.217391 -0.311542 -1.086957
v 0.217391 0.283619 -1.521739
v 0.217391 -0.233903 -1.956522
v 0.217391 -0.010713 -2.391304
v 0.217391 0.089446 -2.826087
v 0.217391 -0.088665 -3.260870
v 0.217391 0.043043 -3.695652
v 0.217391 -0.092024 -4.130435
v 0.217391 0.014845 -4.565217
v 0.217391 0.000000 -5.000000
v 0.652174 0.000000 5.000000
v 0.652174 0.005785 4.565217
v 0.652174 0.075291 4.130435
v 0.652174 -0.061065 3.695652
v 0.652174 -0.069028 3.260870
v 0.652174 -0.007086 2.826087
v 0.652174 -0.244723 2.391304
v 0.652174 -0.442039 1.956522
v 0.652174 -0.192861 1.521739
v 0.652174 0.006045 1.086957
v 0.652174 -0.109072 0.652174
v 0.652174 0.226037 0.217391
v 0.652174 0.361571 -0.217391
v 0.652174 -0.020533 -0.652174
v 0.652174 0.303296 -1.086957
v 0.652174 0.018801 -1.521739
v 0.652174 0.061454 -1.956522
v 0.652174 -0.480059 -2.391304
v 0.652174 -0.083582 -2.826087
v 0.652174 -0.032755 -3.260870
v 0.652174 -0.029848 -3.695652
v 0.652174 -0.094708 -4.130435
v 0.652174 0.003570 -4.565217
v 0.652174 0.000000 -5.000000
v 1.086957 0.000000 5.000000
v 1.086957 -0.002406 4.565217
v 1.086957 0.058752 4.130435
v 1.086957 -0.098794 3.695652
v 1.086957 0.081328 3.260870
v 1.086957 0.098766 2.826087
v 1.086957 -0.189655 2.391304
v 1.086957 -0.274025 1.956522
v 1.086957 0.160018 1.521739
v 1.086957 -0.233235 1.086957
v 1.086957 -0.531973 0.652174
v 1.086957 -0.088834 0.217391
v 1.086957 0.383091 -0.217391
v 1.086957 -0.033880 -0.652174
v 1.086957 0.240242 -1.086957
v 1.086957 0.230417 -1.521739
v 1.086957 -0.048696 -1.956522
v 1.086957 -0.254419 -2.391304
v 1.086957 0.166723 -2.826087
v 1.086957 0.001868 -3.260870
v 1.086957 -0.088324 -3.695652
v 1.086957 -0.039713 -4.130435
v 1.086957 -0.007650 -4.565217
v 1.086957 0.000000 -5.000000
v 1.521739 0.000000 5.000000
v 1.521739 -0.016091 4.565217
v 1.521739 -0.075960 4.130435
v 1.521739 0.092937 3.695652
v 1.521739 0.026138 3.260870
v 1.521739 0.160127 2.826087
v 1.521739 0.073807 2.391304
v 1.521739 0.037269 1.956522
v 1.521739 0.207847 1.521739
v 1.521739 -0.049569 1.086957
v 1.521739 0.103725 0.652174
v 1.521739 -0.356453 0.217391
v 1.521739 -0.521224 -0.217391
v 1.521739 -0.394105 -0.652174
v 1.521739 0.146312 -1.086957
v 1.521739 0.303600 -1.521739
v 1.521739 0.401006 -1.956522
v 1.521739 -0.054608 -2.391304
v 1.521739 0.107645 -2.826087
v 1.521739 0.141201 -3.260870
v 1.521739 0.039668 -3.695652
v 1.521739 0.010677 -4.130435
v 1.521739 -0.027832 -4.565217
v 1.521739 0.000000 -5.000000
v 1.956522 0.000000 5.000000
v 1.956522 -0.011156 4.565217
v 1.956522 0.051999 4.130435
v 1.956522 0.014636 3.695652
v 1.956522 -0.123037 3.260870
v 1.956522 -0.232521 2.826087
v 1.956522 -0.129287 2.391304
v 1.956522 0.014574 1.956522
v 1.956522 0.279289 1.521739
v 1.956522 -0.056782 1.086957
v 1.956522 -0.052307 0.652174
v 1.956522 -0.253173 0.217391
v 1.956522 -0.286986 -0.217391
v 1.956522 -0.238576 -0.652174
v 1.956522 -0.021520 -1.086957
v 1.956522 0.163136 -1.521739
v 1.956522 0.047165 -1.956522
v 1.956522 -0.150636 -2.391304
v 1.956522 0.082449 -2.826087
v 1.956522 0.167232 -3.260870
v 1.956522 -0.095581 -3.695652
v 1.956522 0.039823 -4.130435
v 1.956522 -0.002130 -4.565217
v 1.956522 0.000000 -5.000000
v 2.391304 0.000000 5.000000
v 2.391304 -0.014630 4.565217
v 2.391304 -0.038005 4.130435
v 2.391304 0.063030 3.695652
v 2.391304 -0.019271 3.260870
v 2.391304 -0.013655 2.826087
v 2.391304 0.097977 2.391304
v 2.391304 -0.208172 1.956522
v 2.391304 -0.075697 1.521739
v 2.391304 -0.255939 1.086957
v 2.391304 -0.032770 0.652174
v 2.391304 0.381466 0.217391
v 2.391304 0.085269 -0.217391
v 2.391304 0.031703 -0.652174
v 2.391304 -0.014325 -1.086957
v 2.391304 -0.062702 -1.521739
v 2.391304 0.098217 -1.956522
v 2.391304 -0.137989 -2.391304
v 2.391304 -0.170031 -2.826087
v 2.391304 -0.066761 -3.260870
v 2.391304 -0.116169 -3.695652
v 2.391304 0.008037 -4.130435
v 2.391304 -0.003482 -4.565217
v 2.391304 0.000000 -5.000000
v 2.826087 0.000000 5.000000
v 2.826087 0.007788 4.565217
v 2.826087 -0.004288 4.130435
v 2.826087 -0.022923 3.695652
v 2.826087 0.022293 3.260870
v 2.826087 -0.117940 2.826087
v 2.826087 0.022907 2.391304
v 2.826087 0.292752 1.956522
v 2.826087 -0.342835 1.521739
v 2.826087 -0.080304 1.086957
v 2.826087 -0.345384 0.652174
v 2.826087 0.047819 0.217391
v 2.826087 0.183305 -0.217391
v 2.826087 0.214183 -0.652174
v 2.826087 0.140581 -1.086957
v 2.826087 0.137159 -1.521739
v 2.826087 0.124930 -1.956522
v 2.826087 -0.020112 -2.391304
v 2.826087 -0.040823 -2.826087
v 2.826087 0.096964 -3.260870
v 2.826087 0.076573 -3.695652
v 2.826087 0.026081 -4.130435
v 2.826087 -0.002086 -4.565217
v 2.826087 0.000000 -5.000000
v 3.260870 0.000000 5.000000
v 3.260870 -0.003083 4.565217
v 3.260870 0.008253 4.130435
v 3.260870 -0.035230 3.695652
v 3.260870 0.060040 3.260870
v 3.260870 0.044756 2.826087
v 3.260870 0.004688 2.391304
v 3.260870 -0.104511 1.956522
v 3.260870 -0.156451 1.521739
v 3.260870 0.013176 1.086957
v 3.260870 0.016469 0.652174
v 3.260870 0.039699 0.217391
v 3.260870 0.041091 -0.217391
v 3.260870 -0.085297 -0.652174
v 3.260870 -0.057854 -1.086957
v 3.260870 0.191259 -1.521739
v 3.260870 -0.009610 -1.956522
v 3.260870 0.337799 -2.391304
v 3.260870 0.076866 -2.826087
v 3.260870 0.035396 -3.260870
v 3.260870 0.003162 -3.695652
v 3.260870 0.003429 -4.130435
v 3.260870 0.002012 -4.565217
v 3.260870 0.000000 -5.000000
v 3.695652 0.000000 5.000000
v 3.695652 0.000006 4.565217
v 3.695652 -0.011329 4.130435
v 3.695652 -0.024631 3.695652
v 3.695652 0.043614 3.260870
v 3.695652 0.008341 2.826087
v 3.695652 0.034210 2.391304
v 3.695652 0.011309 1.956522
v 3.695652 0.058377 1.521739
v 3.695652 0.011915 1.086957
v 3.695652 -0.132037 0.652174
v 3.695652 -0.025421 0.217391
v 3.695652 0.139411 -0.217391
v 3.695652 0.009389 -0.652174
v 3.695652 0.150551 -1.086957
v 3.695652 0.049441 -1.521739
v 3.695652 -0.041152 -1.956522
v 3.695652 -0.143706 -2.391304
v 3.695652 -0.134240 -2.826087
v 3.695652 -0.009917 -3.260870
v 3.695652 -0.004144 -3.695652
v 3.695652 0.007832 -4.130435
v 3.695652 0.000015 -4.565217
v 3.695652 0.000000 -5.000000
v 4.130435 0.000000 5.000000
v 4.130435 0.000000 4.565217
v 4.130435 0.000982 4.130435
v 4.130435 0.006805 3.695652
v 4.130435 0.026487 3.260870
v 4.130435 -0.001586 2.826087
v 4.130435 -0.039100 2.391304
v 4.130435 -0.003540 1.956522
v 4.130435 -0.015502 1.521739
v 4.130435 0.092288 1.086957
v 4.130435 -0.060792 0.652174
v 4.130435 -0.005971 0.217391
v 4.130435 0.069198 -0.217391
v 4.130435 0.078470 -0.652174
v 4.130435 -0.050554 -1.086957
v 4.130435 -0.034762 -1.521739
v 4.130435 -0.066837 -1.956522
v 4.130435 -0.008406 -2.391304
v 4.130435 -0.033129 -2.826087
v 4.130435 -0.002789 -3.260870
v 4.130435 0.002332 -3.695652
v 4.130435 0.001629 -4.130435
v 4.130435 0.000000 -4.565217
v 4.130435 0.000000 -5.000000
v 4.565217 0.000000 5.000000
v 4.565217 0.000000 4.565217
v 4.565217 0.000000 4.130435
v 4.565217 0.000002 3.695652
v 4.565217 0.005043 3.260870
v 4.565217 -0.005062 2.826087
v 4.565217 0.001604 2.391304
v 4.565217 -0.010560 1.956522
v 4.565217 0.003875 1.521739
v 4.565217 0.020137 1.086957
v 4.565217 0.007410 0.652174
v 4.565217 0.006574 0.217391
v 4.565217 0.005105 -0.217391
v 4.565217 -0.000256 -0.652174
v 4.565217 -0.028378 -1.086957
v 4.565217 -0.007333 -1.521739
v 4.565217 -0.013672 -1.956522
v 4.565217 0.004030 -2.391304
v 4.565217 -0.003407 -2.826087
v 4.565217 0.006050 -3.260870
v 4.565217 0.000004 -3.695652
v 4.565217 0.000000 -4.130435
v 4.565217 0.000000 -4.565217
v 4.565217 0.000000 -5.000000
v 5.000000 0.000000 5.000000
v 5.000000 0.000000 4.565217
v 5.000000 0.000000 4.130435
v 5.000000 0.000000 3.695652
v 5.000000 0.000000 3.260870
v 5.000000 0.000000 2.826087
v 5.000000 0.000000 2.391304
v 5.000000 0.000000 1.956522
v 5.000000 0.000000 1.521739
v 5.000000 0.000000 1.086957
v 5.000000 0.000000 0.652174
v 5.000000 0.000000 0.217391
v 5.000000 0.000000 -0.217391
v 5.000000 0.000000 -0.652174
v 5.000000 0.000000 -1.086957
v 5.000000 0.000000 -1.521739
v 5.000000 0.000000 -1.956522
v 5.000000 0.000000 -2.391304
v 5.000000 0.000000 -2.826087
v 5.000000 0.000000 -3.260870
v 5.000000 0.000000 -3.695652
v 5.000000 0.000000 -4.130435
v 5.000000 0.000000 -4.565217
v 5.000000 0.000000 -5.000000
s 1
f 2 1 25 26
f 3 2 26 27
f 4 3 27 28
f 5 4 28 29
f 6 5 29 30
f 7 6 30 31
f 8 7 31 32
f 9 8 32 33
f 10 9 33 34
f 11 10 34 35
f 12 11 35 36
f 13 12 36 37
f 14 13 37 38
f 15 14 38 39
f 16 15 39 40
f 17 16 40 41
f 18 17 41 42
f 19 18 42 43
f 20 19 43 44
f 21 20 44 45
f 22 21 45 46
f 23 22 46 47
f 24 23 47 48
f 26 25 49 50
f 27 26 50 51
f 28 27 51 52
f 29 28 52 53
f 30 29 53 54
f 31 30 54 55
f 32 31 55 56
f 33 32 56 57
f 34 33 57 58
f 35 34 58 59
f 36 35 59 60
f 37 36 60 61
f 38 37 61 62
f 39 38 62 63
f 40 39 63 64
f 41 40 64 65
f 42 41 65 66
f 43 42 66 67
f 44 43 67 68
f 45 44 68 69
f 46 45 69 70
f 47 46 70 71
f 48 47 71 72
f 50 49 73 74
f 51 50 74 75
f 52 51 75 76
f 53 52 76 77
f 54 53 77 78
f 55 54 78 79
f 56 55 79 80
f 57 56 80 81
f 58 57 81 82
f 59 58 82 83
f 60 59 83 84
f 61 60 84 85
f 62 61 85 86
f 63 62 86 87
f 64 63 87 88
f 65 64 88 89
f 66 65 89 90
f 67 66 90 91
f 68 67 91 92
f 69 68 92 93
f 70 69 93 94
f 71 70 94 95
f 72 71 95 96
f 74 73 97 98
f 75 74 98 99
f 76 75 99 100
f 77 76 100 101
f 78 77 101 102
f 79 78 102 103
f 80 79 103 104
f 81 80 104 105
f 82 81 105 106
f 83 82 106 107
f 84 83 107 108
f 85 84 108 109
f 86 85 109 110
f 87 86 110 111
f 88 87 111 112
f 89 88 112 113
f 90 89 113 114
f 91 90 114 115
f 92 91 115 116
f 93 92 116 117
f 94 93 117 118
f 95 94 118 119
f 96 95 119 120
f 98 97 121 122
f 99 98 122 123
f 100 99 123 124
f 101 100 124 125
f 102 101 125 126
f 103 102 126 127
f 104 103 127 128
f 105 104 128 129
f 106 105 129 130
f 107 106 130 131
f 108 107 131 132
f 109 108 132 133
f 110 109 133 134
f 111 110 134 135
f 112 111 135 136
f 113 112 136 137
f 114 113 137 138
f 115 114 138 139
f 116 115 139 140
f 117 116 140 141
f 118 117 141 142
f 119 118 142 143
f 120 119 143 144
f 122 121 145 146
f 123 122 146 147
f 124 123 147 148
f 125 124 148 149
f 126 125 149 150
f 127 126 150 151
f 128 127 151 152
f 129 128 152 153
f 130 129 153 154
f 131 130 154 155
f 132 131 155 156
f 133 132 156 157
f 134 133 157 158
f 135 134 158 159
f 136 135 159 160
f 137 136 160 161
f 138 137 161 162
f 139 138 162 163
f 140 139 163 164
f 141 140 164 165
f 142 141 165 166
f 143 142 166 167
f 144 143 167 168
f 146 145 169 170
f 147 146 170 171
f 148 147 171 172
f 149 148 172 173
f 150 149 173 174
f 151 150 174 175
f 152 151 175 176
f 153 152 176 177
f 154 153 177 178
f 155 154 178 179
f 156 155 179 180
f 157 156 180 181
f 158 157 181 182
f 159 158 182 183
f 160 159 183 184
f 161 160 184 185
f 162 161 185 186
f 163 162 186 187
f 164 163 187 188
f 165 164 188 189
f 166 165 189 190
f 167 166 190 191
f 168 167 191 192
f 170 169 193 194
f 171 170 194 195
f 172 171 195 196
f 173 172 196 197
f 174 173 197 198
f 175 174 198 199
f 176 175 199 200
f 177 176 200 201
f 178 177 201 202
f 179 178 202 203
f 180 179 203 204
f 181 180 204 205
f 182 181 205 206
f 183 182 206 207
f 184 183 207 208
f 185 184 208 209
f 186 185 209 210
f 187 186 210 211
f 188 187 211 212
f 189 188 212 213
f 190 189 213 214
f 191 190 214 215
f 192 191 215 216
f 194 193 217 218
f 195 194 218 219
f 196 195 219 220
f 197 196 220 221
f 198 197 221 222
f 199 198 222 223
f 200 199 223 224
f 201 200 224 225
f 202 201 225 226
f 203 202 226 227
f 204 203 227 228
f 205 204 228 229
f 206 205 229 230
f 207 206 230 231
f 208 207 231 232
f 209 208 232 233
f 210 209 233 234
f 211 210 234 235
f 212 211 235 236
f 213 212 236 237
f 214 213 237 238
f 215 214 238 239
f 216 215 239 240
f 218 217 241 242
f 219 218 242 243
f 220 219 243 244
f 221 220 244 245
f 222 221 245 246
f 223 222 246 247
f 224 223 247 248
f 225 224 248 249
f 226 225 249 250
f 227 226 250 251
f 228 227 251 252
f 229 228 252 253
f 230 229 253 254
f 231 230 254 255
f 232 231 255 256
f 233 232 256 257
f 234 233 257 258
f 235 234 258 259
f 236 235 259 260
f 237 236 260 261
f 238 237 261 262
f 239 238 262 263
f 240 239 263 264
f 242 241 265 266
f 243 242 266 267
f 244 243 267 268
f 245 244 268 269
f 246 245 269 270
f 247 246 270 271
f 248 247 271 272
f 249 248 272 273
f 250 249 273 274
f 251 250 274 275
f 252 251 275 276
f 253 252 276 277
f 254 253 277 278
f 255 254 278 279
f 256 255 279 280
f 257 256 280 281
f 258 257 281 282
f 259 258 282 283
f 260 259 283 284
f 261 260 284 285
f 262 261 285 286
f 263 262 286 287
f 264 263 287 288
f 266 265 289 290
f 267 266 290 291
f 268 267 291 292
f 269 268 292 293
f 270 269 293 294
f 271 270 294 295
f 272 271 295 296
f 273 272 296 297
f 274 273 297 298
f 275 274 298 299
f 276 275 299 300
f 277 276 300 301
f 278 277 301 302
f 279 278 302 303
f 280 279 303 304
f 281 280 304 305
f 282 281 305 306
f 283 282 306 307
f 284 283 307 308
f 285 284 308 309
f 286 285 309 310
f 287 286 310 311
f 288 287 311 312
f 290 289 313 314
f 291 290 314 315
f 292 291 315 316
f 293 292 316 317
f 294 293 317 318
f 295 294 318 319
f 296 295 319 320
f 297 296 320 321
f 298 297 321 322
f 299 298 322 323
f 300 299 323 324
f 301 300 324 325
f 302 301 325 326
f 303 302 326 327
f 304 303 327 328
f 305 304 328 329
f 306 305 329 330
f 307 306 330 331
f 308 307 331 332
f 309 308 332 333
f 310 309 333 334
f 311 310 334 335
f 312 311 335 336
f 314 313 337 338
f 315 314 338 339
f 316 315 339 340
f 317 316 340 341
f 318 317 341 342
f 319 318 342 343
f 320 319 343 344
f 321 320 344 345
f 322 321 345 346
f 323 322 346 347
f 324 323 347 348
f 325 324 348 349
f 326 325 349 350
f 327 326 350 351
f 328 327 351 352
f 329 328 352 353
f 330 329 353 354
f 331 330 354 355
f 332 331 355 356
f 333 332 356 357
f 334 333 357 358
f 335 334 358 359
f 336 335 359 360
f 338 337 361 362
f 339 338 362 363
f 340 339 363 364
f 341 340 364 365
f 342 341 365 366
f 343 342 366 367
f 344 343 367 368
f 345 344 368 369
f 346 345 369 370
f 347 346 370 371
f 348 347 371 372
f 349 348 372 373
f 350 349 373 374
f 351 350 374 375
f 352 351 375 376
f 353 352 376 377
f 354 353 377 378
f 355 354 378 379
f 356 355 379 380
f 357 356 380 381
f 358 357 381 382
f 359 358 382 383
f 360 359 383 384
f 362 361 385 386
f 363 362 386 387
f 364 363 387 388
f 365 364 388 389
f 366 365 389 390
f 367 366 390 391
f 368 367 391 392
f 369 368 392 393
f 370 369 393 394
f 371 370 394 395
f 372 371 395 396
f 373 372 396 397
f 374 373 397 398
f 375 374 398 399
f 376 375 399 400
f 377 376 400 401
f 378 377 401 402
f 379 378 402 403
f 380 379 403 404
f 381 380 404 405
f 382 381 405 406
f 383 382 406 407
f 384 383 407 408
f 386 385 409 410
f 387 386 410 411
f 388 387 411 412
f 389 388 412 413
f 390 389 413 414
f 391 390 414 415
f 392 391 415 416
f 393 392 416 417
f 394 393 417 418
f 395 394 418 419
f 396 395 419 420
f 397 396 420 421
f 398 397 421 422
f 399 398 422 423
f 400 399 423 424
f 401 400 424 425
f 402 401 425 426
f 403 402 426 427
f 404 403 427 428
f 405 404 428 429
f 406 405 429 430
f 407 406 430 431
f 408 407 431 432
f 410 409 433 434
f 411 410 434 435
f 412 411 435 436
f 413 412 436 437
f 414 413 437 438
f 415 414 438 439
f 416 415 439 440
f 417 416 440 441
f 418 417 441 442
f 419 418 442 443
f 420 419 443 444
f 421 420 444 445
f 422 421 445 446
f 423 422 446 447
f 424 423 447 448
f 425 424 448 449
f 426 425 449 450
f 427 426 450 451
f 428 427 451 452
f 429 428 452 453
f 430 429 453 454
f 431 430 454 455
f 432 431 455 456
f 434 433 457 458
f 435 434 458 459
f 436 435 459 460
f 437 436 460 461
f 438 437 461 462
f 439 438 462 463
f 440 439 463 464
f 441 440 464 465
f 442 441 465 466
f 443 442 466 467
f 444 443 467 468
f 445 444 468 469
f 446 445 469 470
f 447 446 470 471
f 448 447 471 472
f 449 448 472 473
f 450 449 473 474
f 451 450 474 475
f 452 451 475 476
f 453 452 476 477
f 454 453 477 478
f 455 454 478 479
f 456 455 479 480
f 458 457 481 482
f 459 458 482 483
f 460 459 483 484
f 461 460 484 485
f 462 461 485 486
f 463 462 486 487
f 464 463 487 488
f 465 464 488 489
f 466 465 489 490
f 467 466 490 491
f 468 467 491 492
f 469 468 492 493
f 470 469 493 494
f 471 470 494 495
f 472 471 495 496
f 473 472 496 497
f 474 473 497 498
f 475 474 498 499
f 476 475 499 500
f 477 476 500 501
f 478 477 501 502
f 479 478 502 503
f 480 479 503 504
f 482 481 505 506
f 483 482 506 507
f 484 483 507 508
f 485 484 508 509
f 486 485 509 510
f 487 486 510 511
f 488 487 511 512
f 489 488 512 513
f 490 489 513 514
f 491 490 514 515
f 492 491 515 516
f 493 492 516 517
f 494 493 517 518
f 495 494 518 519
f 496 495 519 520
f 497 496 520 521
f 498 497 521 522
f 499 498 522 523
f 500 499 523 524
f 501 500 524 525
f 502 501 525 526
f 503 502 526 527
f 504 503 527 528
f 506 505 529 530
f 507 506 530 531
f 508 507 531 532
f 509 508 532 533
f 510 509 533 534
f 511 510 534 535
f 512 511 535 536
f 513 512 536 537
f 514 513 537 538
f 515 514 538 539
f 516 515 539 540
f 517 516 540 541
f 518 517 541 542
f 519 518 542 543
f 520 519 543 544
f 521 520 544 545
f 522 521 545 546
f 523 522 546 547
f 524 523 547 548
f 525 524 548 549
f 526 525 549 550
f 527 526 550 551
f 528 527 551 552
f 530 529 553 554
f 531 530 554 555
f 532 531 555 556
f 533 532 556 557
f 534 533 557 558
f 535 534 558 559
f 536 535 559 560
f 537 536 560 561
f 538 537 561 562
f 539 538 562 563
f 540 539 563 564
f 541 540 564 565
f 542 541 565 566
f 543 542 566 567
f 544 543 567 568
f 545 544 568 569
f 546 545 569 570
f 547 546 570 571
f 548 547 571 572
f 549 548 572 573
f 550 549 573 574
f 551 550 574 575
f 552 551 575 576
