# Blender v2.79 (sub 0) OBJ File: ''
# www.blender.org
v -5.000000 0.000000 5.000000
v -5.000000 0.000000 4.600000
v -5.000000 0.000000 4.200000
v -5.000000 0.000000 3.800000
v -5.000000 0.000000 3.400000
v -5.000000 0.000000 3.000000
v -5.000000 0.000000 2.600000
v -5.000000 0.000000 2.200000
v -5.000000 0.000000 1.800000
v -5.000000 0.000000 1.400000
v -5.000000 0.000000 1.000000
v -5.000000 0.000000 0.600000
v -5.000000 0.000000 0.200000
v -5.000000 0.000000 -0.200000
v -5.000000 0.000000 -0.600000
v -5.000000 0.000000 -1.000000
v -5.000000 0.000000 -1.400000
v -5.000000 0.000000 -1.800000
v -5.000000 0.000000 -2.200000
v -5.000000 0.000000 -2.600000
v -5.000000 0.000000 -3.000000
v -5.000000 0.000000 -3.400000
v -5.000000 0.000000 -3.800000
v -5.000000 0.000000 -4.200000
v -5.000000 0.000000 -4.600000
v -5.000000 0.000000 -5.000000
v -4.600000 0.000000 5.000000
v -4.600000 0.000000 4.600000
v -4.600000 0.000000 4.200000
v -4.600000 0.000000 3.800000
v -4.600000 -0.000599 3.400000
v -4.600000 -0.002603 3.000000
v -4.600000 0.004122 2.600000
v -4.600000 -0.005724 2.200000
v -4.600000 0.002080 1.800000
v -4.600000 0.020419 1.400000
v -4.600000 -0.002728 1.000000
v -4.600000 0.006056 0.600000
v -4.600000 0.002709 0.200000
v -4.600000 0.003944 -0.200000
v -4.600000 -0.021922 -0.600000
v -4.600000 0.000509 -1.000000
v -4.600000 -0.016779 -1.400000
v -4.600000 -0.011567 -1.800000
v -4.600000 -0.006096 -2.200000
v -4.600000 -0.011844 -2.600000
v -4.600000 0.007276 -3.000000
v -4.600000 -0.000254 -3.400000
v -4.600000 0.000000 -3.800000
v -4.600000 0.000000 -4.200000
v -4.600000 0.000000 -4.600000
v -4.600000 0.000000 -5.000000
v -4.200000 0.000000 5.000000
v -4.200000 0.000000 4.600000
v -4.200000 -0.000005 4.200000
v -4.200000 0.003597 3.800000
v -4.200000 0.011677 3.400000
v -4.200000 0.073432 3.000000
v -4.200000 0.053633 2.600000
v -4.200000 0.013434 2.200000
v -4.200000 -0.049406 1.800000
v -4.200000 -0.034676 1.400000
v -4.200000 0.033942 1.000000
v -4.200000 0.027459 0.600000
v -4.200000 -0.003702 0.200000
v -4.200000 0.038853 -0.200000
v -4.200000 -0.014849 -0.600000
v -4.200000 0.030472 -1.000000
v -4.200000 0.009689 -1.400000
v -4.200000 -0.004953 -1.800000
v -4.200000 0.044126 -2.200000
v -4.200000 0.030386 -2.600000
v -4.200000 -0.001463 -3.000000
v -4.200000 0.014374 -3.400000
v -4.200000 0.003192 -3.800000
v -4.200000 -0.000004 -4.200000
v -4.200000 0.000000 -4.600000
v -4.200000 0.000000 -5.000000
v -3.800000 0.000000 5.000000
v -3.800000 0.000000 4.600000
v -3.800000 -0.002262 4.200000
v -3.800000 -0.021918 3.800000
v -3.800000 -0.031710 3.400000
v -3.800000 0.058562 3.000000
v -3.800000 0.083937 2.600000
v -3.800000 -0.045226 2.200000
v -3.800000 -0.005152 1.800000
v -3.800000 0.028689 1.400000
v -3.800000 0.089052 1.000000
v -3.800000 -0.008910 0.600000
v -3.800000 -0.093293 0.200000
v -3.800000 0.025766 -0.200000
v -3.800000 0.126589 -0.600000
v -3.800000 -0.052194 -1.000000
v -3.800000 0.020088 -1.400000
v -3.800000 0.128197 -1.800000
v -3.800000 0.118893 -2.200000
v -3.800000 0.115631 -2.600000
v -3.800000 0.002757 -3.000000
v -3.800000 -0.008843 -3.400000
v -3.800000 -0.006086 -3.800000
v -3.800000 -0.006306 -4.200000
v -3.800000 0.000000 -4.600000
v -3.800000 0.000000 -5.000000
v -3.400000 0.000000 5.000000
v -3.400000 -0.000267 4.600000
v -3.400000 0.003624 4.200000
v -3.400000 -0.033595 3.800000
v -3.400000 0.019822 3.400000
v -3.400000 0.056823 3.000000
v -3.400000 0.056223 2.600000
v -3.400000 0.033137 2.200000
v -3.400000 0.192350 1.800000
v -3.400000 0.061618 1.400000
v -3.400000 0.060717 1.000000
v -3.400000 0.214067 0.600000
v -3.400000 0.006818 0.200000
v -3.400000 0.032315 -0.200000
v -3.400000 0.100110 -0.600000
v -3.400000 0.136753 -1.000000
v -3.400000 0.124968 -1.400000
v -3.400000 0.144047 -1.800000
v -3.400000 0.007514 -2.200000
v -3.400000 0.002726 -2.600000
v -3.400000 -0.011477 -3.000000
v -3.400000 -0.027753 -3.400000
v -3.400000 -0.045293 -3.800000
v -3.400000 -0.013068 -4.200000
v -3.400000 -0.000014 -4.600000
v -3.400000 0.000000 -5.000000
v -3.000000 0.000000 5.000000
v -3.000000 0.001838 4.600000
v -3.000000 -0.042182 4.200000
v -3.000000 -0.094009 3.800000
v -3.000000 0.105371 3.400000
v -3.000000 0.091862 3.000000
v -3.000000 0.028496 2.600000
v -3.000000 -0.191919 2.200000
v -3.000000 -0.060761 1.800000
v -3.000000 0.107977 1.400000
v -3.000000 -0.061585 1.000000
v -3.000000 0.217487 0.600000
v -3.000000 0.115883 0.200000
v -3.000000 -0.232902 -0.200000
v -3.000000 -0.114036 -0.600000
v -3.000000 -0.078631 -1.000000
v -3.000000 -0.133357 -1.400000
v -3.000000 -0.099575 -1.800000
v -3.000000 -0.273271 -2.200000
v -3.000000 -0.127263 -2.600000
v -3.000000 -0.223772 -3.000000
v -3.000000 -0.094861 -3.400000
v -3.000000 -0.131970 -3.800000
v -3.000000 -0.042741 -4.200000
v -3.000000 -0.000883 -4.600000
v -3.000000 0.000000 -5.000000
v -2.600000 0.000000 5.000000
v -2.600000 0.009231 4.600000
v -2.600000 -0.011902 4.200000
v -2.600000 -0.079297 3.800000
v -2.600000 0.094388 3.400000
v -2.600000 -0.058722 3.000000
v -2.600000 -0.267060 2.600000
v -2.600000 -0.235581 2.200000
v -2.600000 -0.477595 1.800000
v -2.600000 -0.016773 1.400000
v -2.600000 0.214745 1.000000
v -2.600000 0.270926 0.600000
v -2.600000 0.039306 0.200000
v -2.600000 -0.144339 -0.200000
v -2.600000 0.062628 -0.600000
v -2.600000 -0.308878 -1.000000
v -2.600000 -0.111294 -1.400000
v -2.600000 -0.235102 -1.800000
v -2.600000 -0.164066 -2.200000
v -2.600000 -0.005083 -2.600000
v -2.600000 0.115234 -3.000000
v -2.600000 0.060382 -3.400000
v -2.600000 -0.016070 -3.800000
v -2.600000 -0.005840 -4.200000
v -2.600000 -0.000787 -4.600000
v -2.600000 0.000000 -5.000000
v -2.200000 0.000000 5.000000
v -2.200000 -0.013019 4.600000
v -2.200000 -0.030236 4.200000
v -2.200000 -0.100042 3.800000
v -2.200000 0.061779 3.400000
v -2.200000 0.053800 3.000000
v -2.200000 -0.165151 2.600000
v -2.200000 -0.110094 2.200000
v -2.200000 -0.171712 1.800000
v -2.200000 0.076621 1.400000
v -2.200000 0.070261 1.000000
v -2.200000 0.208285 0.600000
v -2.200000 -0.268880 0.200000
v -2.200000 -0.258572 -0.200000
v -2.200000 -0.217610 -0.600000
v -2.200000 -0.016764 -1.000000
v -2.200000 0.133366 -1.400000
v -2.200000 -0.094671 -1.800000
v -2.200000 0.504013 -2.200000
v -2.200000 0.110643 -2.600000
v -2.200000 0.126269 -3.000000
v -2.200000 -0.132173 -3.400000
v -2.200000 -0.047983 -3.800000
v -2.200000 -0.034231 -4.200000
v -2.200000 -0.000884 -4.600000
v -2.200000 0.000000 -5.000000
v -1.800000 0.000000 5.000000
v -1.800000 0.007960 4.600000
v -1.800000 0.071063 4.200000
v -1.800000 0.038268 3.800000
v -1.800000 0.005115 3.400000
v -1.800000 -0.071109 3.000000
v -1.800000 0.223552 2.600000
v -1.800000 -0.292087 2.200000
v -1.800000 -0.134984 1.800000
v -1.800000 0.259104 1.400000
v -1.800000 -0.144063 1.000000
v -1.800000 0.363618 0.600000
v -1.800000 -0.115281 0.200000
v -1.800000 -0.503932 -0.200000
v -1.800000 -0.203919 -0.600000
v -1.800000 -0.082662 -1.000000
v -1.800000 -0.046120 -1.400000
v -1.800000 -0.264506 -1.800000
v -1.800000 0.170652 -2.200000
v -1.800000 0.186409 -2.600000
v -1.800000 -0.059442 -3.000000
v -1.800000 0.000336 -3.400000
v -1.800000 0.052784 -3.800000
v -1.800000 -0.069312 -4.200000
v -1.800000 0.009061 -4.600000
v -1.800000 0.000000 -5.000000
v -1.400000 0.000000 5.000000
v -1.400000 -0.016800 4.600000
v -1.400000 -0.058849 4.200000
v -1.400000 -0.121754 3.800000
v -1.400000 -0.033694 3.400000
v -1.400000 -0.038824 3.000000
v -1.400000 0.032133 2.600000
v -1.400000 -0.052757 2.200000
v -1.400000 -0.005122 1.800000
v -1.400000 0.129156 1.400000
v -1.400000 -0.156062 1.000000
v -1.400000 0.159653 0.600000
v -1.400000 -0.064491 0.200000
v -1.400000 -0.377194 -0.200000
v -1.400000 -0.487126 -0.600000
v -1.400000 -0.323934 -1.000000
v -1.400000 0.031233 -1.400000
v -1.400000 0.114862 -1.800000
v -1.400000 0.421836 -2.200000
v -1.400000 0.102126 -2.600000
v -1.400000 -0.011980 -3.000000
v -1.400000 -0.028363 -3.400000
v -1.400000 -0.085027 -3.800000
v -1.400000 0.012884 -4.200000
v -1.400000 0.005909 -4.600000
v -1.400000 0.000000 -5.000000
v -1.000000 0.000000 5.000000
v -1.000000 0.002209 4.600000
v -1.000000 -0.014503 4.200000
v -1.000000 -0.122989 3.800000
v -1.000000 0.001813 3.400000
v -1.000000 0.132579 3.000000
v -1.000000 0.279828 2.600000
v -1.000000 0.059549 2.200000
v -1.000000 -0.172763 1.800000
v -1.000000 -0.031594 1.400000
v -1.000000 -0.219616 1.000000
v -1.000000 0.044727 0.600000
v -1.000000 -0.126538 0.200000
v -1.000000 0.111020 -0.200000
v -1.000000 -0.011120 -0.600000
v -1.000000 -0.236804 -1.000000
v -1.000000 0.000267 -1.400000
v -1.000000 -0.208487 -1.800000
v -1.000000 -0.103408 -2.200000
v -1.000000 -0.363609 -2.600000
v -1.000000 0.064361 -3.000000
v -1.000000 0.098648 -3.400000
v -1.000000 0.024333 -3.800000
v -1.000000 -0.052788 -4.200000
v -1.000000 0.009237 -4.600000
v -1.000000 0.000000 -5.000000
v -0.600000 0.000000 5.000000
v -0.600000 -0.018025 4.600000
v -0.600000 -0.048907 4.200000
v -0.600000 -0.089064 3.800000
v -0.600000 -0.070590 3.400000
v -0.600000 -0.132058 3.000000
v -0.600000 -0.260026 2.600000
v -0.600000 -0.459996 2.200000
v -0.600000 -0.141144 1.800000
v -0.600000 -0.064143 1.400000
v -0.600000 0.053235 1.000000
v -0.600000 0.301053 0.600000
v -0.600000 -0.088074 0.200000
v -0.600000 0.338580 -0.200000
v -0.600000 -0.042457 -0.600000
v -0.600000 -0.375233 -1.000000
v -0.600000 -0.261407 -1.400000
v -0.600000 -0.162778 -1.800000
v -0.600000 -0.081655 -2.200000
v -0.600000 0.059840 -2.600000
v -0.600000 -0.143499 -3.000000
v -0.600000 -0.155610 -3.400000
v -0.600000 -0.110747 -3.800000
v -0.600000 -0.110684 -4.200000
v -0.600000 -0.003822 -4.600000
v -0.600000 0.000000 -5.000000
v -0.200000 0.000000 5.000000
v -0.200000 -0.007675 4.600000
v -0.200000 -0.031141 4.200000
v -0.200000 0.064124 3.800000
v -0.200000 0.120286 3.400000
v -0.200000 0.071350 3.000000
v -0.200000 0.147218 2.600000
v -0.200000 0.088173 2.200000
v -0.200000 -0.098284 1.800000
v -0.200000 -0.301899 1.400000
v -0.200000 -0.062100 1.000000
v -0.200000 0.130637 0.600000
v -0.200000 -0.154857 0.200000
v -0.200000 -0.153010 -0.200000
v -0.200000 -0.060183 -0.600000
v -0.200000 -0.264281 -1.000000
v -0.200000 0.136535 -1.400000
v -0.200000 -0.127297 -1.800000
v -0.200000 0.102508 -2.200000
v -0.200000 -0.157659 -2.600000
v -0.200000 -0.149135 -3.000000
v -0.200000 -0.235241 -3.400000
v -0.200000 -0.204069 -3.800000
v -0.200000 -0.015529 -4.200000
v -0.200000 -0.014471 -4.600000
v -0.200000 0.000000 -5.000000
v 0.200000 0.000000 5.000000
v 0.200000 0.020218 4.600000
v 0.200000 0.034862 4.200000
v 0.200000 0.104973 3.800000
v 0.200000 0.063706 3.400000
v 0.200000 -0.153405 3.000000
v 0.200000 0.006118 2.600000
v 0.200000 -0.078086 2.200000
v 0.200000 0.284316 1.800000
v 0.200000 -0.045924 1.400000
v 0.200000 0.352579 1.000000
v 0.200000 0.104998 0.600000
v 0.200000 0.122590 0.200000
v 0.200000 -0.222765 -0.200000
v 0.200000 -0.608096 -0.600000
v 0.200000 -0.413866 -1.000000
v 0.200000 0.137760 -1.400000
v 0.200000 0.201134 -1.800000
v 0.200000 -0.042495 -2.200000
v 0.200000 0.334590 -2.600000
v 0.200000 0.031166 -3.000000
v 0.200000 0.055979 -3.400000
v 0.200000 -0.039905 -3.800000
v 0.200000 -0.000254 -4.200000
v 0.200000 0.021118 -4.600000
v 0.200000 0.000000 -5.000000
v 0.600000 0.000000 5.000000
v 0.600000 0.012411 4.600000
v 0.600000 0.063688 4.200000
v 0.600000 0.042001 3.800000
v 0.600000 0.007749 3.400000
v 0.600000 -0.044328 3.000000
v 0.600000 0.018323 2.600000
v 0.600000 -0.344629 2.200000
v 0.600000 -0.225441 1.800000
v 0.600000 -0.040709 1.400000
v 0.600000 -0.228360 1.000000
v 0.600000 -0.065208 0.600000
v 0.600000 0.321696 0.200000
v 0.600000 0.384545 -0.200000
v 0.600000 0.008587 -0.600000
v 0.600000 0.240512 -1.000000
v 0.600000 0.051507 -1.400000
v 0.600000 0.085088 -1.800000
v 0.600000 -0.080766 -2.200000
v 0.600000 -0.088270 -2.600000
v 0.600000 -0.086287 -3.000000
v 0.600000 0.162541 -3.400000
v 0.600000 -0.131014 -3.800000
v 0.600000 -0.041006 -4.200000
v 0.600000 0.003942 -4.600000
v 0.600000 0.000000 -5.000000
v 1.000000 0.000000 5.000000
v 1.000000 -0.014937 4.600000
v 1.000000 0.063066 4.200000
v 1.000000 0.023014 3.800000
v 1.000000 0.021007 3.400000
v 1.000000 0.004513 3.000000
v 1.000000 -0.243693 2.600000
v 1.000000 -0.158176 2.200000
v 1.000000 -0.409527 1.800000
v 1.000000 0.001610 1.400000
v 1.000000 -0.421288 1.000000
v 1.000000 -0.523383 0.600000
v 1.000000 0.236192 0.200000
v 1.000000 0.611590 -0.200000
v 1.000000 0.071097 -0.600000
v 1.000000 0.271543 -1.000000
v 1.000000 0.279563 -1.400000
v 1.000000 0.242742 -1.800000
v 1.000000 -0.147175 -2.200000
v 1.000000 -0.149701 -2.600000
v 1.000000 0.137456 -3.000000
v 1.000000 -0.216812 -3.400000
v 1.000000 -0.078928 -3.800000
v 1.000000 -0.035482 -4.200000
v 1.000000 -0.006480 -4.600000
v 1.000000 0.000000 -5.000000
v 1.400000 0.000000 5.000000
v 1.400000 -0.002819 4.600000
v 1.400000 0.007256 4.200000
v 1.400000 0.014456 3.800000
v 1.400000 0.157666 3.400000
v 1.400000 0.281506 3.000000
v 1.400000 0.109704 2.600000
v 1.400000 -0.088370 2.200000
v 1.400000 -0.335713 1.800000
v 1.400000 -0.034624 1.400000
v 1.400000 -0.337396 1.000000
v 1.400000 -0.141062 0.600000
v 1.400000 0.042036 0.200000
v 1.400000 -0.022605 -0.200000
v 1.400000 -0.303983 -0.600000
v 1.400000 -0.065606 -1.000000
v 1.400000 0.096997 -1.400000
v 1.400000 0.482574 -1.800000
v 1.400000 -0.135362 -2.200000
v 1.400000 0.100403 -2.600000
v 1.400000 0.152629 -3.000000
v 1.400000 0.207835 -3.400000
v 1.400000 0.048531 -3.800000
v 1.400000 0.011047 -4.200000
v 1.400000 -0.020133 -4.600000
v 1.400000 0.000000 -5.000000
v 1.800000 0.000000 5.000000
v 1.800000 -0.017462 4.600000
v 1.800000 -0.000936 4.200000
v 1.800000 0.022957 3.800000
v 1.800000 0.010038 3.400000
v 1.800000 -0.027314 3.000000
v 1.800000 -0.038268 2.600000
v 1.800000 0.068881 2.200000
v 1.800000 0.138687 1.800000
v 1.800000 0.207764 1.400000
v 1.800000 0.023276 1.000000
v 1.800000 -0.109242 0.600000
v 1.800000 -0.568899 0.200000
v 1.800000 -0.400137 -0.200000
v 1.800000 -0.187986 -0.600000
v 1.800000 -0.237959 -1.000000
v 1.800000 0.112619 -1.400000
v 1.800000 -0.064347 -1.800000
v 1.800000 0.058001 -2.200000
v 1.800000 -0.020499 -2.600000
v 1.800000 0.082568 -3.000000
v 1.800000 0.092220 -3.400000
v 1.800000 -0.034499 -3.800000
v 1.800000 0.044067 -4.200000
v 1.800000 0.003700 -4.600000
v 1.800000 0.000000 -5.000000
v 2.200000 0.000000 5.000000
v 2.200000 -0.001098 4.600000
v 2.200000 -0.026225 4.200000
v 2.200000 0.046084 3.800000
v 2.200000 0.019059 3.400000
v 2.200000 -0.121007 3.000000
v 2.200000 0.076586 2.600000
v 2.200000 -0.132624 2.200000
v 2.200000 0.053444 1.800000
v 2.200000 0.137475 1.400000
v 2.200000 -0.122226 1.000000
v 2.200000 0.193935 0.600000
v 2.200000 0.297362 0.200000
v 2.200000 -0.021107 -0.200000
v 2.200000 -0.246729 -0.600000
v 2.200000 -0.172952 -1.000000
v 2.200000 0.047419 -1.400000
v 2.200000 0.030564 -1.800000
v 2.200000 0.028519 -2.200000
v 2.200000 -0.402470 -2.600000
v 2.200000 -0.010558 -3.000000
v 2.200000 -0.001170 -3.400000
v 2.200000 -0.094749 -3.800000
v 2.200000 0.057512 -4.200000
v 2.200000 0.000815 -4.600000
v 2.200000 0.000000 -5.000000
v 2.600000 0.000000 5.000000
v 2.600000 0.009192 4.600000
v 2.600000 0.007795 4.200000
v 2.600000 -0.019334 3.800000
v 2.600000 -0.093557 3.400000
v 2.600000 0.056169 3.000000
v 2.600000 0.042348 2.600000
v 2.600000 -0.116980 2.200000
v 2.600000 0.068088 1.800000
v 2.600000 -0.484723 1.400000
v 2.600000 -0.163625 1.000000
v 2.600000 -0.299760 0.600000
v 2.600000 0.154484 0.200000
v 2.600000 -0.101380 -0.200000
v 2.600000 0.189339 -0.600000
v 2.600000 0.201381 -1.000000
v 2.600000 0.175718 -1.400000
v 2.600000 0.278254 -1.800000
v 2.600000 -0.085791 -2.200000
v 2.600000 0.101815 -2.600000
v 2.600000 0.017307 -3.000000
v 2.600000 0.075246 -3.400000
v 2.600000 0.023639 -3.800000
v 2.600000 0.026965 -4.200000
v 2.600000 -0.005519 -4.600000
v 2.600000 0.000000 -5.000000
v 3.000000 0.000000 5.000000
v 3.000000 0.009127 4.600000
v 3.000000 0.027351 4.200000
v 3.000000 0.000523 3.800000
v 3.000000 0.062650 3.400000
v 3.000000 0.045324 3.000000
v 3.000000 0.222420 2.600000
v 3.000000 0.206639 2.200000
v 3.000000 -0.118569 1.800000
v 3.000000 -0.345683 1.400000
v 3.000000 -0.179347 1.000000
v 3.000000 0.070654 0.600000
v 3.000000 0.058666 0.200000
v 3.000000 -0.190978 -0.200000
v 3.000000 0.153621 -0.600000
v 3.000000 0.075627 -1.000000
v 3.000000 0.450091 -1.400000
v 3.000000 0.204291 -1.800000
v 3.000000 0.250583 -2.200000
v 3.000000 0.138353 -2.600000
v 3.000000 -0.066597 -3.000000
v 3.000000 0.149940 -3.400000
v 3.000000 0.014810 -3.800000
v 3.000000 0.032089 -4.200000
v 3.000000 -0.002315 -4.600000
v 3.000000 0.000000 -5.000000
v 3.400000 0.000000 5.000000
v 3.400000 -0.000308 4.600000
v 3.400000 -0.007872 4.200000
v 3.400000 -0.028561 3.800000
v 3.400000 0.087154 3.400000
v 3.400000 0.187014 3.000000
v 3.400000 0.093663 2.600000
v 3.400000 -0.047487 2.200000
v 3.400000 0.041960 1.800000
v 3.400000 0.075380 1.400000
v 3.400000 -0.303327 1.000000
v 3.400000 -0.118666 0.600000
v 3.400000 0.121660 0.200000
v 3.400000 0.036556 -0.200000
v 3.400000 -0.029700 -0.600000
v 3.400000 -0.039084 -1.000000
v 3.400000 0.084082 -1.400000
v 3.400000 0.155756 -1.800000
v 3.400000 0.266422 -2.200000
v 3.400000 -0.037568 -2.600000
v 3.400000 0.030183 -3.000000
v 3.400000 0.025432 -3.400000
v 3.400000 -0.029273 -3.800000
v 3.400000 0.004389 -4.200000
v 3.400000 0.000496 -4.600000
v 3.400000 0.000000 -5.000000
v 3.800000 0.000000 5.000000
v 3.800000 0.000000 4.600000
v 3.800000 -0.006177 4.200000
v 3.800000 -0.022715 3.800000
v 3.800000 -0.004381 3.400000
v 3.800000 0.006475 3.000000
v 3.800000 -0.020386 2.600000
v 3.800000 -0.071136 2.200000
v 3.800000 -0.099140 1.800000
v 3.800000 -0.032843 1.400000
v 3.800000 0.035916 1.000000
v 3.800000 -0.026182 0.600000
v 3.800000 0.054300 0.200000
v 3.800000 0.163392 -0.200000
v 3.800000 0.035895 -0.600000
v 3.800000 0.071142 -1.000000
v 3.800000 0.036728 -1.400000
v 3.800000 0.001819 -1.800000
v 3.800000 -0.003673 -2.200000
v 3.800000 -0.119977 -2.600000
v 3.800000 -0.017101 -3.000000
v 3.800000 -0.023577 -3.400000
v 3.800000 -0.013657 -3.800000
v 3.800000 0.000777 -4.200000
v 3.800000 0.000000 -4.600000
v 3.800000 0.000000 -5.000000
v 4.200000 0.000000 5.000000
v 4.200000 0.000000 4.600000
v 4.200000 0.000005 4.200000
v 4.200000 -0.001773 3.800000
v 4.200000 0.027924 3.400000
v 4.200000 0.019801 3.000000
v 4.200000 -0.044412 2.600000
v 4.200000 -0.030624 2.200000
v 4.200000 0.002338 1.800000
v 4.200000 0.002042 1.400000
v 4.200000 0.060842 1.000000
v 4.200000 0.010506 0.600000
v 4.200000 0.004064 0.200000
v 4.200000 0.089696 -0.200000
v 4.200000 0.052567 -0.600000
v 4.200000 -0.045331 -1.000000
v 4.200000 -0.076880 -1.400000
v 4.200000 -0.048081 -1.800000
v 4.200000 -0.041848 -2.200000
v 4.200000 -0.025203 -2.600000
v 4.200000 0.015442 -3.000000
v 4.200000 0.015036 -3.400000
v 4.200000 0.001755 -3.800000
v 4.200000 0.000005 -4.200000
v 4.200000 0.000000 -4.600000
v 4.200000 0.000000 -5.000000
v 4.600000 0.000000 5.000000
v 4.600000 0.000000 4.600000
v 4.600000 0.000000 4.200000
v 4.600000 0.000000 3.800000
v 4.600000 0.000529 3.400000
v 4.600000 0.000247 3.000000
v 4.600000 -0.007044 2.600000
v 4.600000 -0.002659 2.200000
v 4.600000 -0.009349 1.800000
v 4.600000 0.018295 1.400000
v 4.600000 0.001344 1.000000
v 4.600000 0.006030 0.600000
v 4.600000 0.010494 0.200000
v 4.600000 -0.007979 -0.200000
v 4.600000 -0.006218 -0.600000
v 4.600000 -0.013309 -1.000000
v 4.600000 0.001875 -1.400000
v 4.600000 0.005052 -1.800000
v 4.600000 0.003107 -2.200000
v 4.600000 0.008803 -2.600000
v 4.600000 0.005483 -3.000000
v 4.600000 0.001456 -3.400000
v 4.600000 0.000000 -3.800000
v 4.600000 0.000000 -4.200000
v 4.600000 0.000000 -4.600000
v 4.600000 0.000000 -5.000000
v 5.000000 0.000000 5.000000
v 5.000000 0.000000 4.600000
v 5.000000 0.000000 4.200000
v 5.000000 0.000000 3.800000
v 5.000000 0.000000 3.400000
v 5.000000 0.000000 3.000000
v 5.000000 0.000000 2.600000
v 5.000000 0.000000 2.200000
v 5.000000 0.000000 1.800000
v 5.000000 0.000000 1.400000
v 5.000000 0.000000 1.000000
v 5.000000 0.000000 0.600000
v 5.000000 0.000000 0.200000
v 5.000000 0.000000 -0.200000
v 5.000000 0.000000 -0.600000
v 5.000000 0.000000 -1.000000
v 5.000000 0.000000 -1.400000
v 5.000000 0.000000 -1.800000
v 5.000000 0.000000 -2.200000
v 5.000000 0.000000 -2.600000
v 5.000000 0.000000 -3.000000
v 5.000000 0.000000 -3.400000
v 5.000000 0.000000 -3.800000
v 5.000000 0.000000 -4.200000
v 5.000000 0.000000 -4.600000
v 5.000000 0.000000 -5.000000
s 1
f 2 1 27 28
f 3 2 28 29
f 4 3 29 30
f 5 4 30 31
f 6 5 31 32
f 7 6 32 33
f 8 7 33 34
f 9 8 34 35
f 10 9 35 36
f 11 10 36 37
f 12 11 37 38
f 13 12 38 39
f 14 13 39 40
f 15 14 40 41
f 16 15 41 42
f 17 16 42 43
f 18 17 43 44
f 19 18 44 45
f 20 19 45 46
f 21 20 46 47
f 22 21 47 48
f 23 22 48 49
f 24 23 49 50
f 25 24 50 51
f 26 25 51 52
f 28 27 53 54
f 29 28 54 55
f 30 29 55 56
f 31 30 56 57
f 32 31 57 58
f 33 32 58 59
f 34 33 59 60
f 35 34 60 61
f 36 35 61 62
f 37 36 62 63
f 38 37 63 64
f 39 38 64 65
f 40 39 65 66
f 41 40 66 67
f 42 41 67 68
f 43 42 68 69
f 44 43 69 70
f 45 44 70 71
f 46 45 71 72
f 47 46 72 73
f 48 47 73 74
f 49 48 74 75
f 50 49 75 76
f 51 50 76 77
f 52 51 77 78
f 54 53 79 80
f 55 54 80 81
f 56 55 81 82
f 57 56 82 83
f 58 57 83 84
f 59 58 84 85
f 60 59 85 86
f 61 60 86 87
f 62 61 87 88
f 63 62 88 89
f 64 63 89 90
f 65 64 90 91
f 66 65 91 92
f 67 66 92 93
f 68 67 93 94
f 69 68 94 95
f 70 69 95 96
f 71 70 96 97
f 72 71 97 98
f 73 72 98 99
f 74 73 99 100
f 75 74 100 101
f 76 75 101 102
f 77 76 102 103
f 78 77 103 104
f 80 79 105 106
f 81 80 106 107
f 82 81 107 108
f 83 82 108 109
f 84 83 109 110
f 85 84 110 111
f 86 85 111 112
f 87 86 112 113
f 88 87 113 114
f 89 88 114 115
f 90 89 115 116
f 91 90 116 117
f 92 91 117 118
f 93 92 118 119
f 94 93 119 120
f 95 94 120 121
f 96 95 121 122
f 97 96 122 123
f 98 97 123 124
f 99 98 124 125
f 100 99 125 126
f 101 100 126 127
f 102 101 127 128
f 103 102 128 129
f 104 103 129 130
f 106 105 131 132
f 107 106 132 133
f 108 107 133 134
f 109 108 134 135
f 110 109 135 136
f 111 110 136 137
f 112 111 137 138
f 113 112 138 139
f 114 113 139 140
f 115 114 140 141
f 116 115 141 142
f 117 116 142 143
f 118 117 143 144
f 119 118 144 145
f 120 119 145 146
f 121 120 146 147
f 122 121 147 148
f 123 122 148 149
f 124 123 149 150
f 125 124 150 151
f 126 125 151 152
f 127 126 152 153
f 128 127 153 154
f 129 128 154 155
f 130 129 155 156
f 132 131 157 158
f 133 132 158 159
f 134 133 159 160
f 135 134 160 161
f 136 135 161 162
f 137 136 162 163
f 138 137 163 164
f 139 138 164 165
f 140 139 165 166
f 141 140 166 167
f 142 141 167 168
f 143 142 168 169
f 144 143 169 170
f 145 144 170 171
f 146 145 171 172
f 147 146 172 173
f 148 147 173 174
f 149 148 174 175
f 150 149 175 176
f 151 150 176 177
f 152 151 177 178
f 153 152 178 179
f 154 153 179 180
f 155 154 180 181
f 156 155 181 182
f 158 157 183 184
f 159 158 184 185
f 160 159 185 186
f 161 160 186 187
f 162 161 187 188
f 163 162 188 189
f 164 163 189 190
f 165 164 190 191
f 166 165 191 192
f 167 166 192 193
f 168 167 193 194
f 169 168 194 195
f 170 169 195 196
f 171 170 196 197
f 172 171 197 198
f 173 172 198 199
f 174 173 199 200
f 175 174 200 201
f 176 175 201 202
f 177 176 202 203
f 178 177 203 204
f 179 178 204 205
f 180 179 205 206
f 181 180 206 207
f 182 181 207 208
f 184 183 209 210
f 185 184 210 211
f 186 185 211 212
f 187 186 212 213
f 188 187 213 214
f 189 188 214 215
f 190 189 215 216
f 191 190 216 217
f 192 191 217 218
f 193 192 218 219
f 194 193 219 220
f 195 194 220 221
f 196 195 221 222
f 197 196 222 223
f 198 197 223 224
f 199 198 224 225
f 200 199 225 226
f 201 200 226 227
f 202 201 227 228
f 203 202 228 229
f 204 203 229 230
f 205 204 230 231
f 206 205 231 232
f 207 206 232 233
f 208 207 233 234
f 210 209 235 236
f 211 210 236 237
f 212 211 237 238
f 213 212 238 239
f 214 213 239 240
f 215 214 240 241
f 216 215 241 242
f 217 216 242 243
f 218 217 243 244
f 219 218 244 245
f 220 219 245 246
f 221 220 246 247
f 222 221 247 248
f 223 222 248 249
f 224 223 249 250
f 225 224 250 251
f 226 225 251 252
f 227 226 252 253
f 228 227 253 254
f 229 228 254 255
f 230 229 255 256
f 231 230 256 257
f 232 231 257 258
f 233 232 258 259
f 234 233 259 260
f 236 235 261 262
f 237 236 262 263
f 238 237 263 264
f 239 238 264 265
f 240 239 265 266
f 241 240 266 267
f 242 241 267 268
f 243 242 268 269
f 244 243 269 270
f 245 244 270 271
f 246 245 271 272
f 247 246 272 273
f 248 247 273 274
f 249 248 274 275
f 250 249 275 276
f 251 250 276 277
f 252 251 277 278
f 253 252 278 279
f 254 253 279 280
f 255 254 280 281
f 256 255 281 282
f 257 256 282 283
f 258 257 283 284
f 259 258 284 285
f 260 259 285 286
f 262 261 287 288
f 263 262 288 289
f 264 263 289 290
f 265 264 290 291
f 266 265 291 292
f 267 266 292 293
f 268 267 293 294
f 269 268 294 295
f 270 269 295 296
f 271 270 296 297
f 272 271 297 298
f 273 272 298 299
f 274 273 299 300
f 275 274 300 301
f 276 275 301 302
f 277 276 302 303
f 278 277 303 304
f 279 278 304 305
f 280 279 305 306
f 281 280 306 307
f 282 281 307 308
f 283 282 308 309
f 284 283 309 310
f 285 284 310 311
f 286 285 311 312
f 288 287 313 314
f 289 288 314 315
f 290 289 315 316
f 291 290 316 317
f 292 291 317 318
f 293 292 318 319
f 294 293 319 320
f 295 294 320 321
f 296 295 321 322
f 297 296 322 323
f 298 297 323 324
f 299 298 324 325
f 300 299 325 326
f 301 300 326 327
f 302 301 327 328
f 303 302 328 329
f 304 303 329 330
f 305 304 330 331
f 306 305 331 332
f 307 306 332 333
f 308 307 333 334
f 309 308 334 335
f 310 309 335 336
f 311 310 336 337
f 312 311 337 338
f 314 313 339 340
f 315 314 340 341
f 316 315 341 342
f 317 316 342 343
f 318 317 343 344
f 319 318 344 345
f 320 319 345 346
f 321 320 346 347
f 322 321 347 348
f 323 322 348 349
f 324 323 349 350
f 325 324 350 351
f 326 325 351 352
f 327 326 352 353
f 328 327 353 354
f 329 328 354 355
f 330 329 355 356
f 331 330 356 357
f 332 331 357 358
f 333 332 358 359
f 334 333 359 360
f 335 334 360 361
f 336 335 361 362
f 337 336 362 363
f 338 337 363 364
f 340 339 365 366
f 341 340 366 367
f 342 341 367 368
f 343 342 368 369
f 344 343 369 370
f 345 344 370 371
f 346 345 371 372
f 347 346 372 373
f 348 347 373 374
f 349 348 374 375
f 350 349 375 376
f 351 350 376 377
f 352 351 377 378
f 353 352 378 379
f 354 353 379 380
f 355 354 380 381
f 356 355 381 382
f 357 356 382 383
f 358 357 383 384
f 359 358 384 385
f 360 359 385 386
f 361 360 386 387
f 362 361 387 388
f 363 362 388 389
f 364 363 389 390
f 366 365 391 392
f 367 366 392 393
f 368 367 393 394
f 369 368 394 395
f 370 369 395 396
f 371 370 396 397
f 372 371 397 398
f 373 372 398 399
f 374 373 399 400
f 375 374 400 401
f 376 375 401 402
f 377 376 402 403
f 378 377 403 404
f 379 378 404 405
f 380 379 405 406
f 381 380 406 407
f 382 381 407 408
f 383 382 408 409
f 384 383 409 410
f 385 384 410 411
f 386 385 411 412
f 387 386 412 413
f 388 387 413 414
f 389 388 414 415
f 390 389 415 416
f 392 391 417 418
f 393 392 418 419
f 394 393 419 420
f 395 394 420 421
f 396 395 421 422
f 397 396 422 423
f 398 397 423 424
f 399 398 424 425
f 400 399 425 426
f 401 400 426 427
f 402 401 427 428
f 403 402 428 429
f 404 403 429 430
f 405 404 430 431
f 406 405 431 432
f 407 406 432 433
f 408 407 433 434
f 409 408 434 435
f 410 409 435 436
f 411 410 436 437
f 412 411 437 438
f 413 412 438 439
f 414 413 439 440
f 415 414 440 441
f 416 415 441 442
f 418 417 443 444
f 419 418 444 445
f 420 419 445 446
f 421 420 446 447
f 422 421 447 448
f 423 422 448 449
f 424 423 449 450
f 425 424 450 451
f 426 425 451 452
f 427 426 452 453
f 428 427 453 454
f 429 428 454 455
f 430 429 455 456
f 431 430 456 457
f 432 431 457 458
f 433 432 458 459
f 434 433 459 460
f 435 434 460 461
f 436 435 461 462
f 437 436 462 463
f 438 437 463 464
f 439 438 464 465
f 440 439 465 466
f 441 440 466 467
f 442 441 467 468
f 444 443 469 470
f 445 444 470 471
f 446 445 471 472
f 447 446 472 473
f 448 447 473 474
f 449 448 474 475
f 450 449 475 476
f 451 450 476 477
f 452 451 477 478
f 453 452 478 479
f 454 453 479 480
f 455 454 480 481
f 456 455 481 482
f 457 456 482 483
f 458 457 483 484
f 459 458 484 485
f 460 459 485 486
f 461 460 486 487
f 462 461 487 488
f 463 462 488 489
f 464 463 489 490
f 465 464 490 491
f 466 465 491 492
f 467 466 492 493
f 468 467 493 494
f 470 469 495 496
f 471 470 496 497
f 472 471 497 498
f 473 472 498 499
f 474 473 499 500
f 475 474 500 501
f 476 475 501 502
f 477 476 502 503
f 478 477 503 504
f 479 478 504 505
f 480 479 505 506
f 481 480 506 507
f 482 481 507 508
f 483 482 508 509
f 484 483 509 510
f 485 484 510 511
f 486 485 511 512
f 487 486 512 513
f 488 487 513 514
f 489 488 514 515
f 490 489 515 516
f 491 490 516 517
f 492 491 517 518
f 493 492 518 519
f 494 493 519 520
f 496 495 521 522
f 497 496 522 523
f 498 497 523 524
f 499 498 524 525
f 500 499 525 526
f 501 500 526 527
f 502 501 527 528
f 503 502 528 529
f 504 503 529 530
f 505 504 530 531
f 506 505 531 532
f 507 506 532 533
f 508 507 533 534
f 509 508 534 535
f 510 509 535 536
f 511 510 536 537
f 512 511 537 538
f 513 512 538 539
f 514 513 539 540
f 515 514 540 541
f 516 515 541 542
f 517 516 542 543
f 518 517 543 544
f 519 518 544 545
f 520 519 545 546
f 522 521 547 548
f 523 522 548 549
f 524 523 549 550
f 525 524 550 551
f 526 525 551 552
f 527 526 552 553
f 528 527 553 554
f 529 528 554 555
f 530 529 555 556
f 531 530 556 557
f 532 531 557 558
f 533 532 558 559
f 534 533 559 560
f 535 534 560 561
f 536 535 561 562
f 537 536 562 563
f 538 537 563 564
f 539 538 564 565
f 540 539 565 566
f 541 540 566 567
f 542 541 567 568
f 543 542 568 569
f 544 543 569 570
f 545 544 570 571
f 546 545 571 572
f 548 547 573 574
f 549 548 574 575
f 550 549 575 576
f 551 550 576 577
f 552 551 577 578
f 553 552 578 579
f 554 553 579 580
f 555 554 580 581
f 556 555 581 582
f 557 556 582 583
f 558 557 583 584
f 559 558 584 585
f 560 559 585 586
f 561 560 586 587
f 562 561 587 588
f 563 562 588 589
f 564 563 589 590
f 565 564 590 591
f 566 565 591 592
f 567 566 592 593
f 568 567 593 594
f 569 568 594 595
f 570 569 595 596
f 571 570 596 597
f 572 571 597 598
f 574 573 599 600
f 575 574 600 601
f 576 575 601 602
f 577 576 602 603
f 578 577 603 604
f 579 578 604 605
f 580 579 605 606
f 581 580 606 607
f 582 581 607 608
f 583 582 608 609
f 584 583 609 610
f 585 584 610 611
f 586 585 611 612
f 587 586 612 613
f 588 587 613 614
f 589 588 614 615
f 590 589 615 616
f 591 590 616 617
f 592 591 617 618
f 593 592 618 619
f 594 593 619 620
f 595 594 620 621
f 596 595 621 622
f 597 596 622 623
f 598 597 623 624
f 600 599 625 626
f 601 600 626 627
f 602 601 627 628
f 603 602 628 629
f 604 603 629 630
f 605 604 630 631
f 606 605 631 632
f 607 606 632 633
f 608 607 633 634
f 609 608 634 635
f 610 609 635 636
f 611 610 636 637
f 612 611 637 638
f 613 612 638 639
f 614 613 639 640
f 615 614 640 641
f 616 615 641 642
f 617 616 642 643
f 618 617 643 644
f 619 618 644 645
f 620 619 645 646
f 621 620 646 647
f 622 621 647 648
f 623 622 648 649
f 624 623 649 650
f 626 625 651 652
f 627 626 652 653
f 628 627 653 654
f 629 628 654 655
f 630 629 655 656
f 631 630 656 657
f 632 631 657 658
f 633 632 658 659
f 634 633 659 660
f 635 634 660 661
f 636 635 661 662
f 637 636 662 663
f 638 637 663 664
f 639 638 664 665
f 640 639 665 666
f 641 640 666 667
f 642 641 667 668
f 643 642 668 669
f 644 643 669 670
f 645 644 670 671
f 646 645 671 672
f 647 646 672 673
f 648 647 673 674
f 649 648 674 675
f 650 649 675 676
