# Blender v2.79 (sub 0) OBJ File: ''
# www.blender.org
v -5.000000 0.000000 5.000000
v -5.000000 0.000000 4.767442
v -5.000000 0.000000 4.534883
v -5.000000 0.000000 4.302326
v -5.000000 0.000000 4.069767
v -5.000000 0.000000 3.837209
v -5.000000 0.000000 3.604651
v -5.000000 0.000000 3.372093
v -5.000000 0.000000 3.139535
v -5.000000 0.000000 2.906977
v -5.000000 0.000000 2.674419
v -5.000000 0.000000 2.441860
v -5.000000 0.000000 2.209302
v -5.000000 0.000000 1.976744
v -5.000000 0.000000 1.744186
v -5.000000 0.000000 1.511628
v -5.000000 0.000000 1.279070
v -5.000000 0.000000 1.046512
v -5.000000 0.000000 0.813953
v -5.000000 0.000000 0.581395
v -5.000000 0.000000 0.348837
v -5.000000 0.000000 0.116279
v -5.000000 0.000000 -0.116279
v -5.000000 0.000000 -0.348837
v -5.000000 0.000000 -0.581395
v -5.000000 0.000000 -0.813953
v -5.000000 0.000000 -1.046512
v -5.000000 0.000000 -1.279070
v -5.000000 0.000000 -1.511628
v -5.000000 0.000000 -1.744186
v -5.000000 0.000000 -1.976744
v -5.000000 0.000000 -2.209302
v -5.000000 0.000000 -2.441860
v -5.000000 0.000000 -2.674419
v -5.000000 0.000000 -2.906977
v -5.000000 0.000000 -3.139535
v -5.000000 0.000000 -3.372093
v -5.000000 0.000000 -3.604651
v -5.000000 0.000000 -3.837209
v -5.000000 0.000000 -4.069767
v -5.000000 0.000000 -4.302326
v -5.000000 0.000000 -4.534883
v -5.000000 0.000000 -4.767442
v -5.000000 0.000000 -5.000000
v -4.767442 0.000000 5.000000
v -4.767442 0.000000 4.767442
v -4.767442 0.000000 4.534883
v -4.767442 0.000000 4.302326
v -4.767442 0.000000 4.069767
v -4.767442 0.000000 3.837209
v -4.767442 0.000000 3.604651
v -4.767442 0.000000 3.372093
v -4.767442 -0.000003 3.139535
v -4.767442 0.000413 2.906977
v -4.767442 0.000177 2.674419
v -4.767442 0.002604 2.441860
v -4.767442 -0.000231 2.209302
v -4.767442 0.002128 1.976744
v -4.767442 -0.002585 1.744186
v -4.767442 0.000855 1.511628
v -4.767442 0.003081 1.279070
v -4.767442 -0.004222 1.046512
v -4.767442 -0.005312 0.813953
v -4.767442 -0.004738 0.581395
v -4.767442 -0.000249 0.348837
v -4.767442 0.002303 0.116279
v -4.767442 -0.004646 -0.116279
v -4.767442 0.003874 -0.348837
v -4.767442 -0.000924 -0.581395
v -4.767442 -0.002433 -0.813953
v -4.767442 0.005957 -1.046512
v -4.767442 -0.006872 -1.279070
v -4.767442 -0.002566 -1.511628
v -4.767442 -0.004447 -1.744186
v -4.767442 0.002018 -1.976744
v -4.767442 -0.001686 -2.209302
v -4.767442 -0.001986 -2.441860
v -4.767442 -0.002573 -2.674419
v -4.767442 0.000132 -2.906977
v -4.767442 0.000043 -3.139535
v -4.767442 0.000000 -3.372093
v -4.767442 0.000000 -3.604651
v -4.767442 0.000000 -3.837209
v -4.767442 0.000000 -4.069767
v -4.767442 0.000000 -4.302326
v -4.767442 0.000000 -4.534883
v -4.767442 0.000000 -4.767442
v -4.767442 0.000000 -5.000000
v -4.534883 0.000000 5.000000
v -4.534883 0.000000 4.767442
v -4.534883 0.000000 4.534883
v -4.534883 0.000000 4.302326
v -4.534883 0.000000 4.069767
v -4.534883 0.000000 3.837209
v -4.534883 -0.000066 3.604651
v -4.534883 0.001634 3.372093
v -4.534883 0.002473 3.139535
v -4.534883 0.009127 2.906977
v -4.534883 0.002404 2.674419
v -4.534883 0.009207 2.441860
v -4.534883 -0.007076 2.209302
v -4.534883 0.008486 1.976744
v -4.534883 0.000557 1.744186
v -4.534883 0.018337 1.511628
v -4.534883 0.007032 1.279070
v -4.534883 0.012310 1.046512
v -4.534883 -0.009463 0.813953
v -4.534883 0.007336 0.581395
v -4.534883 0.003105 0.348837
v -4.534883 0.006691 0.116279
v -4.534883 0.004673 -0.116279
v -4.534883 0.011041 -0.348837
v -4.534883 -0.033227 -0.581395
v -4.534883 -0.009167 -0.813953
v -4.534883 -0.002734 -1.046512
v -4.534883 -0.016313 -1.279070
v -4.534883 -0.016002 -1.511628
v -4.534883 0.000092 -1.744186
v -4.534883 -0.004933 -1.976744
v -4.534883 -0.009736 -2.209302
v -4.534883 0.000363 -2.441860
v -4.534883 -0.006612 -2.674419
v -4.534883 -0.003019 -2.906977
v -4.534883 0.009573 -3.139535
v -4.534883 0.002053 -3.372093
v -4.534883 -0.000542 -3.604651
v -4.534883 0.000000 -3.837209
v -4.534883 0.000000 -4.069767
v -4.534883 0.000000 -4.302326
v -4.534883 0.000000 -4.534883
v -4.534883 0.000000 -4.767442
v -4.534883 0.000000 -5.000000
v -4.302326 0.000000 5.000000
v -4.302326 0.000000 4.767442
v -4.302326 0.000000 4.534883
v -4.302326 0.000000 4.302326
v -4.302326 -0.000037 4.069767
v -4.302326 -0.000574 3.837209
v -4.302326 0.007491 3.604651
v -4.302326 0.014836 3.372093
v -4.302326 0.035075 3.139535
v -4.302326 0.034357 2.906977
v -4.302326 0.049392 2.674419
v -4.302326 -0.013774 2.441860
v -4.302326 -0.016890 2.209302
v -4.302326 -0.052579 1.976744
v -4.302326 -0.057843 1.744186
v -4.302326 0.001756 1.511628
v -4.302326 -0.006724 1.279070
v -4.302326 -0.018453 1.046512
v -4.302326 -0.030611 0.813953
v -4.302326 -0.011030 0.581395
v -4.302326 -0.014854 0.348837
v -4.302326 -0.014164 0.116279
v -4.302326 0.034079 -0.116279
v -4.302326 0.037427 -0.348837
v -4.302326 -0.011001 -0.581395
v -4.302326 0.047771 -0.813953
v -4.302326 -0.002923 -1.046512
v -4.302326 -0.032241 -1.279070
v -4.302326 -0.041888 -1.511628
v -4.302326 0.006148 -1.744186
v -4.302326 0.015311 -1.976744
v -4.302326 0.012242 -2.209302
v -4.302326 0.038916 -2.441860
v -4.302326 0.007057 -2.674419
v -4.302326 -0.005137 -2.906977
v -4.302326 0.008082 -3.139535
v -4.302326 0.015732 -3.372093
v -4.302326 0.001795 -3.604651
v -4.302326 -0.000107 -3.837209
v -4.302326 -0.000022 -4.069767
v -4.302326 0.000000 -4.302326
v -4.302326 0.000000 -4.534883
v -4.302326 0.000000 -4.767442
v -4.302326 0.000000 -5.000000
v -4.069767 0.000000 5.000000
v -4.069767 0.000000 4.767442
v -4.069767 0.000000 4.534883
v -4.069767 -0.000027 4.302326
v -4.069767 -0.002993 4.069767
v -4.069767 -0.002021 3.837209
v -4.069767 -0.000775 3.604651
v -4.069767 0.048029 3.372093
v -4.069767 0.048512 3.139535
v -4.069767 0.128230 2.906977
v -4.069767 0.068830 2.674419
v -4.069767 0.028547 2.441860
v -4.069767 -0.028225 2.209302
v -4.069767 -0.039918 1.976744
v -4.069767 0.041780 1.744186
v -4.069767 -0.025584 1.511628
v -4.069767 0.088781 1.279070
v -4.069767 0.015155 1.046512
v -4.069767 0.004660 0.813953
v -4.069767 -0.018553 0.581395
v -4.069767 -0.025302 0.348837
v -4.069767 -0.032552 0.116279
v -4.069767 0.038013 -0.116279
v -4.069767 0.005723 -0.348837
v -4.069767 0.087194 -0.581395
v -4.069767 0.021455 -0.813953
v -4.069767 -0.010681 -1.046512
v -4.069767 -0.042549 -1.279070
v -4.069767 0.012096 -1.511628
v -4.069767 0.051383 -1.744186
v -4.069767 0.090267 -1.976744
v -4.069767 0.100344 -2.209302
v -4.069767 0.160423 -2.441860
v -4.069767 0.064804 -2.674419
v -4.069767 -0.009274 -2.906977
v -4.069767 -0.021443 -3.139535
v -4.069767 -0.015370 -3.372093
v -4.069767 0.002256 -3.604651
v -4.069767 0.005874 -3.837209
v -4.069767 -0.002978 -4.069767
v -4.069767 -0.000049 -4.302326
v -4.069767 0.000000 -4.534883
v -4.069767 0.000000 -4.767442
v -4.069767 0.000000 -5.000000
v -3.837209 0.000000 5.000000
v -3.837209 0.000000 4.767442
v -3.837209 0.000000 4.534883
v -3.837209 0.000411 4.302326
v -3.837209 -0.002190 4.069767
v -3.837209 -0.003420 3.837209
v -3.837209 -0.009615 3.604651
v -3.837209 -0.042602 3.372093
v -3.837209 0.041091 3.139535
v -3.837209 0.053730 2.906977
v -3.837209 0.050979 2.674419
v -3.837209 0.117732 2.441860
v -3.837209 -0.087423 2.209302
v -3.837209 -0.002751 1.976744
v -3.837209 0.126111 1.744186
v -3.837209 0.052544 1.511628
v -3.837209 0.066711 1.279070
v -3.837209 0.140522 1.046512
v -3.837209 -0.013701 0.813953
v -3.837209 -0.068052 0.581395
v -3.837209 -0.035894 0.348837
v -3.837209 -0.045843 0.116279
v -3.837209 -0.002715 -0.116279
v -3.837209 0.023052 -0.348837
v -3.837209 0.067262 -0.581395
v -3.837209 0.232320 -0.813953
v -3.837209 -0.019582 -1.046512
v -3.837209 0.029286 -1.279070
v -3.837209 0.069989 -1.511628
v -3.837209 0.105147 -1.744186
v -3.837209 0.147184 -1.976744
v -3.837209 0.128031 -2.209302
v -3.837209 0.115068 -2.441860
v -3.837209 0.054291 -2.674419
v -3.837209 0.055852 -2.906977
v -3.837209 -0.019253 -3.139535
v -3.837209 -0.020275 -3.372093
v -3.837209 -0.051107 -3.604651
v -3.837209 -0.003075 -3.837209
v -3.837209 -0.008544 -4.069767
v -3.837209 -0.001669 -4.302326
v -3.837209 0.000000 -4.534883
v -3.837209 0.000000 -4.767442
v -3.837209 0.000000 -5.000000
v -3.604651 0.000000 5.000000
v -3.604651 0.000000 4.767442
v -3.604651 -0.000023 4.534883
v -3.604651 -0.000777 4.302326
v -3.604651 0.023737 4.069767
v -3.604651 0.016154 3.837209
v -3.604651 0.013046 3.604651
v -3.604651 0.016081 3.372093
v -3.604651 0.028179 3.139535
v -3.604651 0.025115 2.906977
v -3.604651 -0.058968 2.674419
v -3.604651 0.092271 2.441860
v -3.604651 -0.013483 2.209302
v -3.604651 -0.084887 1.976744
v -3.604651 0.124190 1.744186
v -3.604651 0.056461 1.511628
v -3.604651 0.124685 1.279070
v -3.604651 -0.061541 1.046512
v -3.604651 0.005509 0.813953
v -3.604651 0.019936 0.581395
v -3.604651 -0.027339 0.348837
v -3.604651 -0.105363 0.116279
v -3.604651 0.100394 -0.116279
v -3.604651 0.049242 -0.348837
v -3.604651 0.259696 -0.581395
v -3.604651 0.402906 -0.813953
v -3.604651 0.149125 -1.046512
v -3.604651 0.098227 -1.279070
v -3.604651 -0.004382 -1.511628
v -3.604651 0.007700 -1.744186
v -3.604651 0.068481 -1.976744
v -3.604651 0.108317 -2.209302
v -3.604651 0.033778 -2.441860
v -3.604651 -0.018383 -2.674419
v -3.604651 0.038656 -2.906977
v -3.604651 0.033812 -3.139535
v -3.604651 -0.100175 -3.372093
v -3.604651 -0.025944 -3.604651
v -3.604651 -0.036986 -3.837209
v -3.604651 -0.002986 -4.069767
v -3.604651 -0.001452 -4.302326
v -3.604651 -0.000621 -4.534883
v -3.604651 0.000000 -4.767442
v -3.604651 0.000000 -5.000000
v -3.372093 0.000000 5.000000
v -3.372093 0.000000 4.767442
v -3.372093 -0.001585 4.534883
v -3.372093 -0.005318 4.302326
v -3.372093 -0.003635 4.069767
v -3.372093 -0.031788 3.837209
v -3.372093 -0.061795 3.604651
v -3.372093 0.041468 3.372093
v -3.372093 0.085753 3.139535
v -3.372093 0.044208 2.906977
v -3.372093 -0.014594 2.674419
v -3.372093 -0.130091 2.441860
v -3.372093 0.002255 2.209302
v -3.372093 -0.099073 1.976744
v -3.372093 0.048572 1.744186
v -3.372093 0.049688 1.511628
v -3.372093 0.038379 1.279070
v -3.372093 0.100843 1.046512
v -3.372093 0.048134 0.813953
v -3.372093 0.183094 0.581395
v -3.372093 -0.008607 0.348837
v -3.372093 -0.009128 0.116279
v -3.372093 0.239393 -0.116279
v -3.372093 0.066304 -0.348837
v -3.372093 0.070335 -0.581395
v -3.372093 0.401292 -0.813953
v -3.372093 0.175130 -1.046512
v -3.372093 -0.006042 -1.279070
v -3.372093 0.146386 -1.511628
v -3.372093 0.029003 -1.744186
v -3.372093 0.011205 -1.976744
v -3.372093 0.015060 -2.209302
v -3.372093 -0.001298 -2.441860
v -3.372093 0.026287 -2.674419
v -3.372093 -0.008594 -2.906977
v -3.372093 -0.065958 -3.139535
v -3.372093 -0.005680 -3.372093
v -3.372093 -0.092210 -3.604651
v -3.372093 -0.056923 -3.837209
v -3.372093 -0.032094 -4.069767
v -3.372093 -0.002462 -4.302326
v -3.372093 -0.001590 -4.534883
v -3.372093 0.000000 -4.767442
v -3.372093 0.000000 -5.000000
v -3.139535 0.000000 5.000000
v -3.139535 -0.000033 4.767442
v -3.139535 -0.007169 4.534883
v -3.139535 0.001682 4.302326
v -3.139535 -0.014117 4.069767
v -3.139535 -0.126428 3.837209
v -3.139535 -0.121994 3.604651
v -3.139535 -0.054104 3.372093
v -3.139535 0.006682 3.139535
v -3.139535 0.036242 2.906977
v -3.139535 0.144782 2.674419
v -3.139535 -0.074014 2.441860
v -3.139535 -0.192894 2.209302
v -3.139535 -0.134072 1.976744
v -3.139535 -0.138733 1.744186
v -3.139535 0.011532 1.511628
v -3.139535 0.050253 1.279070
v -3.139535 -0.093582 1.046512
v -3.139535 -0.048581 0.813953
v -3.139535 0.197170 0.581395
v -3.139535 0.192875 0.348837
v -3.139535 0.012635 0.116279
v -3.139535 0.033971 -0.116279
v -3.139535 -0.012815 -0.348837
v -3.139535 0.082140 -0.581395
v -3.139535 0.261345 -0.813953
v -3.139535 0.055304 -1.046512
v -3.139535 -0.029156 -1.279070
v -3.139535 -0.193237 -1.511628
v -3.139535 0.062203 -1.744186
v -3.139535 -0.257492 -1.976744
v -3.139535 -0.100100 -2.209302
v -3.139535 -0.194621 -2.441860
v -3.139535 -0.153556 -2.674419
v -3.139535 -0.039240 -2.906977
v -3.139535 -0.058401 -3.139535
v -3.139535 -0.080262 -3.372093
v -3.139535 -0.067946 -3.604651
v -3.139535 -0.079778 -3.837209
v -3.139535 -0.045524 -4.069767
v -3.139535 -0.023115 -4.302326
v -3.139535 -0.000395 -4.534883
v -3.139535 -0.000014 -4.767442
v -3.139535 0.000000 -5.000000
v -2.906977 0.000000 5.000000
v -2.906977 0.000704 4.767442
v -2.906977 0.008449 4.534883
v -2.906977 -0.010821 4.302326
v -2.906977 -0.039933 4.069767
v -2.906977 -0.085007 3.837209
v -2.906977 -0.109131 3.604651
v -2.906977 0.032602 3.372093
v -2.906977 0.047363 3.139535
v -2.906977 0.133892 2.906977
v -2.906977 0.078345 2.674419
v -2.906977 -0.268196 2.441860
v -2.906977 -0.230208 2.209302
v -2.906977 -0.112661 1.976744
v -2.906977 -0.054295 1.744186
v -2.906977 0.174918 1.511628
v -2.906977 0.191081 1.279070
v -2.906977 0.158519 1.046512
v -2.906977 0.203054 0.813953
v -2.906977 0.117056 0.581395
v -2.906977 -0.039282 0.348837
v -2.906977 0.029967 0.116279
v -2.906977 -0.134775 -0.116279
v -2.906977 -0.246787 -0.348837
v -2.906977 -0.108827 -0.581395
v -2.906977 -0.091014 -0.813953
v -2.906977 -0.201574 -1.046512
v -2.906977 -0.163397 -1.279070
v -2.906977 -0.168571 -1.511628
v -2.906977 -0.180898 -1.744186
v -2.906977 -0.107209 -1.976744
v -2.906977 -0.236348 -2.209302
v -2.906977 -0.186480 -2.441860
v -2.906977 -0.110234 -2.674419
v -2.906977 -0.054618 -2.906977
v -2.906977 -0.125021 -3.139535
v -2.906977 -0.164205 -3.372093
v -2.906977 -0.088499 -3.604651
v -2.906977 -0.104593 -3.837209
v -2.906977 -0.028269 -4.069767
v -2.906977 -0.005758 -4.302326
v -2.906977 -0.006250 -4.534883
v -2.906977 -0.000528 -4.767442
v -2.906977 0.000000 -5.000000
v -2.674419 0.000000 5.000000
v -2.674419 0.002352 4.767442
v -2.674419 0.009537 4.534883
v -2.674419 0.012334 4.302326
v -2.674419 -0.047451 4.069767
v -2.674419 -0.151631 3.837209
v -2.674419 -0.051512 3.604651
v -2.674419 0.008285 3.372093
v -2.674419 0.096281 3.139535
v -2.674419 -0.162605 2.906977
v -2.674419 0.137876 2.674419
v -2.674419 -0.327432 2.441860
v -2.674419 -0.117720 2.209302
v -2.674419 -0.209233 1.976744
v -2.674419 -0.131732 1.744186
v -2.674419 -0.044571 1.511628
v -2.674419 0.193117 1.279070
v -2.674419 0.106382 1.046512
v -2.674419 0.096824 0.813953
v -2.674419 0.215279 0.581395
v -2.674419 -0.076406 0.348837
v -2.674419 -0.149136 0.116279
v -2.674419 0.141381 -0.116279
v -2.674419 -0.110001 -0.348837
v -2.674419 0.021220 -0.581395
v -2.674419 -0.334010 -0.813953
v -2.674419 -0.163112 -1.046512
v -2.674419 -0.229742 -1.279070
v -2.674419 -0.340257 -1.511628
v -2.674419 -0.252750 -1.744186
v -2.674419 -0.227312 -1.976744
v -2.674419 -0.195754 -2.209302
v -2.674419 -0.139807 -2.441860
v -2.674419 0.042746 -2.674419
v -2.674419 0.167640 -2.906977
v -2.674419 0.122504 -3.139535
v -2.674419 0.089544 -3.372093
v -2.674419 -0.080715 -3.604651
v -2.674419 -0.080221 -3.837209
v -2.674419 -0.048558 -4.069767
v -2.674419 0.021085 -4.302326
v -2.674419 0.000985 -4.534883
v -2.674419 -0.000182 -4.767442
v -2.674419 0.000000 -5.000000
v -2.441860 0.000000 5.000000
v -2.441860 0.003827 4.767442
v -2.441860 -0.016210 4.534883
v -2.441860 0.006135 4.302326
v -2.441860 -0.024637 4.069767
v -2.441860 -0.061522 3.837209
v -2.441860 -0.022899 3.604651
v -2.441860 0.049652 3.372093
v -2.441860 0.152492 3.139535
v -2.441860 -0.126284 2.906977
v -2.441860 -0.356106 2.674419
v -2.441860 -0.316949 2.441860
v -2.441860 -0.131938 2.209302
v -2.441860 -0.050395 1.976744
v -2.441860 -0.327023 1.744186
v -2.441860 -0.086270 1.511628
v -2.441860 0.120332 1.279070
v -2.441860 -0.032068 1.046512
v -2.441860 -0.033065 0.813953
v -2.441860 0.147164 0.581395
v -2.441860 0.034433 0.348837
v -2.441860 0.033151 0.116279
v -2.441860 -0.314638 -0.116279
v -2.441860 -0.224532 -0.348837
v -2.441860 -0.216262 -0.581395
v -2.441860 -0.092354 -0.813953
v -2.441860 -0.459904 -1.046512
v -2.441860 -0.029215 -1.279070
v -2.441860 0.065774 -1.511628
v -2.441860 -0.236545 -1.744186
v -2.441860 -0.066505 -1.976744
v -2.441860 0.035119 -2.209302
v -2.441860 0.014229 -2.441860
v -2.441860 0.053169 -2.674419
v -2.441860 0.050287 -2.906977
v -2.441860 -0.034255 -3.139535
v -2.441860 0.145136 -3.372093
v -2.441860 -0.016133 -3.604651
v -2.441860 0.025369 -3.837209
v -2.441860 0.005186 -4.069767
v -2.441860 0.013174 -4.302326
v -2.441860 0.005418 -4.534883
v -2.441860 -0.006911 -4.767442
v -2.441860 0.000000 -5.000000
v -2.209302 0.000000 5.000000
v -2.209302 0.001223 4.767442
v -2.209302 -0.015409 4.534883
v -2.209302 -0.045410 4.302326
v -2.209302 -0.023236 4.069767
v -2.209302 -0.033115 3.837209
v -2.209302 -0.107705 3.604651
v -2.209302 0.046105 3.372093
v -2.209302 0.024392 3.139535
v -2.209302 -0.134023 2.906977
v -2.209302 -0.077952 2.674419
v -2.209302 -0.035073 2.441860
v -2.209302 -0.025360 2.209302
v -2.209302 -0.210727 1.976744
v -2.209302 -0.295275 1.744186
v -2.209302 -0.193371 1.511628
v -2.209302 -0.082723 1.279070
v -2.209302 -0.035841 1.046512
v -2.209302 0.080236 0.813953
v -2.209302 0.290654 0.581395
v -2.209302 0.171187 0.348837
v -2.209302 -0.039895 0.116279
v -2.209302 -0.178096 -0.116279
v -2.209302 -0.323165 -0.348837
v -2.209302 -0.242285 -0.581395
v -2.209302 -0.115693 -0.813953
v -2.209302 -0.070251 -1.046512
v -2.209302 0.334273 -1.279070
v -2.209302 0.103348 -1.511628
v -2.209302 0.123455 -1.744186
v -2.209302 0.173694 -1.976744
v -2.209302 0.454298 -2.209302
v -2.209302 0.163407 -2.441860
v -2.209302 0.074636 -2.674419
v -2.209302 0.128740 -2.906977
v -2.209302 0.016699 -3.139535
v -2.209302 -0.064945 -3.372093
v -2.209302 0.058308 -3.604651
v -2.209302 -0.023496 -3.837209
v -2.209302 0.044846 -4.069767
v -2.209302 -0.026569 -4.302326
v -2.209302 0.012396 -4.534883
v -2.209302 -0.001058 -4.767442
v -2.209302 0.000000 -5.000000
v -1.976744 0.000000 5.000000
v -1.976744 0.002645 4.767442
v -1.976744 -0.004656 4.534883
v -1.976744 -0.053440 4.302326
v -1.976744 -0.059919 4.069767
v -1.976744 -0.018451 3.837209
v -1.976744 -0.099929 3.604651
v -1.976744 0.068411 3.372093
v -1.976744 0.002046 3.139535
v -1.976744 0.223161 2.906977
v -1.976744 0.033113 2.674419
v -1.976744 -0.113017 2.441860
v -1.976744 -0.163846 2.209302
v -1.976744 -0.343217 1.976744
v -1.976744 -0.323717 1.744186
v -1.976744 -0.215598 1.511628
v -1.976744 0.241125 1.279070
v -1.976744 0.184934 1.046512
v -1.976744 0.096401 0.813953
v -1.976744 0.426092 0.581395
v -1.976744 0.198467 0.348837
v -1.976744 -0.009864 0.116279
v -1.976744 -0.392517 -0.116279
v -1.976744 -0.150604 -0.348837
v -1.976744 -0.292288 -0.581395
v -1.976744 0.220498 -0.813953
v -1.976744 0.153810 -1.046512
v -1.976744 0.197580 -1.279070
v -1.976744 0.423466 -1.511628
v -1.976744 0.079551 -1.744186
v -1.976744 0.219943 -1.976744
v -1.976744 0.348988 -2.209302
v -1.976744 0.344067 -2.441860
v -1.976744 0.386938 -2.674419
v -1.976744 0.084940 -2.906977
v -1.976744 -0.051942 -3.139535
v -1.976744 0.010370 -3.372093
v -1.976744 0.067400 -3.604651
v -1.976744 0.106353 -3.837209
v -1.976744 0.030813 -4.069767
v -1.976744 -0.037877 -4.302326
v -1.976744 -0.002282 -4.534883
v -1.976744 -0.003325 -4.767442
v -1.976744 0.000000 -5.000000
v -1.744186 0.000000 5.000000
v -1.744186 -0.007359 4.767442
v -1.744186 0.002171 4.534883
v -1.744186 0.058428 4.302326
v -1.744186 0.109337 4.069767
v -1.744186 0.040136 3.837209
v -1.744186 -0.012179 3.604651
v -1.744186 0.001526 3.372093
v -1.744186 -0.025050 3.139535
v -1.744186 0.160671 2.906977
v -1.744186 0.369823 2.674419
v -1.744186 0.231948 2.441860
v -1.744186 -0.357186 2.209302
v -1.744186 -0.042388 1.976744
v -1.744186 -0.275135 1.744186
v -1.744186 -0.032296 1.511628
v -1.744186 0.004796 1.279070
v -1.744186 0.012781 1.046512
v -1.744186 0.172785 0.813953
v -1.744186 0.430621 0.581395
v -1.744186 0.385846 0.348837
v -1.744186 0.187838 0.116279
v -1.744186 -0.299292 -0.116279
v -1.744186 -0.234231 -0.348837
v -1.744186 -0.376304 -0.581395
v -1.744186 0.127172 -0.813953
v -1.744186 0.063336 -1.046512
v -1.744186 -0.331435 -1.279070
v -1.744186 -0.085986 -1.511628
v -1.744186 -0.152538 -1.744186
v -1.744186 0.239164 -1.976744
v -1.744186 0.121362 -2.209302
v -1.744186 0.272340 -2.441860
v -1.744186 0.321592 -2.674419
v -1.744186 -0.129064 -2.906977
v -1.744186 0.177421 -3.139535
v -1.744186 -0.046378 -3.372093
v -1.744186 0.095832 -3.604651
v -1.744186 -0.067622 -3.837209
v -1.744186 0.115535 -4.069767
v -1.744186 -0.052431 -4.302326
v -1.744186 0.011508 -4.534883
v -1.744186 0.002823 -4.767442
v -1.744186 0.000000 -5.000000
v -1.511628 0.000000 5.000000
v -1.511628 -0.010394 4.767442
v -1.511628 -0.009977 4.534883
v -1.511628 -0.029471 4.302326
v -1.511628 0.010650 4.069767
v -1.511628 0.053487 3.837209
v -1.511628 0.078743 3.604651
v -1.511628 0.056028 3.372093
v -1.511628 0.220134 3.139535
v -1.511628 -0.049166 2.906977
v -1.511628 0.024345 2.674419
v -1.511628 0.117404 2.441860
v -1.511628 0.285061 2.209302
v -1.511628 -0.109453 1.976744
v -1.511628 -0.223715 1.744186
v -1.511628 -0.030206 1.511628
v -1.511628 0.037717 1.279070
v -1.511628 -0.193496 1.046512
v -1.511628 0.150641 0.813953
v -1.511628 -0.000645 0.581395
v -1.511628 0.172510 0.348837
v -1.511628 -0.253019 0.116279
v -1.511628 0.055859 -0.116279
v -1.511628 -0.492099 -0.348837
v -1.511628 -0.736568 -0.581395
v -1.511628 -0.491286 -0.813953
v -1.511628 -0.328145 -1.046512
v -1.511628 0.035091 -1.279070
v -1.511628 -0.066548 -1.511628
v -1.511628 -0.064716 -1.744186
v -1.511628 0.067250 -1.976744
v -1.511628 0.472629 -2.209302
v -1.511628 0.196265 -2.441860
v -1.511628 0.126956 -2.674419
v -1.511628 -0.104573 -2.906977
v -1.511628 0.059903 -3.139535
v -1.511628 0.091470 -3.372093
v -1.511628 -0.036972 -3.604651
v -1.511628 -0.003615 -3.837209
v -1.511628 -0.025377 -4.069767
v -1.511628 -0.002596 -4.302326
v -1.511628 -0.003933 -4.534883
v -1.511628 -0.000800 -4.767442
v -1.511628 0.000000 -5.000000
v -1.279070 0.000000 5.000000
v -1.279070 -0.009296 4.767442
v -1.279070 -0.015517 4.534883
v -1.279070 -0.066449 4.302326
v -1.279070 -0.071743 4.069767
v -1.279070 -0.019938 3.837209
v -1.279070 -0.112931 3.604651
v -1.279070 -0.243748 3.372093
v -1.279070 0.028225 3.139535
v -1.279070 -0.091277 2.906977
v -1.279070 0.250529 2.674419
v -1.279070 -0.076698 2.441860
v -1.279070 -0.026025 2.209302
v -1.279070 0.058675 1.976744
v -1.279070 -0.061736 1.744186
v -1.279070 -0.428228 1.511628
v -1.279070 -0.217429 1.279070
v -1.279070 -0.210645 1.046512
v -1.279070 -0.082409 0.813953
v -1.279070 0.213426 0.581395
v -1.279070 -0.219333 0.348837
v -1.279070 -0.398373 0.116279
v -1.279070 -0.307750 -0.116279
v -1.279070 -0.581440 -0.348837
v -1.279070 -0.664767 -0.581395
v -1.279070 -0.393026 -0.813953
v -1.279070 -0.163416 -1.046512
v -1.279070 -0.179451 -1.279070
v -1.279070 0.226047 -1.511628
v -1.279070 0.140783 -1.744186
v -1.279070 0.379338 -1.976744
v -1.279070 0.035429 -2.209302
v -1.279070 -0.048625 -2.441860
v -1.279070 -0.197465 -2.674419
v -1.279070 -0.298414 -2.906977
v -1.279070 -0.070490 -3.139535
v -1.279070 -0.042433 -3.372093
v -1.279070 0.038753 -3.604651
v -1.279070 -0.045760 -3.837209
v -1.279070 -0.040813 -4.069767
v -1.279070 -0.009434 -4.302326
v -1.279070 -0.021325 -4.534883
v -1.279070 -0.001018 -4.767442
v -1.279070 0.000000 -5.000000
v -1.046512 0.000000 5.000000
v -1.046512 -0.001271 4.767442
v -1.046512 -0.005127 4.534883
v -1.046512 -0.015019 4.302326
v -1.046512 -0.009401 4.069767
v -1.046512 -0.042208 3.837209
v -1.046512 -0.179873 3.604651
v -1.046512 -0.142070 3.372093
v -1.046512 0.310863 3.139535
v -1.046512 -0.015283 2.906977
v -1.046512 0.288377 2.674419
v -1.046512 -0.142208 2.441860
v -1.046512 0.008347 2.209302
v -1.046512 -0.118715 1.976744
v -1.046512 -0.030024 1.744186
v -1.046512 -0.371956 1.511628
v -1.046512 -0.226759 1.279070
v -1.046512 -0.213981 1.046512
v -1.046512 0.050498 0.813953
v -1.046512 -0.132816 0.581395
v -1.046512 -0.352812 0.348837
v -1.046512 -0.416881 0.116279
v -1.046512 -0.174511 -0.116279
v -1.046512 -0.282024 -0.348837
v -1.046512 0.018625 -0.581395
v -1.046512 -0.425412 -0.813953
v -1.046512 -0.160132 -1.046512
v -1.046512 0.010428 -1.279070
v -1.046512 -0.046535 -1.511628
v -1.046512 -0.039794 -1.744186
v -1.046512 0.056082 -1.976744
v -1.046512 -0.000833 -2.209302
v -1.046512 -0.096823 -2.441860
v -1.046512 -0.074415 -2.674419
v -1.046512 -0.042190 -2.906977
v -1.046512 -0.020832 -3.139535
v -1.046512 0.204630 -3.372093
v -1.046512 0.019546 -3.604651
v -1.046512 -0.002694 -3.837209
v -1.046512 -0.113382 -4.069767
v -1.046512 -0.015481 -4.302326
v -1.046512 -0.015433 -4.534883
v -1.046512 -0.000400 -4.767442
v -1.046512 0.000000 -5.000000
v -0.813953 0.000000 5.000000
v -0.813953 -0.010121 4.767442
v -0.813953 -0.019745 4.534883
v -0.813953 -0.037748 4.302326
v -0.813953 0.019555 4.069767
v -0.813953 -0.062974 3.837209
v -0.813953 -0.171115 3.604651
v -0.813953 0.007627 3.372093
v -0.813953 0.346551 3.139535
v -0.813953 -0.167160 2.906977
v -0.813953 -0.150035 2.674419
v -0.813953 -0.370995 2.441860
v -0.813953 -0.181475 2.209302
v -0.813953 0.017990 1.976744
v -0.813953 -0.287193 1.744186
v -0.813953 -0.376582 1.511628
v -0.813953 -0.100695 1.279070
v -0.813953 0.020257 1.046512
v -0.813953 0.039787 0.813953
v -0.813953 0.087028 0.581395
v -0.813953 -0.154693 0.348837
v -0.813953 -0.125825 0.116279
v -0.813953 0.176234 -0.116279
v -0.813953 0.082254 -0.348837
v -0.813953 -0.009728 -0.581395
v -0.813953 -0.012553 -0.813953
v -0.813953 -0.061337 -1.046512
v -0.813953 -0.075420 -1.279070
v -0.813953 -0.300255 -1.511628
v -0.813953 -0.145879 -1.744186
v -0.813953 -0.177071 -1.976744
v -0.813953 0.016374 -2.209302
v -0.813953 -0.125254 -2.441860
v -0.813953 -0.068683 -2.674419
v -0.813953 -0.170496 -2.906977
v -0.813953 -0.002542 -3.139535
v -0.813953 -0.061570 -3.372093
v -0.813953 0.025675 -3.604651
v -0.813953 -0.078530 -3.837209
v -0.813953 -0.092362 -4.069767
v -0.813953 -0.083648 -4.302326
v -0.813953 -0.004829 -4.534883
v -0.813953 -0.002979 -4.767442
v -0.813953 0.000000 -5.000000
v -0.581395 0.000000 5.000000
v -0.581395 0.001109 4.767442
v -0.581395 -0.023299 4.534883
v -0.581395 -0.008853 4.302326
v -0.581395 -0.044191 4.069767
v -0.581395 -0.031481 3.837209
v -0.581395 -0.073033 3.604651
v -0.581395 -0.013577 3.372093
v -0.581395 0.026146 3.139535
v -0.581395 -0.166063 2.906977
v -0.581395 -0.124110 2.674419
v -0.581395 -0.280811 2.441860
v -0.581395 -0.443226 2.209302
v -0.581395 -0.114143 1.976744
v -0.581395 -0.217511 1.744186
v -0.581395 0.056326 1.511628
v -0.581395 -0.039840 1.279070
v -0.581395 0.256192 1.046512
v -0.581395 0.012141 0.813953
v -0.581395 0.159187 0.581395
v -0.581395 0.048129 0.348837
v -0.581395 -0.275203 0.116279
v -0.581395 0.201251 -0.116279
v -0.581395 -0.172273 -0.348837
v -0.581395 0.199621 -0.581395
v -0.581395 -0.363044 -0.813953
v -0.581395 -0.338593 -1.046512
v -0.581395 -0.240821 -1.279070
v -0.581395 -0.139243 -1.511628
v -0.581395 0.053989 -1.744186
v -0.581395 -0.257359 -1.976744
v -0.581395 0.000931 -2.209302
v -0.581395 0.110821 -2.441860
v -0.581395 0.049506 -2.674419
v -0.581395 -0.016694 -2.906977
v -0.581395 0.116110 -3.139535
v -0.581395 -0.263765 -3.372093
v -0.581395 -0.086892 -3.604651
v -0.581395 -0.100473 -3.837209
v -0.581395 -0.149092 -4.069767
v -0.581395 -0.012193 -4.302326
v -0.581395 0.006365 -4.534883
v -0.581395 0.002922 -4.767442
v -0.581395 0.000000 -5.000000
v -0.348837 0.000000 5.000000
v -0.348837 -0.002611 4.767442
v -0.348837 0.008189 4.534883
v -0.348837 0.013352 4.302326
v -0.348837 0.020804 4.069767
v -0.348837 0.035480 3.837209
v -0.348837 0.072765 3.604651
v -0.348837 -0.031945 3.372093
v -0.348837 0.122078 3.139535
v -0.348837 -0.094479 2.906977
v -0.348837 0.140410 2.674419
v -0.348837 -0.157129 2.441860
v -0.348837 -0.115518 2.209302
v -0.348837 0.026753 1.976744
v -0.348837 -0.352570 1.744186
v -0.348837 -0.191480 1.511628
v -0.348837 -0.598881 1.279070
v -0.348837 -0.121610 1.046512
v -0.348837 -0.035885 0.813953
v -0.348837 -0.098061 0.581395
v -0.348837 0.110650 0.348837
v -0.348837 -0.382063 0.116279
v -0.348837 0.179082 -0.116279
v -0.348837 0.138685 -0.348837
v -0.348837 -0.205262 -0.581395
v -0.348837 -0.398880 -0.813953
v -0.348837 -0.190746 -1.046512
v -0.348837 0.239304 -1.279070
v -0.348837 0.350615 -1.511628
v -0.348837 -0.079730 -1.744186
v -0.348837 -0.028754 -1.976744
v -0.348837 0.140714 -2.209302
v -0.348837 0.190575 -2.441860
v -0.348837 0.036041 -2.674419
v -0.348837 -0.001143 -2.906977
v -0.348837 0.110649 -3.139535
v -0.348837 -0.087899 -3.372093
v -0.348837 -0.150428 -3.604651
v -0.348837 -0.155935 -3.837209
v -0.348837 -0.042496 -4.069767
v -0.348837 -0.019861 -4.302326
v -0.348837 -0.010317 -4.534883
v -0.348837 0.004438 -4.767442
v -0.348837 0.000000 -5.000000
v -0.116279 0.000000 5.000000
v -0.116279 -0.001567 4.767442
v -0.116279 0.012843 4.534883
v -0.116279 -0.023384 4.302326
v -0.116279 0.050872 4.069767
v -0.116279 0.206798 3.837209
v -0.116279 0.212274 3.604651
v -0.116279 0.261984 3.372093
v -0.116279 0.242529 3.139535
v -0.116279 0.303976 2.906977
v -0.116279 0.089171 2.674419
v -0.116279 0.179798 2.441860
v -0.116279 -0.037935 2.209302
v -0.116279 0.275406 1.976744
v -0.116279 -0.037370 1.744186
v -0.116279 -0.307246 1.511628
v -0.116279 -0.491145 1.279070
v -0.116279 -0.171665 1.046512
v -0.116279 -0.207746 0.813953
v -0.116279 0.104979 0.581395
v -0.116279 0.112850 0.348837
v -0.116279 -0.275353 0.116279
v -0.116279 0.013164 -0.116279
v -0.116279 -0.071181 -0.348837
v -0.116279 -0.333408 -0.581395
v -0.116279 -0.184775 -0.813953
v -0.116279 0.004002 -1.046512
v -0.116279 0.321909 -1.279070
v -0.116279 -0.016334 -1.511628
v -0.116279 0.164204 -1.744186
v -0.116279 0.306965 -1.976744
v -0.116279 0.165085 -2.209302
v -0.116279 0.183119 -2.441860
v -0.116279 -0.015491 -2.674419
v -0.116279 -0.212141 -2.906977
v -0.116279 0.011422 -3.139535
v -0.116279 -0.150206 -3.372093
v -0.116279 -0.113415 -3.604651
v -0.116279 -0.246873 -3.837209
v -0.116279 -0.005900 -4.069767
v -0.116279 0.009959 -4.302326
v -0.116279 0.004555 -4.534883
v -0.116279 -0.002992 -4.767442
v -0.116279 0.000000 -5.000000
v 0.116279 0.000000 5.000000
v 0.116279 0.001031 4.767442
v 0.116279 0.013939 4.534883
v 0.116279 0.044189 4.302326
v 0.116279 0.058277 4.069767
v 0.116279 0.043113 3.837209
v 0.116279 0.119111 3.604651
v 0.116279 0.092232 3.372093
v 0.116279 0.028216 3.139535
v 0.116279 0.031009 2.906977
v 0.116279 0.018562 2.674419
v 0.116279 0.036927 2.441860
v 0.116279 -0.033662 2.209302
v 0.116279 0.403276 1.976744
v 0.116279 0.093951 1.744186
v 0.116279 -0.102893 1.511628
v 0.116279 -0.388308 1.279070
v 0.116279 -0.108607 1.046512
v 0.116279 -0.179401 0.813953
v 0.116279 0.287942 0.581395
v 0.116279 0.088992 0.348837
v 0.116279 0.218439 0.116279
v 0.116279 -0.010071 -0.116279
v 0.116279 -0.621869 -0.348837
v 0.116279 -0.453730 -0.581395
v 0.116279 -0.215618 -0.813953
v 0.116279 -0.110083 -1.046512
v 0.116279 0.010808 -1.279070
v 0.116279 -0.162728 -1.511628
v 0.116279 0.103012 -1.744186
v 0.116279 -0.202842 -1.976744
v 0.116279 0.012977 -2.209302
v 0.116279 0.212194 -2.441860
v 0.116279 0.122548 -2.674419
v 0.116279 -0.028231 -2.906977
v 0.116279 -0.132815 -3.139535
v 0.116279 0.010308 -3.372093
v 0.116279 0.039872 -3.604651
v 0.116279 -0.043669 -3.837209
v 0.116279 -0.122393 -4.069767
v 0.116279 -0.030588 -4.302326
v 0.116279 0.014376 -4.534883
v 0.116279 0.000017 -4.767442
v 0.116279 0.000000 -5.000000
v 0.348837 0.000000 5.000000
v 0.348837 0.007284 4.767442
v 0.348837 0.011250 4.534883
v 0.348837 0.055970 4.302326
v 0.348837 0.024042 4.069767
v 0.348837 0.130772 3.837209
v 0.348837 -0.079721 3.604651
v 0.348837 0.060643 3.372093
v 0.348837 -0.027745 3.139535
v 0.348837 -0.017737 2.906977
v 0.348837 0.160344 2.674419
v 0.348837 0.103930 2.441860
v 0.348837 -0.218262 2.209302
v 0.348837 0.030686 1.976744
v 0.348837 0.145189 1.744186
v 0.348837 0.062519 1.511628
v 0.348837 0.033585 1.279070
v 0.348837 0.354119 1.046512
v 0.348837 0.284118 0.813953
v 0.348837 0.173210 0.581395
v 0.348837 0.227131 0.348837
v 0.348837 0.174030 0.116279
v 0.348837 -0.007468 -0.116279
v 0.348837 -0.336115 -0.348837
v 0.348837 -0.402664 -0.581395
v 0.348837 -0.051310 -0.813953
v 0.348837 -0.392273 -1.046512
v 0.348837 -0.252589 -1.279070
v 0.348837 0.138508 -1.511628
v 0.348837 0.217389 -1.744186
v 0.348837 0.051604 -1.976744
v 0.348837 -0.118566 -2.209302
v 0.348837 0.077488 -2.441860
v 0.348837 0.084195 -2.674419
v 0.348837 0.060722 -2.906977
v 0.348837 -0.114042 -3.139535
v 0.348837 0.018204 -3.372093
v 0.348837 0.016280 -3.604651
v 0.348837 -0.156779 -3.837209
v 0.348837 -0.063912 -4.069767
v 0.348837 0.014442 -4.302326
v 0.348837 0.009431 -4.534883
v 0.348837 0.007634 -4.767442
v 0.348837 0.000000 -5.000000
v 0.581395 0.000000 5.000000
v 0.581395 0.004994 4.767442
v 0.581395 -0.003913 4.534883
v 0.581395 0.031888 4.302326
v 0.581395 0.156369 4.069767
v 0.581395 0.049986 3.837209
v 0.581395 -0.058367 3.604651
v 0.581395 -0.067889 3.372093
v 0.581395 -0.132089 3.139535
v 0.581395 -0.009605 2.906977
v 0.581395 0.014412 2.674419
v 0.581395 -0.250193 2.441860
v 0.581395 -0.373540 2.209302
v 0.581395 -0.129324 1.976744
v 0.581395 -0.341442 1.744186
v 0.581395 -0.516871 1.511628
v 0.581395 0.205620 1.279070
v 0.581395 0.042504 1.046512
v 0.581395 -0.086898 0.813953
v 0.581395 0.060276 0.581395
v 0.581395 0.489705 0.348837
v 0.581395 0.457539 0.116279
v 0.581395 0.236446 -0.116279
v 0.581395 -0.193780 -0.348837
v 0.581395 -0.054565 -0.581395
v 0.581395 -0.129247 -0.813953
v 0.581395 0.188893 -1.046512
v 0.581395 -0.237518 -1.279070
v 0.581395 -0.027575 -1.511628
v 0.581395 0.038023 -1.744186
v 0.581395 0.020283 -1.976744
v 0.581395 -0.069863 -2.209302
v 0.581395 -0.301958 -2.441860
v 0.581395 -0.111083 -2.674419
v 0.581395 -0.089531 -2.906977
v 0.581395 -0.086281 -3.139535
v 0.581395 0.184919 -3.372093
v 0.581395 0.150664 -3.604651
v 0.581395 -0.156342 -3.837209
v 0.581395 -0.052187 -4.069767
v 0.581395 -0.005916 -4.302326
v 0.581395 -0.000634 -4.534883
v 0.581395 0.005511 -4.767442
v 0.581395 0.000000 -5.000000
v 0.813953 0.000000 5.000000
v 0.813953 0.000724 4.767442
v 0.813953 0.009253 4.534883
v 0.813953 0.011177 4.302326
v 0.813953 0.019724 4.069767
v 0.813953 -0.066326 3.837209
v 0.813953 -0.198080 3.604651
v 0.813953 0.041813 3.372093
v 0.813953 -0.058385 3.139535
v 0.813953 -0.105667 2.906977
v 0.813953 -0.137351 2.674419
v 0.813953 -0.102809 2.441860
v 0.813953 -0.028283 2.209302
v 0.813953 -0.315805 1.976744
v 0.813953 -0.227754 1.744186
v 0.813953 -0.086576 1.511628
v 0.813953 -0.253260 1.279070
v 0.813953 -0.246563 1.046512
v 0.813953 -0.263994 0.813953
v 0.813953 -0.048297 0.581395
v 0.813953 0.093116 0.348837
v 0.813953 0.576355 0.116279
v 0.813953 0.221425 -0.116279
v 0.813953 0.164418 -0.348837
v 0.813953 0.190307 -0.581395
v 0.813953 -0.103847 -0.813953
v 0.813953 0.068223 -1.046512
v 0.813953 0.217534 -1.279070
v 0.813953 0.270312 -1.511628
v 0.813953 -0.072039 -1.744186
v 0.813953 -0.058993 -1.976744
v 0.813953 0.023384 -2.209302
v 0.813953 -0.042608 -2.441860
v 0.813953 -0.179972 -2.674419
v 0.813953 0.018163 -2.906977
v 0.813953 -0.019741 -3.139535
v 0.813953 -0.075237 -3.372093
v 0.813953 -0.099824 -3.604651
v 0.813953 -0.201967 -3.837209
v 0.813953 -0.118376 -4.069767
v 0.813953 -0.020507 -4.302326
v 0.813953 -0.012112 -4.534883
v 0.813953 0.006884 -4.767442
v 0.813953 0.000000 -5.000000
v 1.046512 0.000000 5.000000
v 1.046512 -0.012108 4.767442
v 1.046512 0.007439 4.534883
v 1.046512 0.023918 4.302326
v 1.046512 0.088115 4.069767
v 1.046512 -0.001810 3.837209
v 1.046512 -0.064839 3.604651
v 1.046512 0.077440 3.372093
v 1.046512 0.120759 3.139535
v 1.046512 -0.004735 2.906977
v 1.046512 -0.010159 2.674419
v 1.046512 -0.301713 2.441860
v 1.046512 -0.181900 2.209302
v 1.046512 -0.274150 1.976744
v 1.046512 -0.260325 1.744186
v 1.046512 0.129501 1.511628
v 1.046512 0.344496 1.279070
v 1.046512 -0.480189 1.046512
v 1.046512 -0.328893 0.813953
v 1.046512 -0.623157 0.581395
v 1.046512 -0.078599 0.348837
v 1.046512 0.252082 0.116279
v 1.046512 0.544578 -0.116279
v 1.046512 0.176923 -0.348837
v 1.046512 -0.021196 -0.581395
v 1.046512 0.119697 -0.813953
v 1.046512 0.152421 -1.046512
v 1.046512 0.329196 -1.279070
v 1.046512 0.125311 -1.511628
v 1.046512 0.146147 -1.744186
v 1.046512 0.026638 -1.976744
v 1.046512 0.019364 -2.209302
v 1.046512 -0.110949 -2.441860
v 1.046512 -0.171570 -2.674419
v 1.046512 0.010513 -2.906977
v 1.046512 0.023207 -3.139535
v 1.046512 -0.169470 -3.372093
v 1.046512 -0.040437 -3.604651
v 1.046512 -0.115655 -3.837209
v 1.046512 -0.023912 -4.069767
v 1.046512 0.029371 -4.302326
v 1.046512 0.002812 -4.534883
v 1.046512 -0.004943 -4.767442
v 1.046512 0.000000 -5.000000
v 1.279070 0.000000 5.000000
v 1.279070 -0.001431 4.767442
v 1.279070 -0.013116 4.534883
v 1.279070 0.030839 4.302326
v 1.279070 -0.043996 4.069767
v 1.279070 -0.028608 3.837209
v 1.279070 0.129832 3.604651
v 1.279070 0.213858 3.372093
v 1.279070 0.231987 3.139535
v 1.279070 0.159997 2.906977
v 1.279070 -0.090885 2.674419
v 1.279070 -0.121174 2.441860
v 1.279070 -0.176336 2.209302
v 1.279070 -0.264849 1.976744
v 1.279070 -0.165029 1.744186
v 1.279070 -0.113644 1.511628
v 1.279070 0.041702 1.279070
v 1.279070 -0.126490 1.046512
v 1.279070 -0.446196 0.813953
v 1.279070 -0.117970 0.581395
v 1.279070 -0.025543 0.348837
v 1.279070 0.209628 0.116279
v 1.279070 0.026302 -0.116279
v 1.279070 -0.127606 -0.348837
v 1.279070 -0.248705 -0.581395
v 1.279070 -0.290117 -0.813953
v 1.279070 0.254448 -1.046512
v 1.279070 0.345135 -1.279070
v 1.279070 0.156501 -1.511628
v 1.279070 0.342909 -1.744186
v 1.279070 0.669671 -1.976744
v 1.279070 -0.136078 -2.209302
v 1.279070 0.085781 -2.441860
v 1.279070 -0.053577 -2.674419
v 1.279070 0.017991 -2.906977
v 1.279070 0.126450 -3.139535
v 1.279070 -0.006025 -3.372093
v 1.279070 0.061881 -3.604651
v 1.279070 -0.144257 -3.837209
v 1.279070 -0.063164 -4.069767
v 1.279070 -0.001007 -4.302326
v 1.279070 -0.041639 -4.534883
v 1.279070 -0.004339 -4.767442
v 1.279070 0.000000 -5.000000
v 1.511628 0.000000 5.000000
v 1.511628 -0.000610 4.767442
v 1.511628 -0.019074 4.534883
v 1.511628 0.001249 4.302326
v 1.511628 -0.076229 4.069767
v 1.511628 0.037121 3.837209
v 1.511628 0.152708 3.604651
v 1.511628 0.113418 3.372093
v 1.511628 0.156888 3.139535
v 1.511628 0.108046 2.906977
v 1.511628 0.310669 2.674419
v 1.511628 0.054583 2.441860
v 1.511628 -0.166735 2.209302
v 1.511628 -0.076445 1.976744
v 1.511628 0.138020 1.744186
v 1.511628 0.088483 1.511628
v 1.511628 -0.096320 1.279070
v 1.511628 -0.165884 1.046512
v 1.511628 -0.138345 0.813953
v 1.511628 0.112704 0.581395
v 1.511628 -0.195279 0.348837
v 1.511628 0.013778 0.116279
v 1.511628 -0.447846 -0.116279
v 1.511628 -0.179292 -0.348837
v 1.511628 -0.464507 -0.581395
v 1.511628 -0.364783 -0.813953
v 1.511628 -0.000362 -1.046512
v 1.511628 0.118989 -1.279070
v 1.511628 0.244989 -1.511628
v 1.511628 -0.080366 -1.744186
v 1.511628 0.323022 -1.976744
v 1.511628 0.059949 -2.209302
v 1.511628 -0.226415 -2.441860
v 1.511628 0.013341 -2.674419
v 1.511628 0.155449 -2.906977
v 1.511628 0.074271 -3.139535
v 1.511628 0.145076 -3.372093
v 1.511628 0.140132 -3.604651
v 1.511628 0.036420 -3.837209
v 1.511628 0.018260 -4.069767
v 1.511628 -0.056211 -4.302326
v 1.511628 -0.039540 -4.534883
v 1.511628 -0.003439 -4.767442
v 1.511628 0.000000 -5.000000
v 1.744186 0.000000 5.000000
v 1.744186 -0.002103 4.767442
v 1.744186 -0.018823 4.534883
v 1.744186 -0.014891 4.302326
v 1.744186 -0.065128 4.069767
v 1.744186 -0.000948 3.837209
v 1.744186 0.119997 3.604651
v 1.744186 -0.091841 3.372093
v 1.744186 0.040265 3.139535
v 1.744186 -0.050223 2.906977
v 1.744186 -0.150717 2.674419
v 1.744186 -0.015331 2.441860
v 1.744186 0.046815 2.209302
v 1.744186 -0.014585 1.976744
v 1.744186 -0.063429 1.744186
v 1.744186 0.101898 1.511628
v 1.744186 0.169622 1.279070
v 1.744186 0.082335 1.046512
v 1.744186 0.253827 0.813953
v 1.744186 -0.111133 0.581395
v 1.744186 -0.505851 0.348837
v 1.744186 -0.421351 0.116279
v 1.744186 -0.126523 -0.116279
v 1.744186 -0.317227 -0.348837
v 1.744186 -0.407107 -0.581395
v 1.744186 -0.166144 -0.813953
v 1.744186 -0.353604 -1.046512
v 1.744186 -0.134277 -1.279070
v 1.744186 -0.000499 -1.511628
v 1.744186 0.119361 -1.744186
v 1.744186 0.036222 -1.976744
v 1.744186 0.139208 -2.209302
v 1.744186 -0.161270 -2.441860
v 1.744186 -0.022485 -2.674419
v 1.744186 -0.075709 -2.906977
v 1.744186 0.225061 -3.139535
v 1.744186 0.267405 -3.372093
v 1.744186 0.043157 -3.604651
v 1.744186 0.038393 -3.837209
v 1.744186 0.006919 -4.069767
v 1.744186 0.041428 -4.302326
v 1.744186 -0.004722 -4.534883
v 1.744186 -0.002331 -4.767442
v 1.744186 0.000000 -5.000000
v 1.976744 0.000000 5.000000
v 1.976744 -0.002605 4.767442
v 1.976744 -0.001188 4.534883
v 1.976744 -0.007146 4.302326
v 1.976744 0.046939 4.069767
v 1.976744 0.085544 3.837209
v 1.976744 -0.051691 3.604651
v 1.976744 -0.120658 3.372093
v 1.976744 -0.331363 3.139535
v 1.976744 -0.162949 2.906977
v 1.976744 0.135396 2.674419
v 1.976744 -0.142534 2.441860
v 1.976744 -0.047195 2.209302
v 1.976744 0.052029 1.976744
v 1.976744 0.181278 1.744186
v 1.976744 0.194532 1.511628
v 1.976744 -0.115096 1.279070
v 1.976744 -0.150397 1.046512
v 1.976744 -0.146469 0.813953
v 1.976744 -0.236498 0.581395
v 1.976744 0.104064 0.348837
v 1.976744 -0.227572 0.116279
v 1.976744 -0.129133 -0.116279
v 1.976744 -0.422705 -0.348837
v 1.976744 -0.087480 -0.581395
v 1.976744 -0.309734 -0.813953
v 1.976744 -0.195292 -1.046512
v 1.976744 0.257193 -1.279070
v 1.976744 0.140667 -1.511628
v 1.976744 0.199539 -1.744186
v 1.976744 -0.130275 -1.976744
v 1.976744 -0.138848 -2.209302
v 1.976744 0.057151 -2.441860
v 1.976744 0.113058 -2.674419
v 1.976744 0.182997 -2.906977
v 1.976744 -0.049339 -3.139535
v 1.976744 0.157910 -3.372093
v 1.976744 0.045539 -3.604651
v 1.976744 -0.049146 -3.837209
v 1.976744 -0.025029 -4.069767
v 1.976744 0.070983 -4.302326
v 1.976744 -0.010610 -4.534883
v 1.976744 0.004321 -4.767442
v 1.976744 0.000000 -5.000000
v 2.209302 0.000000 5.000000
v 2.209302 -0.001215 4.767442
v 2.209302 -0.007032 4.534883
v 2.209302 -0.019202 4.302326
v 2.209302 -0.052090 4.069767
v 2.209302 -0.010353 3.837209
v 2.209302 0.061944 3.604651
v 2.209302 0.013148 3.372093
v 2.209302 0.086500 3.139535
v 2.209302 -0.030978 2.906977
v 2.209302 -0.088912 2.674419
v 2.209302 0.279668 2.441860
v 2.209302 -0.244271 2.209302
v 2.209302 -0.102404 1.976744
v 2.209302 -0.083595 1.744186
v 2.209302 0.024987 1.511628
v 2.209302 -0.008049 1.279070
v 2.209302 -0.080474 1.046512
v 2.209302 0.010510 0.813953
v 2.209302 0.231890 0.581395
v 2.209302 0.210218 0.348837
v 2.209302 0.203165 0.116279
v 2.209302 -0.006392 -0.116279
v 2.209302 -0.411315 -0.348837
v 2.209302 -0.292266 -0.581395
v 2.209302 -0.190651 -0.813953
v 2.209302 -0.218437 -1.046512
v 2.209302 0.204857 -1.279070
v 2.209302 0.060631 -1.511628
v 2.209302 -0.035255 -1.744186
v 2.209302 -0.055206 -1.976744
v 2.209302 -0.038845 -2.209302
v 2.209302 -0.053067 -2.441860
v 2.209302 -0.161439 -2.674419
v 2.209302 -0.047390 -2.906977
v 2.209302 -0.062002 -3.139535
v 2.209302 -0.123920 -3.372093
v 2.209302 -0.030101 -3.604651
v 2.209302 -0.060813 -3.837209
v 2.209302 0.001110 -4.069767
v 2.209302 0.058619 -4.302326
v 2.209302 0.003542 -4.534883
v 2.209302 0.000847 -4.767442
v 2.209302 0.000000 -5.000000
v 2.441860 0.000000 5.000000
v 2.441860 -0.002004 4.767442
v 2.441860 0.004594 4.534883
v 2.441860 -0.035754 4.302326
v 2.441860 -0.073114 4.069767
v 2.441860 0.123139 3.837209
v 2.441860 0.040448 3.604651
v 2.441860 0.078555 3.372093
v 2.441860 -0.079508 3.139535
v 2.441860 0.094722 2.906977
v 2.441860 -0.214359 2.674419
v 2.441860 0.118835 2.441860
v 2.441860 -0.328122 2.209302
v 2.441860 -0.237656 1.976744
v 2.441860 0.014680 1.744186
v 2.441860 -0.114352 1.511628
v 2.441860 -0.282958 1.279070
v 2.441860 -0.083806 1.046512
v 2.441860 -0.055485 0.813953
v 2.441860 0.092524 0.581395
v 2.441860 0.015038 0.348837
v 2.441860 0.286098 0.116279
v 2.441860 0.128498 -0.116279
v 2.441860 -0.130592 -0.348837
v 2.441860 -0.213490 -0.581395
v 2.441860 -0.206569 -0.813953
v 2.441860 -0.024771 -1.046512
v 2.441860 0.043872 -1.279070
v 2.441860 -0.010047 -1.511628
v 2.441860 0.218767 -1.744186
v 2.441860 0.165885 -1.976744
v 2.441860 0.140067 -2.209302
v 2.441860 0.053872 -2.441860
v 2.441860 0.012778 -2.674419
v 2.441860 -0.052830 -2.906977
v 2.441860 -0.010631 -3.139535
v 2.441860 -0.135827 -3.372093
v 2.441860 0.007879 -3.604651
v 2.441860 -0.013185 -3.837209
v 2.441860 -0.011979 -4.069767
v 2.441860 0.008642 -4.302326
v 2.441860 0.001883 -4.534883
v 2.441860 0.000402 -4.767442
v 2.441860 0.000000 -5.000000
v 2.674419 0.000000 5.000000
v 2.674419 0.001275 4.767442
v 2.674419 0.017191 4.534883
v 2.674419 0.025272 4.302326
v 2.674419 -0.013397 4.069767
v 2.674419 -0.046538 3.837209
v 2.674419 0.013005 3.604651
v 2.674419 -0.133776 3.372093
v 2.674419 -0.027917 3.139535
v 2.674419 -0.044017 2.906977
v 2.674419 -0.000551 2.674419
v 2.674419 -0.029534 2.441860
v 2.674419 0.161669 2.209302
v 2.674419 0.061190 1.976744
v 2.674419 0.187957 1.744186
v 2.674419 -0.149947 1.511628
v 2.674419 -0.167224 1.279070
v 2.674419 -0.064411 1.046512
v 2.674419 -0.122511 0.813953
v 2.674419 -0.160962 0.581395
v 2.674419 0.072166 0.348837
v 2.674419 0.241044 0.116279
v 2.674419 0.068291 -0.116279
v 2.674419 -0.186495 -0.348837
v 2.674419 0.110796 -0.581395
v 2.674419 0.218279 -0.813953
v 2.674419 0.051061 -1.046512
v 2.674419 0.176957 -1.279070
v 2.674419 0.001529 -1.511628
v 2.674419 0.221386 -1.744186
v 2.674419 0.262993 -1.976744
v 2.674419 0.018622 -2.209302
v 2.674419 0.127965 -2.441860
v 2.674419 0.020812 -2.674419
v 2.674419 -0.094680 -2.906977
v 2.674419 -0.020402 -3.139535
v 2.674419 -0.006762 -3.372093
v 2.674419 0.060010 -3.604651
v 2.674419 0.021668 -3.837209
v 2.674419 -0.032103 -4.069767
v 2.674419 0.048881 -4.302326
v 2.674419 0.001740 -4.534883
v 2.674419 -0.000261 -4.767442
v 2.674419 0.000000 -5.000000
v 2.906977 0.000000 5.000000
v 2.906977 0.000882 4.767442
v 2.906977 0.014449 4.534883
v 2.906977 -0.012944 4.302326
v 2.906977 0.001711 4.069767
v 2.906977 -0.051600 3.837209
v 2.906977 -0.036320 3.604651
v 2.906977 -0.042442 3.372093
v 2.906977 0.006677 3.139535
v 2.906977 -0.072538 2.906977
v 2.906977 0.080498 2.674419
v 2.906977 -0.092126 2.441860
v 2.906977 0.064692 2.209302
v 2.906977 0.177705 1.976744
v 2.906977 -0.064546 1.744186
v 2.906977 -0.420698 1.511628
v 2.906977 -0.208036 1.279070
v 2.906977 0.094438 1.046512
v 2.906977 0.033687 0.813953
v 2.906977 -0.206817 0.581395
v 2.906977 -0.099897 0.348837
v 2.906977 0.150449 0.116279
v 2.906977 -0.008121 -0.116279
v 2.906977 -0.135416 -0.348837
v 2.906977 0.190940 -0.581395
v 2.906977 0.268683 -0.813953
v 2.906977 0.217897 -1.046512
v 2.906977 0.249349 -1.279070
v 2.906977 0.212092 -1.511628
v 2.906977 0.089748 -1.744186
v 2.906977 0.103940 -1.976744
v 2.906977 0.000299 -2.209302
v 2.906977 0.039814 -2.441860
v 2.906977 0.106639 -2.674419
v 2.906977 -0.068682 -2.906977
v 2.906977 0.006980 -3.139535
v 2.906977 0.182292 -3.372093
v 2.906977 -0.008542 -3.604651
v 2.906977 0.016065 -3.837209
v 2.906977 0.052960 -4.069767
v 2.906977 0.010542 -4.302326
v 2.906977 0.003894 -4.534883
v 2.906977 -0.000487 -4.767442
v 2.906977 0.000000 -5.000000
v 3.139535 0.000000 5.000000
v 3.139535 0.000035 4.767442
v 3.139535 0.002457 4.534883
v 3.139535 -0.005846 4.302326
v 3.139535 -0.056235 4.069767
v 3.139535 -0.051397 3.837209
v 3.139535 -0.050450 3.604651
v 3.139535 0.052619 3.372093
v 3.139535 -0.028052 3.139535
v 3.139535 0.037711 2.906977
v 3.139535 0.098701 2.674419
v 3.139535 -0.020779 2.441860
v 3.139535 0.087350 2.209302
v 3.139535 -0.052695 1.976744
v 3.139535 -0.174038 1.744186
v 3.139535 -0.131584 1.511628
v 3.139535 -0.272809 1.279070
v 3.139535 -0.222198 1.046512
v 3.139535 -0.085756 0.813953
v 3.139535 -0.154945 0.581395
v 3.139535 -0.058363 0.348837
v 3.139535 0.179131 0.116279
v 3.139535 0.099593 -0.116279
v 3.139535 0.040203 -0.348837
v 3.139535 0.185319 -0.581395
v 3.139535 -0.056468 -0.813953
v 3.139535 0.103230 -1.046512
v 3.139535 0.183249 -1.279070
v 3.139535 0.124606 -1.511628
v 3.139535 0.124260 -1.744186
v 3.139535 -0.081907 -1.976744
v 3.139535 0.178581 -2.209302
v 3.139535 0.042174 -2.441860
v 3.139535 0.115622 -2.674419
v 3.139535 -0.077612 -2.906977
v 3.139535 0.084297 -3.139535
v 3.139535 0.040035 -3.372093
v 3.139535 -0.054981 -3.604651
v 3.139535 0.039421 -3.837209
v 3.139535 0.011100 -4.069767
v 3.139535 -0.002743 -4.302326
v 3.139535 -0.002286 -4.534883
v 3.139535 -0.000010 -4.767442
v 3.139535 0.000000 -5.000000
v 3.372093 0.000000 5.000000
v 3.372093 0.000000 4.767442
v 3.372093 -0.001491 4.534883
v 3.372093 -0.015711 4.302326
v 3.372093 -0.012038 4.069767
v 3.372093 -0.065897 3.837209
v 3.372093 0.054368 3.604651
v 3.372093 0.092391 3.372093
v 3.372093 0.103807 3.139535
v 3.372093 0.095772 2.906977
v 3.372093 0.053461 2.674419
v 3.372093 0.004975 2.441860
v 3.372093 0.018343 2.209302
v 3.372093 -0.002108 1.976744
v 3.372093 0.024116 1.744186
v 3.372093 -0.179476 1.511628
v 3.372093 -0.075471 1.279070
v 3.372093 -0.237502 1.046512
v 3.372093 -0.145260 0.813953
v 3.372093 -0.150553 0.581395
v 3.372093 -0.020471 0.348837
v 3.372093 0.120701 0.116279
v 3.372093 0.024170 -0.116279
v 3.372093 -0.087695 -0.348837
v 3.372093 0.046469 -0.581395
v 3.372093 -0.259617 -0.813953
v 3.372093 -0.058350 -1.046512
v 3.372093 0.037578 -1.279070
v 3.372093 0.298879 -1.511628
v 3.372093 0.130616 -1.744186
v 3.372093 0.016959 -1.976744
v 3.372093 0.299960 -2.209302
v 3.372093 0.129891 -2.441860
v 3.372093 0.003989 -2.674419
v 3.372093 0.080766 -2.906977
v 3.372093 0.087920 -3.139535
v 3.372093 0.020592 -3.372093
v 3.372093 -0.052419 -3.604651
v 3.372093 -0.035179 -3.837209
v 3.372093 0.019671 -4.069767
v 3.372093 0.001921 -4.302326
v 3.372093 -0.000578 -4.534883
v 3.372093 0.000000 -4.767442
v 3.372093 0.000000 -5.000000
v 3.604651 0.000000 5.000000
v 3.604651 0.000000 4.767442
v 3.604651 -0.000052 4.534883
v 3.604651 -0.004370 4.302326
v 3.604651 -0.016831 4.069767
v 3.604651 0.007756 3.837209
v 3.604651 -0.013623 3.604651
v 3.604651 0.052769 3.372093
v 3.604651 0.167280 3.139535
v 3.604651 0.016906 2.906977
v 3.604651 -0.023615 2.674419
v 3.604651 -0.001619 2.441860
v 3.604651 -0.014692 2.209302
v 3.604651 -0.047335 1.976744
v 3.604651 0.006814 1.744186
v 3.604651 0.076899 1.511628
v 3.604651 0.017688 1.279070
v 3.604651 -0.085047 1.046512
v 3.604651 -0.129168 0.813953
v 3.604651 -0.091819 0.581395
v 3.604651 -0.008047 0.348837
v 3.604651 -0.018200 0.116279
v 3.604651 0.154203 -0.116279
v 3.604651 0.114745 -0.348837
v 3.604651 -0.017160 -0.581395
v 3.604651 -0.102720 -0.813953
v 3.604651 0.132993 -1.046512
v 3.604651 0.134879 -1.279070
v 3.604651 0.120960 -1.511628
v 3.604651 0.076669 -1.744186
v 3.604651 -0.016095 -1.976744
v 3.604651 0.115204 -2.209302
v 3.604651 -0.095701 -2.441860
v 3.604651 -0.112661 -2.674419
v 3.604651 -0.080722 -2.906977
v 3.604651 -0.015412 -3.139535
v 3.604651 0.022494 -3.372093
v 3.604651 -0.022174 -3.604651
v 3.604651 -0.007910 -3.837209
v 3.604651 0.013367 -4.069767
v 3.604651 -0.000613 -4.302326
v 3.604651 0.000789 -4.534883
v 3.604651 0.000000 -4.767442
v 3.604651 0.000000 -5.000000
v 3.837209 0.000000 5.000000
v 3.837209 0.000000 4.767442
v 3.837209 0.000000 4.534883
v 3.837209 0.001356 4.302326
v 3.837209 -0.012931 4.069767
v 3.837209 -0.012333 3.837209
v 3.837209 -0.005074 3.604651
v 3.837209 0.012610 3.372093
v 3.837209 -0.003290 3.139535
v 3.837209 -0.018055 2.906977
v 3.837209 -0.116376 2.674419
v 3.837209 -0.066797 2.441860
v 3.837209 -0.075567 2.209302
v 3.837209 -0.064930 1.976744
v 3.837209 -0.051934 1.744186
v 3.837209 -0.004913 1.511628
v 3.837209 0.002994 1.279070
v 3.837209 0.083875 1.046512
v 3.837209 0.042970 0.813953
v 3.837209 0.011014 0.581395
v 3.837209 0.044464 0.348837
v 3.837209 0.108479 0.116279
v 3.837209 0.237414 -0.116279
v 3.837209 0.218689 -0.348837
v 3.837209 0.100965 -0.581395
v 3.837209 0.040396 -0.813953
v 3.837209 0.059516 -1.046512
v 3.837209 -0.013050 -1.279070
v 3.837209 0.056947 -1.511628
v 3.837209 -0.116004 -1.744186
v 3.837209 -0.012524 -1.976744
v 3.837209 0.000030 -2.209302
v 3.837209 0.032556 -2.441860
v 3.837209 -0.054577 -2.674419
v 3.837209 -0.086551 -2.906977
v 3.837209 -0.042887 -3.139535
v 3.837209 0.001776 -3.372093
v 3.837209 0.002102 -3.604651
v 3.837209 -0.007236 -3.837209
v 3.837209 -0.006071 -4.069767
v 3.837209 -0.000326 -4.302326
v 3.837209 0.000000 -4.534883
v 3.837209 0.000000 -4.767442
v 3.837209 0.000000 -5.000000
v 4.069767 0.000000 5.000000
v 4.069767 0.000000 4.767442
v 4.069767 0.000000 4.534883
v 4.069767 -0.000012 4.302326
v 4.069767 0.000913 4.069767
v 4.069767 0.008116 3.837209
v 4.069767 0.015659 3.604651
v 4.069767 0.018999 3.372093
v 4.069767 0.012943 3.139535
v 4.069767 0.030011 2.906977
v 4.069767 -0.075481 2.674419
v 4.069767 -0.092430 2.441860
v 4.069767 -0.088523 2.209302
v 4.069767 -0.043591 1.976744
v 4.069767 -0.034813 1.744186
v 4.069767 0.012484 1.511628
v 4.069767 0.070138 1.279070
v 4.069767 0.057737 1.046512
v 4.069767 0.033185 0.813953
v 4.069767 -0.001109 0.581395
v 4.069767 0.017559 0.348837
v 4.069767 -0.043205 0.116279
v 4.069767 0.086837 -0.116279
v 4.069767 0.085370 -0.348837
v 4.069767 0.143447 -0.581395
v 4.069767 0.017516 -0.813953
v 4.069767 -0.021958 -1.046512
v 4.069767 -0.035811 -1.279070
v 4.069767 -0.016615 -1.511628
v 4.069767 -0.015340 -1.744186
v 4.069767 -0.050215 -1.976744
v 4.069767 -0.109684 -2.209302
v 4.069767 -0.073832 -2.441860
v 4.069767 -0.040247 -2.674419
v 4.069767 -0.022008 -2.906977
v 4.069767 -0.012814 -3.139535
v 4.069767 -0.005871 -3.372093
v 4.069767 0.003667 -3.604651
v 4.069767 0.004372 -3.837209
v 4.069767 0.003346 -4.069767
v 4.069767 0.000068 -4.302326
v 4.069767 0.000000 -4.534883
v 4.069767 0.000000 -4.767442
v 4.069767 0.000000 -5.000000
v 4.302326 0.000000 5.000000
v 4.302326 0.000000 4.767442
v 4.302326 0.000000 4.534883
v 4.302326 0.000000 4.302326
v 4.302326 0.000019 4.069767
v 4.302326 0.000190 3.837209
v 4.302326 0.002892 3.604651
v 4.302326 0.002686 3.372093
v 4.302326 0.017593 3.139535
v 4.302326 0.018985 2.906977
v 4.302326 -0.012951 2.674419
v 4.302326 -0.002151 2.441860
v 4.302326 -0.018816 2.209302
v 4.302326 0.038268 1.976744
v 4.302326 0.030436 1.744186
v 4.302326 -0.024960 1.511628
v 4.302326 -0.004825 1.279070
v 4.302326 0.002996 1.046512
v 4.302326 -0.036667 0.813953
v 4.302326 0.025263 0.581395
v 4.302326 0.022126 0.348837
v 4.302326 -0.014046 0.116279
v 4.302326 0.043114 -0.116279
v 4.302326 0.083083 -0.348837
v 4.302326 0.026041 -0.581395
v 4.302326 0.034719 -0.813953
v 4.302326 -0.013857 -1.046512
v 4.302326 -0.020546 -1.279070
v 4.302326 -0.082192 -1.511628
v 4.302326 -0.028021 -1.744186
v 4.302326 -0.030709 -1.976744
v 4.302326 -0.027632 -2.209302
v 4.302326 -0.028743 -2.441860
v 4.302326 -0.008734 -2.674419
v 4.302326 0.021420 -2.906977
v 4.302326 -0.001922 -3.139535
v 4.302326 0.008320 -3.372093
v 4.302326 0.002938 -3.604651
v 4.302326 -0.001021 -3.837209
v 4.302326 0.000026 -4.069767
v 4.302326 0.000000 -4.302326
v 4.302326 0.000000 -4.534883
v 4.302326 0.000000 -4.767442
v 4.302326 0.000000 -5.000000
v 4.534883 0.000000 5.000000
v 4.534883 0.000000 4.767442
v 4.534883 0.000000 4.534883
v 4.534883 0.000000 4.302326
v 4.534883 0.000000 4.069767
v 4.534883 0.000000 3.837209
v 4.534883 -0.000059 3.604651
v 4.534883 0.001793 3.372093
v 4.534883 0.004911 3.139535
v 4.534883 0.010409 2.906977
v 4.534883 -0.012007 2.674419
v 4.534883 -0.011255 2.441860
v 4.534883 -0.008425 2.209302
v 4.534883 -0.034703 1.976744
v 4.534883 -0.009336 1.744186
v 4.534883 0.015944 1.511628
v 4.534883 0.002057 1.279070
v 4.534883 0.008857 1.046512
v 4.534883 0.011023 0.813953
v 4.534883 0.009076 0.581395
v 4.534883 0.027247 0.348837
v 4.534883 0.001984 0.116279
v 4.534883 -0.016736 -0.116279
v 4.534883 -0.008632 -0.348837
v 4.534883 0.002827 -0.581395
v 4.534883 0.013061 -0.813953
v 4.534883 -0.040047 -1.046512
v 4.534883 -0.009075 -1.279070
v 4.534883 -0.010748 -1.511628
v 4.534883 0.003727 -1.744186
v 4.534883 -0.001646 -1.976744
v 4.534883 -0.005775 -2.209302
v 4.534883 0.013608 -2.441860
v 4.534883 -0.000387 -2.674419
v 4.534883 0.007253 -2.906977
v 4.534883 0.006822 -3.139535
v 4.534883 0.002917 -3.372093
v 4.534883 0.000353 -3.604651
v 4.534883 0.000000 -3.837209
v 4.534883 0.000000 -4.069767
v 4.534883 0.000000 -4.302326
v 4.534883 0.000000 -4.534883
v 4.534883 0.000000 -4.767442
v 4.534883 0.000000 -5.000000
v 4.767442 0.000000 5.000000
v 4.767442 0.000000 4.767442
v 4.767442 0.000000 4.534883
v 4.767442 0.000000 4.302326
v 4.767442 0.000000 4.069767
v 4.767442 0.000000 3.837209
v 4.767442 0.000000 3.604651
v 4.767442 0.000000 3.372093
v 4.767442 -0.000014 3.139535
v 4.767442 -0.000050 2.906977
v 4.767442 -0.002315 2.674419
v 4.767442 -0.001607 2.441860
v 4.767442 -0.000319 2.209302
v 4.767442 0.000540 1.976744
v 4.767442 -0.001542 1.744186
v 4.767442 0.004433 1.511628
v 4.767442 0.001604 1.279070
v 4.767442 0.000549 1.046512
v 4.767442 -0.005472 0.813953
v 4.767442 -0.000350 0.581395
v 4.767442 -0.001281 0.348837
v 4.767442 0.004440 0.116279
v 4.767442 0.001492 -0.116279
v 4.767442 -0.006680 -0.348837
v 4.767442 -0.004506 -0.581395
v 4.767442 0.002704 -0.813953
v 4.767442 0.000219 -1.046512
v 4.767442 -0.001760 -1.279070
v 4.767442 -0.007232 -1.511628
v 4.767442 -0.002121 -1.744186
v 4.767442 0.003536 -1.976744
v 4.767442 0.001400 -2.209302
v 4.767442 -0.000313 -2.441860
v 4.767442 -0.001146 -2.674419
v 4.767442 -0.000527 -2.906977
v 4.767442 -0.000041 -3.139535
v 4.767442 0.000000 -3.372093
v 4.767442 0.000000 -3.604651
v 4.767442 0.000000 -3.837209
v 4.767442 0.000000 -4.069767
v 4.767442 0.000000 -4.302326
v 4.767442 0.000000 -4.534883
v 4.767442 0.000000 -4.767442
v 4.767442 0.000000 -5.000000
v 5.000000 0.000000 5.000000
v 5.000000 0.000000 4.767442
v 5.000000 0.000000 4.534883
v 5.000000 0.000000 4.302326
v 5.000000 0.000000 4.069767
v 5.000000 0.000000 3.837209
v 5.000000 0.000000 3.604651
v 5.000000 0.000000 3.372093
v 5.000000 0.000000 3.139535
v 5.000000 0.000000 2.906977
v 5.000000 0.000000 2.674419
v 5.000000 0.000000 2.441860
v 5.000000 0.000000 2.209302
v 5.000000 0.000000 1.976744
v 5.000000 0.000000 1.744186
v 5.000000 0.000000 1.511628
v 5.000000 0.000000 1.279070
v 5.000000 0.000000 1.046512
v 5.000000 0.000000 0.813953
v 5.000000 0.000000 0.581395
v 5.000000 0.000000 0.348837
v 5.000000 0.000000 0.116279
v 5.000000 0.000000 -0.116279
v 5.000000 0.000000 -0.348837
v 5.000000 0.000000 -0.581395
v 5.000000 0.000000 -0.813953
v 5.000000 0.000000 -1.046512
v 5.000000 0.000000 -1.279070
v 5.000000 0.000000 -1.511628
v 5.000000 0.000000 -1.744186
v 5.000000 0.000000 -1.976744
v 5.000000 0.000000 -2.209302
v 5.000000 0.000000 -2.441860
v 5.000000 0.000000 -2.674419
v 5.000000 0.000000 -2.906977
v 5.000000 0.000000 -3.139535
v 5.000000 0.000000 -3.372093
v 5.000000 0.000000 -3.604651
v 5.000000 0.000000 -3.837209
v 5.000000 0.000000 -4.069767
v 5.000000 0.000000 -4.302326
v 5.000000 0.000000 -4.534883
v 5.000000 0.000000 -4.767442
v 5.000000 0.000000 -5.000000
s 1
f 2 1 45 46
f 3 2 46 47
f 4 3 47 48
f 5 4 48 49
f 6 5 49 50
f 7 6 50 51
f 8 7 51 52
f 9 8 52 53
f 10 9 53 54
f 11 10 54 55
f 12 11 55 56
f 13 12 56 57
f 14 13 57 58
f 15 14 58 59
f 16 15 59 60
f 17 16 60 61
f 18 17 61 62
f 19 18 62 63
f 20 19 63 64
f 21 20 64 65
f 22 21 65 66
f 23 22 66 67
f 24 23 67 68
f 25 24 68 69
f 26 25 69 70
f 27 26 70 71
f 28 27 71 72
f 29 28 72 73
f 30 29 73 74
f 31 30 74 75
f 32 31 75 76
f 33 32 76 77
f 34 33 77 78
f 35 34 78 79
f 36 35 79 80
f 37 36 80 81
f 38 37 81 82
f 39 38 82 83
f 40 39 83 84
f 41 40 84 85
f 42 41 85 86
f 43 42 86 87
f 44 43 87 88
f 46 45 89 90
f 47 46 90 91
f 48 47 91 92
f 49 48 92 93
f 50 49 93 94
f 51 50 94 95
f 52 51 95 96
f 53 52 96 97
f 54 53 97 98
f 55 54 98 99
f 56 55 99 100
f 57 56 100 101
f 58 57 101 102
f 59 58 102 103
f 60 59 103 104
f 61 60 104 105
f 62 61 105 106
f 63 62 106 107
f 64 63 107 108
f 65 64 108 109
f 66 65 109 110
f 67 66 110 111
f 68 67 111 112
f 69 68 112 113
f 70 69 113 114
f 71 70 114 115
f 72 71 115 116
f 73 72 116 117
f 74 73 117 118
f 75 74 118 119
f 76 75 119 120
f 77 76 120 121
f 78 77 121 122
f 79 78 122 123
f 80 79 123 124
f 81 80 124 125
f 82 81 125 126
f 83 82 126 127
f 84 83 127 128
f 85 84 128 129
f 86 85 129 130
f 87 86 130 131
f 88 87 131 132
f 90 89 133 134
f 91 90 134 135
f 92 91 135 136
f 93 92 136 137
f 94 93 137 138
f 95 94 138 139
f 96 95 139 140
f 97 96 140 141
f 98 97 141 142
f 99 98 142 143
f 100 99 143 144
f 101 100 144 145
f 102 101 145 146
f 103 102 146 147
f 104 103 147 148
f 105 104 148 149
f 106 105 149 150
f 107 106 150 151
f 108 107 151 152
f 109 108 152 153
f 110 109 153 154
f 111 110 154 155
f 112 111 155 156
f 113 112 156 157
f 114 113 157 158
f 115 114 158 159
f 116 115 159 160
f 117 116 160 161
f 118 117 161 162
f 119 118 162 163
f 120 119 163 164
f 121 120 164 165
f 122 121 165 166
f 123 122 166 167
f 124 123 167 168
f 125 124 168 169
f 126 125 169 170
f 127 126 170 171
f 128 127 171 172
f 129 128 172 173
f 130 129 173 174
f 131 130 174 175
f 132 131 175 176
f 134 133 177 178
f 135 134 178 179
f 136 135 179 180
f 137 136 180 181
f 138 137 181 182
f 139 138 182 183
f 140 139 183 184
f 141 140 184 185
f 142 141 185 186
f 143 142 186 187
f 144 143 187 188
f 145 144 188 189
f 146 145 189 190
f 147 146 190 191
f 148 147 191 192
f 149 148 192 193
f 150 149 193 194
f 151 150 194 195
f 152 151 195 196
f 153 152 196 197
f 154 153 197 198
f 155 154 198 199
f 156 155 199 200
f 157 156 200 201
f 158 157 201 202
f 159 158 202 203
f 160 159 203 204
f 161 160 204 205
f 162 161 205 206
f 163 162 206 207
f 164 163 207 208
f 165 164 208 209
f 166 165 209 210
f 167 166 210 211
f 168 167 211 212
f 169 168 212 213
f 170 169 213 214
f 171 170 214 215
f 172 171 215 216
f 173 172 216 217
f 174 173 217 218
f 175 174 218 219
f 176 175 219 220
f 178 177 221 222
f 179 178 222 223
f 180 179 223 224
f 181 180 224 225
f 182 181 225 226
f 183 182 226 227
f 184 183 227 228
f 185 184 228 229
f 186 185 229 230
f 187 186 230 231
f 188 187 231 232
f 189 188 232 233
f 190 189 233 234
f 191 190 234 235
f 192 191 235 236
f 193 192 236 237
f 194 193 237 238
f 195 194 238 239
f 196 195 239 240
f 197 196 240 241
f 198 197 241 242
f 199 198 242 243
f 200 199 243 244
f 201 200 244 245
f 202 201 245 246
f 203 202 246 247
f 204 203 247 248
f 205 204 248 249
f 206 205 249 250
f 207 206 250 251
f 208 207 251 252
f 209 208 252 253
f 210 209 253 254
f 211 210 254 255
f 212 211 255 256
f 213 212 256 257
f 214 213 257 258
f 215 214 258 259
f 216 215 259 260
f 217 216 260 261
f 218 217 261 262
f 219 218 262 263
f 220 219 263 264
f 222 221 265 266
f 223 222 266 267
f 224 223 267 268
f 225 224 268 269
f 226 225 269 270
f 227 226 270 271
f 228 227 271 272
f 229 228 272 273
f 230 229 273 274
f 231 230 274 275
f 232 231 275 276
f 233 232 276 277
f 234 233 277 278
f 235 234 278 279
f 236 235 279 280
f 237 236 280 281
f 238 237 281 282
f 239 238 282 283
f 240 239 283 284
f 241 240 284 285
f 242 241 285 286
f 243 242 286 287
f 244 243 287 288
f 245 244 288 289
f 246 245 289 290
f 247 246 290 291
f 248 247 291 292
f 249 248 292 293
f 250 249 293 294
f 251 250 294 295
f 252 251 295 296
f 253 252 296 297
f 254 253 297 298
f 255 254 298 299
f 256 255 299 300
f 257 256 300 301
f 258 257 301 302
f 259 258 302 303
f 260 259 303 304
f 261 260 304 305
f 262 261 305 306
f 263 262 306 307
f 264 263 307 308
f 266 265 309 310
f 267 266 310 311
f 268 267 311 312
f 269 268 312 313
f 270 269 313 314
f 271 270 314 315
f 272 271 315 316
f 273 272 316 317
f 274 273 317 318
f 275 274 318 319
f 276 275 319 320
f 277 276 320 321
f 278 277 321 322
f 279 278 322 323
f 280 279 323 324
f 281 280 324 325
f 282 281 325 326
f 283 282 326 327
f 284 283 327 328
f 285 284 328 329
f 286 285 329 330
f 287 286 330 331
f 288 287 331 332
f 289 288 332 333
f 290 289 333 334
f 291 290 334 335
f 292 291 335 336
f 293 292 336 337
f 294 293 337 338
f 295 294 338 339
f 296 295 339 340
f 297 296 340 341
f 298 297 341 342
f 299 298 342 343
f 300 299 343 344
f 301 300 344 345
f 302 301 345 346
f 303 302 346 347
f 304 303 347 348
f 305 304 348 349
f 306 305 349 350
f 307 306 350 351
f 308 307 351 352
f 310 309 353 354
f 311 310 354 355
f 312 311 355 356
f 313 312 356 357
f 314 313 357 358
f 315 314 358 359
f 316 315 359 360
f 317 316 360 361
f 318 317 361 362
f 319 318 362 363
f 320 319 363 364
f 321 320 364 365
f 322 321 365 366
f 323 322 366 367
f 324 323 367 368
f 325 324 368 369
f 326 325 369 370
f 327 326 370 371
f 328 327 371 372
f 329 328 372 373
f 330 329 373 374
f 331 330 374 375
f 332 331 375 376
f 333 332 376 377
f 334 333 377 378
f 335 334 378 379
f 336 335 379 380
f 337 336 380 381
f 338 337 381 382
f 339 338 382 383
f 340 339 383 384
f 341 340 384 385
f 342 341 385 386
f 343 342 386 387
f 344 343 387 388
f 345 344 388 389
f 346 345 389 390
f 347 346 390 391
f 348 347 391 392
f 349 348 392 393
f 350 349 393 394
f 351 350 394 395
f 352 351 395 396
f 354 353 397 398
f 355 354 398 399
f 356 355 399 400
f 357 356 400 401
f 358 357 401 402
f 359 358 402 403
f 360 359 403 404
f 361 360 404 405
f 362 361 405 406
f 363 362 406 407
f 364 363 407 408
f 365 364 408 409
f 366 365 409 410
f 367 366 410 411
f 368 367 411 412
f 369 368 412 413
f 370 369 413 414
f 371 370 414 415
f 372 371 415 416
f 373 372 416 417
f 374 373 417 418
f 375 374 418 419
f 376 375 419 420
f 377 376 420 421
f 378 377 421 422
f 379 378 422 423
f 380 379 423 424
f 381 380 424 425
f 382 381 425 426
f 383 382 426 427
f 384 383 427 428
f 385 384 428 429
f 386 385 429 430
f 387 386 430 431
f 388 387 431 432
f 389 388 432 433
f 390 389 433 434
f 391 390 434 435
f 392 391 435 436
f 393 392 436 437
f 394 393 437 438
f 395 394 438 439
f 396 395 439 440
f 398 397 441 442
f 399 398 442 443
f 400 399 443 444
f 401 400 444 445
f 402 401 445 446
f 403 402 446 447
f 404 403 447 448
f 405 404 448 449
f 406 405 449 450
f 407 406 450 451
f 408 407 451 452
f 409 408 452 453
f 410 409 453 454
f 411 410 454 455
f 412 411 455 456
f 413 412 456 457
f 414 413 457 458
f 415 414 458 459
f 416 415 459 460
f 417 416 460 461
f 418 417 461 462
f 419 418 462 463
f 420 419 463 464
f 421 420 464 465
f 422 421 465 466
f 423 422 466 467
f 424 423 467 468
f 425 424 468 469
f 426 425 469 470
f 427 426 470 471
f 428 427 471 472
f 429 428 472 473
f 430 429 473 474
f 431 430 474 475
f 432 431 475 476
f 433 432 476 477
f 434 433 477 478
f 435 434 478 479
f 436 435 479 480
f 437 436 480 481
f 438 437 481 482
f 439 438 482 483
f 440 439 483 484
f 442 441 485 486
f 443 442 486 487
f 444 443 487 488
f 445 444 488 489
f 446 445 489 490
f 447 446 490 491
f 448 447 491 492
f 449 448 492 493
f 450 449 493 494
f 451 450 494 495
f 452 451 495 496
f 453 452 496 497
f 454 453 497 498
f 455 454 498 499
f 456 455 499 500
f 457 456 500 501
f 458 457 501 502
f 459 458 502 503
f 460 459 503 504
f 461 460 504 505
f 462 461 505 506
f 463 462 506 507
f 464 463 507 508
f 465 464 508 509
f 466 465 509 510
f 467 466 510 511
f 468 467 511 512
f 469 468 512 513
f 470 469 513 514
f 471 470 514 515
f 472 471 515 516
f 473 472 516 517
f 474 473 517 518
f 475 474 518 519
f 476 475 519 520
f 477 476 520 521
f 478 477 521 522
f 479 478 522 523
f 480 479 523 524
f 481 480 524 525
f 482 481 525 526
f 483 482 526 527
f 484 483 527 528
f 486 485 529 530
f 487 486 530 531
f 488 487 531 532
f 489 488 532 533
f 490 489 533 534
f 491 490 534 535
f 492 491 535 536
f 493 492 536 537
f 494 493 537 538
f 495 494 538 539
f 496 495 539 540
f 497 496 540 541
f 498 497 541 542
f 499 498 542 543
f 500 499 543 544
f 501 500 544 545
f 502 501 545 546
f 503 502 546 547
f 504 503 547 548
f 505 504 548 549
f 506 505 549 550
f 507 506 550 551
f 508 507 551 552
f 509 508 552 553
f 510 509 553 554
f 511 510 554 555
f 512 511 555 556
f 513 512 556 557
f 514 513 557 558
f 515 514 558 559
f 516 515 559 560
f 517 516 560 561
f 518 517 561 562
f 519 518 562 563
f 520 519 563 564
f 521 520 564 565
f 522 521 565 566
f 523 522 566 567
f 524 523 567 568
f 525 524 568 569
f 526 525 569 570
f 527 526 570 571
f 528 527 571 572
f 530 529 573 574
f 531 530 574 575
f 532 531 575 576
f 533 532 576 577
f 534 533 577 578
f 535 534 578 579
f 536 535 579 580
f 537 536 580 581
f 538 537 581 582
f 539 538 582 583
f 540 539 583 584
f 541 540 584 585
f 542 541 585 586
f 543 542 586 587
f 544 543 587 588
f 545 544 588 589
f 546 545 589 590
f 547 546 590 591
f 548 547 591 592
f 549 548 592 593
f 550 549 593 594
f 551 550 594 595
f 552 551 595 596
f 553 552 596 597
f 554 553 597 598
f 555 554 598 599
f 556 555 599 600
f 557 556 600 601
f 558 557 601 602
f 559 558 602 603
f 560 559 603 604
f 561 560 604 605
f 562 561 605 606
f 563 562 606 607
f 564 563 607 608
f 565 564 608 609
f 566 565 609 610
f 567 566 610 611
f 568 567 611 612
f 569 568 612 613
f 570 569 613 614
f 571 570 614 615
f 572 571 615 616
f 574 573 617 618
f 575 574 618 619
f 576 575 619 620
f 577 576 620 621
f 578 577 621 622
f 579 578 622 623
f 580 579 623 624
f 581 580 624 625
f 582 581 625 626
f 583 582 626 627
f 584 583 627 628
f 585 584 628 629
f 586 585 629 630
f 587 586 630 631
f 588 587 631 632
f 589 588 632 633
f 590 589 633 634
f 591 590 634 635
f 592 591 635 636
f 593 592 636 637
f 594 593 637 638
f 595 594 638 639
f 596 595 639 640
f 597 596 640 641
f 598 597 641 642
f 599 598 642 643
f 600 599 643 644
f 601 600 644 645
f 602 601 645 646
f 603 602 646 647
f 604 603 647 648
f 605 604 648 649
f 606 605 649 650
f 607 606 650 651
f 608 607 651 652
f 609 608 652 653
f 610 609 653 654
f 611 610 654 655
f 612 611 655 656
f 613 612 656 657
f 614 613 657 658
f 615 614 658 659
f 616 615 659 660
f 618 617 661 662
f 619 618 662 663
f 620 619 663 664
f 621 620 664 665
f 622 621 665 666
f 623 622 666 667
f 624 623 667 668
f 625 624 668 669
f 626 625 669 670
f 627 626 670 671
f 628 627 671 672
f 629 628 672 673
f 630 629 673 674
f 631 630 674 675
f 632 631 675 676
f 633 632 676 677
f 634 633 677 678
f 635 634 678 679
f 636 635 679 680
f 637 636 680 681
f 638 637 681 682
f 639 638 682 683
f 640 639 683 684
f 641 640 684 685
f 642 641 685 686
f 643 642 686 687
f 644 643 687 688
f 645 644 688 689
f 646 645 689 690
f 647 646 690 691
f 648 647 691 692
f 649 648 692 693
f 650 649 693 694
f 651 650 694 695
f 652 651 695 696
f 653 652 696 697
f 654 653 697 698
f 655 654 698 699
f 656 655 699 700
f 657 656 700 701
f 658 657 701 702
f 659 658 702 703
f 660 659 703 704
f 662 661 705 706
f 663 662 706 707
f 664 663 707 708
f 665 664 708 709
f 666 665 709 710
f 667 666 710 711
f 668 667 711 712
f 669 668 712 713
f 670 669 713 714
f 671 670 714 715
f 672 671 715 716
f 673 672 716 717
f 674 673 717 718
f 675 674 718 719
f 676 675 719 720
f 677 676 720 721
f 678 677 721 722
f 679 678 722 723
f 680 679 723 724
f 681 680 724 725
f 682 681 725 726
f 683 682 726 727
f 684 683 727 728
f 685 684 728 729
f 686 685 729 730
f 687 686 730 731
f 688 687 731 732
f 689 688 732 733
f 690 689 733 734
f 691 690 734 735
f 692 691 735 736
f 693 692 736 737
f 694 693 737 738
f 695 694 738 739
f 696 695 739 740
f 697 696 740 741
f 698 697 741 742
f 699 698 742 743
f 700 699 743 744
f 701 700 744 745
f 702 701 745 746
f 703 702 746 747
f 704 703 747 748
f 706 705 749 750
f 707 706 750 751
f 708 707 751 752
f 709 708 752 753
f 710 709 753 754
f 711 710 754 755
f 712 711 755 756
f 713 712 756 757
f 714 713 757 758
f 715 714 758 759
f 716 715 759 760
f 717 716 760 761
f 718 717 761 762
f 719 718 762 763
f 720 719 763 764
f 721 720 764 765
f 722 721 765 766
f 723 722 766 767
f 724 723 767 768
f 725 724 768 769
f 726 725 769 770
f 727 726 770 771
f 728 727 771 772
f 729 728 772 773
f 730 729 773 774
f 731 730 774 775
f 732 731 775 776
f 733 732 776 777
f 734 733 777 778
f 735 734 778 779
f 736 735 779 780
f 737 736 780 781
f 738 737 781 782
f 739 738 782 783
f 740 739 783 784
f 741 740 784 785
f 742 741 785 786
f 743 742 786 787
f 744 743 787 788
f 745 744 788 789
f 746 745 789 790
f 747 746 790 791
f 748 747 791 792
f 750 749 793 794
f 751 750 794 795
f 752 751 795 796
f 753 752 796 797
f 754 753 797 798
f 755 754 798 799
f 756 755 799 800
f 757 756 800 801
f 758 757 801 802
f 759 758 802 803
f 760 759 803 804
f 761 760 804 805
f 762 761 805 806
f 763 762 806 807
f 764 763 807 808
f 765 764 808 809
f 766 765 809 810
f 767 766 810 811
f 768 767 811 812
f 769 768 812 813
f 770 769 813 814
f 771 770 814 815
f 772 771 815 816
f 773 772 816 817
f 774 773 817 818
f 775 774 818 819
f 776 775 819 820
f 777 776 820 821
f 778 777 821 822
f 779 778 822 823
f 780 779 823 824
f 781 780 824 825
f 782 781 825 826
f 783 782 826 827
f 784 783 827 828
f 785 784 828 829
f 786 785 829 830
f 787 786 830 831
f 788 787 831 832
f 789 788 832 833
f 790 789 833 834
f 791 790 834 835
f 792 791 835 836
f 794 793 837 838
f 795 794 838 839
f 796 795 839 840
f 797 796 840 841
f 798 797 841 842
f 799 798 842 843
f 800 799 843 844
f 801 800 844 845
f 802 801 845 846
f 803 802 846 847
f 804 803 847 848
f 805 804 848 849
f 806 805 849 850
f 807 806 850 851
f 808 807 851 852
f 809 808 852 853
f 810 809 853 854
f 811 810 854 855
f 812 811 855 856
f 813 812 856 857
f 814 813 857 858
f 815 814 858 859
f 816 815 859 860
f 817 816 860 861
f 818 817 861 862
f 819 818 862 863
f 820 819 863 864
f 821 820 864 865
f 822 821 865 866
f 823 822 866 867
f 824 823 867 868
f 825 824 868 869
f 826 825 869 870
f 827 826 870 871
f 828 827 871 872
f 829 828 872 873
f 830 829 873 874
f 831 830 874 875
f 832 831 875 876
f 833 832 876 877
f 834 833 877 878
f 835 834 878 879
f 836 835 879 880
f 838 837 881 882
f 839 838 882 883
f 840 839 883 884
f 841 840 884 885
f 842 841 885 886
f 843 842 886 887
f 844 843 887 888
f 845 844 888 889
f 846 845 889 890
f 847 846 890 891
f 848 847 891 892
f 849 848 892 893
f 850 849 893 894
f 851 850 894 895
f 852 851 895 896
f 853 852 896 897
f 854 853 897 898
f 855 854 898 899
f 856 855 899 900
f 857 856 900 901
f 858 857 901 902
f 859 858 902 903
f 860 859 903 904
f 861 860 904 905
f 862 861 905 906
f 863 862 906 907
f 864 863 907 908
f 865 864 908 909
f 866 865 909 910
f 867 866 910 911
f 868 867 911 912
f 869 868 912 913
f 870 869 913 914
f 871 870 914 915
f 872 871 915 916
f 873 872 916 917
f 874 873 917 918
f 875 874 918 919
f 876 875 919 920
f 877 876 920 921
f 878 877 921 922
f 879 878 922 923
f 880 879 923 924
f 882 881 925 926
f 883 882 926 927
f 884 883 927 928
f 885 884 928 929
f 886 885 929 930
f 887 886 930 931
f 888 887 931 932
f 889 888 932 933
f 890 889 933 934
f 891 890 934 935
f 892 891 935 936
f 893 892 936 937
f 894 893 937 938
f 895 894 938 939
f 896 895 939 940
f 897 896 940 941
f 898 897 941 942
f 899 898 942 943
f 900 899 943 944
f 901 900 944 945
f 902 901 945 946
f 903 902 946 947
f 904 903 947 948
f 905 904 948 949
f 906 905 949 950
f 907 906 950 951
f 908 907 951 952
f 909 908 952 953
f 910 909 953 954
f 911 910 954 955
f 912 911 955 956
f 913 912 956 957
f 914 913 957 958
f 915 914 958 959
f 916 915 959 960
f 917 916 960 961
f 918 917 961 962
f 919 918 962 963
f 920 919 963 964
f 921 920 964 965
f 922 921 965 966
f 923 922 966 967
f 924 923 967 968
f 926 925 969 970
f 927 926 970 971
f 928 927 971 972
f 929 928 972 973
f 930 929 973 974
f 931 930 974 975
f 932 931 975 976
f 933 932 976 977
f 934 933 977 978
f 935 934 978 979
f 936 935 979 980
f 937 936 980 981
f 938 937 981 982
f 939 938 982 983
f 940 939 983 984
f 941 940 984 985
f 942 941 985 986
f 943 942 986 987
f 944 943 987 988
f 945 944 988 989
f 946 945 989 990
f 947 946 990 991
f 948 947 991 992
f 949 948 992 993
f 950 949 993 994
f 951 950 994 995
f 952 951 995 996
f 953 952 996 997
f 954 953 997 998
f 955 954 998 999
f 956 955 999 1000
f 957 956 1000 1001
f 958 957 1001 1002
f 959 958 1002 1003
f 960 959 1003 1004
f 961 960 1004 1005
f 962 961 1005 1006
f 963 962 1006 1007
f 964 963 1007 1008
f 965 964 1008 1009
f 966 965 1009 1010
f 967 966 1010 1011
f 968 967 1011 1012
f 970 969 1013 1014
f 971 970 1014 1015
f 972 971 1015 1016
f 973 972 1016 1017
f 974 973 1017 1018
f 975 974 1018 1019
f 976 975 1019 1020
f 977 976 1020 1021
f 978 977 1021 1022
f 979 978 1022 1023
f 980 979 1023 1024
f 981 980 1024 1025
f 982 981 1025 1026
f 983 982 1026 1027
f 984 983 1027 1028
f 985 984 1028 1029
f 986 985 1029 1030
f 987 986 1030 1031
f 988 987 1031 1032
f 989 988 1032 1033
f 990 989 1033 1034
f 991 990 1034 1035
f 992 991 1035 1036
f 993 992 1036 1037
f 994 993 1037 1038
f 995 994 1038 1039
f 996 995 1039 1040
f 997 996 1040 1041
f 998 997 1041 1042
f 999 998 1042 1043
f 1000 999 1043 1044
f 1001 1000 1044 1045
f 1002 1001 1045 1046
f 1003 1002 1046 1047
f 1004 1003 1047 1048
f 1005 1004 1048 1049
f 1006 1005 1049 1050
f 1007 1006 1050 1051
f 1008 1007 1051 1052
f 1009 1008 1052 1053
f 1010 1009 1053 1054
f 1011 1010 1054 1055
f 1012 1011 1055 1056
f 1014 1013 1057 1058
f 1015 1014 1058 1059
f 1016 1015 1059 1060
f 1017 1016 1060 1061
f 1018 1017 1061 1062
f 1019 1018 1062 1063
f 1020 1019 1063 1064
f 1021 1020 1064 1065
f 1022 1021 1065 1066
f 1023 1022 1066 1067
f 1024 1023 1067 1068
f 1025 1024 1068 1069
f 1026 1025 1069 1070
f 1027 1026 1070 1071
f 1028 1027 1071 1072
f 1029 1028 1072 1073
f 1030 1029 1073 1074
f 1031 1030 1074 1075
f 1032 1031 1075 1076
f 1033 1032 1076 1077
f 1034 1033 1077 1078
f 1035 1034 1078 1079
f 1036 1035 1079 1080
f 1037 1036 1080 1081
f 1038 1037 1081 1082
f 1039 1038 1082 1083
f 1040 1039 1083 1084
f 1041 1040 1084 1085
f 1042 1041 1085 1086
f 1043 1042 1086 1087
f 1044 1043 1087 1088
f 1045 1044 1088 1089
f 1046 1045 1089 1090
f 1047 1046 1090 1091
f 1048 1047 1091 1092
f 1049 1048 1092 1093
f 1050 1049 1093 1094
f 1051 1050 1094 1095
f 1052 1051 1095 1096
f 1053 1052 1096 1097
f 1054 1053 1097 1098
f 1055 1054 1098 1099
f 1056 1055 1099 1100
f 1058 1057 1101 1102
f 1059 1058 1102 1103
f 1060 1059 1103 1104
f 1061 1060 1104 1105
f 1062 1061 1105 1106
f 1063 1062 1106 1107
f 1064 1063 1107 1108
f 1065 1064 1108 1109
f 1066 1065 1109 1110
f 1067 1066 1110 1111
f 1068 1067 1111 1112
f 1069 1068 1112 1113
f 1070 1069 1113 1114
f 1071 1070 1114 1115
f 1072 1071 1115 1116
f 1073 1072 1116 1117
f 1074 1073 1117 1118
f 1075 1074 1118 1119
f 1076 1075 1119 1120
f 1077 1076 1120 1121
f 1078 1077 1121 1122
f 1079 1078 1122 1123
f 1080 1079 1123 1124
f 1081 1080 1124 1125
f 1082 1081 1125 1126
f 1083 1082 1126 1127
f 1084 1083 1127 1128
f 1085 1084 1128 1129
f 1086 1085 1129 1130
f 1087 1086 1130 1131
f 1088 1087 1131 1132
f 1089 1088 1132 1133
f 1090 1089 1133 1134
f 1091 1090 1134 1135
f 1092 1091 1135 1136
f 1093 1092 1136 1137
f 1094 1093 1137 1138
f 1095 1094 1138 1139
f 1096 1095 1139 1140
f 1097 1096 1140 1141
f 1098 1097 1141 1142
f 1099 1098 1142 1143
f 1100 1099 1143 1144
f 1102 1101 1145 1146
f 1103 1102 1146 1147
f 1104 1103 1147 1148
f 1105 1104 1148 1149
f 1106 1105 1149 1150
f 1107 1106 1150 1151
f 1108 1107 1151 1152
f 1109 1108 1152 1153
f 1110 1109 1153 1154
f 1111 1110 1154 1155
f 1112 1111 1155 1156
f 1113 1112 1156 1157
f 1114 1113 1157 1158
f 1115 1114 1158 1159
f 1116 1115 1159 1160
f 1117 1116 1160 1161
f 1118 1117 1161 1162
f 1119 1118 1162 1163
f 1120 1119 1163 1164
f 1121 1120 1164 1165
f 1122 1121 1165 1166
f 1123 1122 1166 1167
f 1124 1123 1167 1168
f 1125 1124 1168 1169
f 1126 1125 1169 1170
f 1127 1126 1170 1171
f 1128 1127 1171 1172
f 1129 1128 1172 1173
f 1130 1129 1173 1174
f 1131 1130 1174 1175
f 1132 1131 1175 1176
f 1133 1132 1176 1177
f 1134 1133 1177 1178
f 1135 1134 1178 1179
f 1136 1135 1179 1180
f 1137 1136 1180 1181
f 1138 1137 1181 1182
f 1139 1138 1182 1183
f 1140 1139 1183 1184
f 1141 1140 1184 1185
f 1142 1141 1185 1186
f 1143 1142 1186 1187
f 1144 1143 1187 1188
f 1146 1145 1189 1190
f 1147 1146 1190 1191
f 1148 1147 1191 1192
f 1149 1148 1192 1193
f 1150 1149 1193 1194
f 1151 1150 1194 1195
f 1152 1151 1195 1196
f 1153 1152 1196 1197
f 1154 1153 1197 1198
f 1155 1154 1198 1199
f 1156 1155 1199 1200
f 1157 1156 1200 1201
f 1158 1157 1201 1202
f 1159 1158 1202 1203
f 1160 1159 1203 1204
f 1161 1160 1204 1205
f 1162 1161 1205 1206
f 1163 1162 1206 1207
f 1164 1163 1207 1208
f 1165 1164 1208 1209
f 1166 1165 1209 1210
f 1167 1166 1210 1211
f 1168 1167 1211 1212
f 1169 1168 1212 1213
f 1170 1169 1213 1214
f 1171 1170 1214 1215
f 1172 1171 1215 1216
f 1173 1172 1216 1217
f 1174 1173 1217 1218
f 1175 1174 1218 1219
f 1176 1175 1219 1220
f 1177 1176 1220 1221
f 1178 1177 1221 1222
f 1179 1178 1222 1223
f 1180 1179 1223 1224
f 1181 1180 1224 1225
f 1182 1181 1225 1226
f 1183 1182 1226 1227
f 1184 1183 1227 1228
f 1185 1184 1228 1229
f 1186 1185 1229 1230
f 1187 1186 1230 1231
f 1188 1187 1231 1232
f 1190 1189 1233 1234
f 1191 1190 1234 1235
f 1192 1191 1235 1236
f 1193 1192 1236 1237
f 1194 1193 1237 1238
f 1195 1194 1238 1239
f 1196 1195 1239 1240
f 1197 1196 1240 1241
f 1198 1197 1241 1242
f 1199 1198 1242 1243
f 1200 1199 1243 1244
f 1201 1200 1244 1245
f 1202 1201 1245 1246
f 1203 1202 1246 1247
f 1204 1203 1247 1248
f 1205 1204 1248 1249
f 1206 1205 1249 1250
f 1207 1206 1250 1251
f 1208 1207 1251 1252
f 1209 1208 1252 1253
f 1210 1209 1253 1254
f 1211 1210 1254 1255
f 1212 1211 1255 1256
f 1213 1212 1256 1257
f 1214 1213 1257 1258
f 1215 1214 1258 1259
f 1216 1215 1259 1260
f 1217 1216 1260 1261
f 1218 1217 1261 1262
f 1219 1218 1262 1263
f 1220 1219 1263 1264
f 1221 1220 1264 1265
f 1222 1221 1265 1266
f 1223 1222 1266 1267
f 1224 1223 1267 1268
f 1225 1224 1268 1269
f 1226 1225 1269 1270
f 1227 1226 1270 1271
f 1228 1227 1271 1272
f 1229 1228 1272 1273
f 1230 1229 1273 1274
f 1231 1230 1274 1275
f 1232 1231 1275 1276
f 1234 1233 1277 1278
f 1235 1234 1278 1279
f 1236 1235 1279 1280
f 1237 1236 1280 1281
f 1238 1237 1281 1282
f 1239 1238 1282 1283
f 1240 1239 1283 1284
f 1241 1240 1284 1285
f 1242 1241 1285 1286
f 1243 1242 1286 1287
f 1244 1243 1287 1288
f 1245 1244 1288 1289
f 1246 1245 1289 1290
f 1247 1246 1290 1291
f 1248 1247 1291 1292
f 1249 1248 1292 1293
f 1250 1249 1293 1294
f 1251 1250 1294 1295
f 1252 1251 1295 1296
f 1253 1252 1296 1297
f 1254 1253 1297 1298
f 1255 1254 1298 1299
f 1256 1255 1299 1300
f 1257 1256 1300 1301
f 1258 1257 1301 1302
f 1259 1258 1302 1303
f 1260 1259 1303 1304
f 1261 1260 1304 1305
f 1262 1261 1305 1306
f 1263 1262 1306 1307
f 1264 1263 1307 1308
f 1265 1264 1308 1309
f 1266 1265 1309 1310
f 1267 1266 1310 1311
f 1268 1267 1311 1312
f 1269 1268 1312 1313
f 1270 1269 1313 1314
f 1271 1270 1314 1315
f 1272 1271 1315 1316
f 1273 1272 1316 1317
f 1274 1273 1317 1318
f 1275 1274 1318 1319
f 1276 1275 1319 1320
f 1278 1277 1321 1322
f 1279 1278 1322 1323
f 1280 1279 1323 1324
f 1281 1280 1324 1325
f 1282 1281 1325 1326
f 1283 1282 1326 1327
f 1284 1283 1327 1328
f 1285 1284 1328 1329
f 1286 1285 1329 1330
f 1287 1286 1330 1331
f 1288 1287 1331 1332
f 1289 1288 1332 1333
f 1290 1289 1333 1334
f 1291 1290 1334 1335
f 1292 1291 1335 1336
f 1293 1292 1336 1337
f 1294 1293 1337 1338
f 1295 1294 1338 1339
f 1296 1295 1339 1340
f 1297 1296 1340 1341
f 1298 1297 1341 1342
f 1299 1298 1342 1343
f 1300 1299 1343 1344
f 1301 1300 1344 1345
f 1302 1301 1345 1346
f 1303 1302 1346 1347
f 1304 1303 1347 1348
f 1305 1304 1348 1349
f 1306 1305 1349 1350
f 1307 1306 1350 1351
f 1308 1307 1351 1352
f 1309 1308 1352 1353
f 1310 1309 1353 1354
f 1311 1310 1354 1355
f 1312 1311 1355 1356
f 1313 1312 1356 1357
f 1314 1313 1357 1358
f 1315 1314 1358 1359
f 1316 1315 1359 1360
f 1317 1316 1360 1361
f 1318 1317 1361 1362
f 1319 1318 1362 1363
f 1320 1319 1363 1364
f 1322 1321 1365 1366
f 1323 1322 1366 1367
f 1324 1323 1367 1368
f 1325 1324 1368 1369
f 1326 1325 1369 1370
f 1327 1326 1370 1371
f 1328 1327 1371 1372
f 1329 1328 1372 1373
f 1330 1329 1373 1374
f 1331 1330 1374 1375
f 1332 1331 1375 1376
f 1333 1332 1376 1377
f 1334 1333 1377 1378
f 1335 1334 1378 1379
f 1336 1335 1379 1380
f 1337 1336 1380 1381
f 1338 1337 1381 1382
f 1339 1338 1382 1383
f 1340 1339 1383 1384
f 1341 1340 1384 1385
f 1342 1341 1385 1386
f 1343 1342 1386 1387
f 1344 1343 1387 1388
f 1345 1344 1388 1389
f 1346 1345 1389 1390
f 1347 1346 1390 1391
f 1348 1347 1391 1392
f 1349 1348 1392 1393
f 1350 1349 1393 1394
f 1351 1350 1394 1395
f 1352 1351 1395 1396
f 1353 1352 1396 1397
f 1354 1353 1397 1398
f 1355 1354 1398 1399
f 1356 1355 1399 1400
f 1357 1356 1400 1401
f 1358 1357 1401 1402
f 1359 1358 1402 1403
f 1360 1359 1403 1404
f 1361 1360 1404 1405
f 1362 1361 1405 1406
f 1363 1362 1406 1407
f 1364 1363 1407 1408
f 1366 1365 1409 1410
f 1367 1366 1410 1411
f 1368 1367 1411 1412
f 1369 1368 1412 1413
f 1370 1369 1413 1414
f 1371 1370 1414 1415
f 1372 1371 1415 1416
f 1373 1372 1416 1417
f 1374 1373 1417 1418
f 1375 1374 1418 1419
f 1376 1375 1419 1420
f 1377 1376 1420 1421
f 1378 1377 1421 1422
f 1379 1378 1422 1423
f 1380 1379 1423 1424
f 1381 1380 1424 1425
f 1382 1381 1425 1426
f 1383 1382 1426 1427
f 1384 1383 1427 1428
f 1385 1384 1428 1429
f 1386 1385 1429 1430
f 1387 1386 1430 1431
f 1388 1387 1431 1432
f 1389 1388 1432 1433
f 1390 1389 1433 1434
f 1391 1390 1434 1435
f 1392 1391 1435 1436
f 1393 1392 1436 1437
f 1394 1393 1437 1438
f 1395 1394 1438 1439
f 1396 1395 1439 1440
f 1397 1396 1440 1441
f 1398 1397 1441 1442
f 1399 1398 1442 1443
f 1400 1399 1443 1444
f 1401 1400 1444 1445
f 1402 1401 1445 1446
f 1403 1402 1446 1447
f 1404 1403 1447 1448
f 1405 1404 1448 1449
f 1406 1405 1449 1450
f 1407 1406 1450 1451
f 1408 1407 1451 1452
f 1410 1409 1453 1454
f 1411 1410 1454 1455
f 1412 1411 1455 1456
f 1413 1412 1456 1457
f 1414 1413 1457 1458
f 1415 1414 1458 1459
f 1416 1415 1459 1460
f 1417 1416 1460 1461
f 1418 1417 1461 1462
f 1419 1418 1462 1463
f 1420 1419 1463 1464
f 1421 1420 1464 1465
f 1422 1421 1465 1466
f 1423 1422 1466 1467
f 1424 1423 1467 1468
f 1425 1424 1468 1469
f 1426 1425 1469 1470
f 1427 1426 1470 1471
f 1428 1427 1471 1472
f 1429 1428 1472 1473
f 1430 1429 1473 1474
f 1431 1430 1474 1475
f 1432 1431 1475 1476
f 1433 1432 1476 1477
f 1434 1433 1477 1478
f 1435 1434 1478 1479
f 1436 1435 1479 1480
f 1437 1436 1480 1481
f 1438 1437 1481 1482
f 1439 1438 1482 1483
f 1440 1439 1483 1484
f 1441 1440 1484 1485
f 1442 1441 1485 1486
f 1443 1442 1486 1487
f 1444 1443 1487 1488
f 1445 1444 1488 1489
f 1446 1445 1489 1490
f 1447 1446 1490 1491
f 1448 1447 1491 1492
f 1449 1448 1492 1493
f 1450 1449 1493 1494
f 1451 1450 1494 1495
f 1452 1451 1495 1496
f 1454 1453 1497 1498
f 1455 1454 1498 1499
f 1456 1455 1499 1500
f 1457 1456 1500 1501
f 1458 1457 1501 1502
f 1459 1458 1502 1503
f 1460 1459 1503 1504
f 1461 1460 1504 1505
f 1462 1461 1505 1506
f 1463 1462 1506 1507
f 1464 1463 1507 1508
f 1465 1464 1508 1509
f 1466 1465 1509 1510
f 1467 1466 1510 1511
f 1468 1467 1511 1512
f 1469 1468 1512 1513
f 1470 1469 1513 1514
f 1471 1470 1514 1515
f 1472 1471 1515 1516
f 1473 1472 1516 1517
f 1474 1473 1517 1518
f 1475 1474 1518 1519
f 1476 1475 1519 1520
f 1477 1476 1520 1521
f 1478 1477 1521 1522
f 1479 1478 1522 1523
f 1480 1479 1523 1524
f 1481 1480 1524 1525
f 1482 1481 1525 1526
f 1483 1482 1526 1527
f 1484 1483 1527 1528
f 1485 1484 1528 1529
f 1486 1485 1529 1530
f 1487 1486 1530 1531
f 1488 1487 1531 1532
f 1489 1488 1532 1533
f 1490 1489 1533 1534
f 1491 1490 1534 1535
f 1492 1491 1535 1536
f 1493 1492 1536 1537
f 1494 1493 1537 1538
f 1495 1494 1538 1539
f 1496 1495 1539 1540
f 1498 1497 1541 1542
f 1499 1498 1542 1543
f 1500 1499 1543 1544
f 1501 1500 1544 1545
f 1502 1501 1545 1546
f 1503 1502 1546 1547
f 1504 1503 1547 1548
f 1505 1504 1548 1549
f 1506 1505 1549 1550
f 1507 1506 1550 1551
f 1508 1507 1551 1552
f 1509 1508 1552 1553
f 1510 1509 1553 1554
f 1511 1510 1554 1555
f 1512 1511 1555 1556
f 1513 1512 1556 1557
f 1514 1513 1557 1558
f 1515 1514 1558 1559
f 1516 1515 1559 1560
f 1517 1516 1560 1561
f 1518 1517 1561 1562
f 1519 1518 1562 1563
f 1520 1519 1563 1564
f 1521 1520 1564 1565
f 1522 1521 1565 1566
f 1523 1522 1566 1567
f 1524 1523 1567 1568
f 1525 1524 1568 1569
f 1526 1525 1569 1570
f 1527 1526 1570 1571
f 1528 1527 1571 1572
f 1529 1528 1572 1573
f 1530 1529 1573 1574
f 1531 1530 1574 1575
f 1532 1531 1575 1576
f 1533 1532 1576 1577
f 1534 1533 1577 1578
f 1535 1534 1578 1579
f 1536 1535 1579 1580
f 1537 1536 1580 1581
f 1538 1537 1581 1582
f 1539 1538 1582 1583
f 1540 1539 1583 1584
f 1542 1541 1585 1586
f 1543 1542 1586 1587
f 1544 1543 1587 1588
f 1545 1544 1588 1589
f 1546 1545 1589 1590
f 1547 1546 1590 1591
f 1548 1547 1591 1592
f 1549 1548 1592 1593
f 1550 1549 1593 1594
f 1551 1550 1594 1595
f 1552 1551 1595 1596
f 1553 1552 1596 1597
f 1554 1553 1597 1598
f 1555 1554 1598 1599
f 1556 1555 1599 1600
f 1557 1556 1600 1601
f 1558 1557 1601 1602
f 1559 1558 1602 1603
f 1560 1559 1603 1604
f 1561 1560 1604 1605
f 1562 1561 1605 1606
f 1563 1562 1606 1607
f 1564 1563 1607 1608
f 1565 1564 1608 1609
f 1566 1565 1609 1610
f 1567 1566 1610 1611
f 1568 1567 1611 1612
f 1569 1568 1612 1613
f 1570 1569 1613 1614
f 1571 1570 1614 1615
f 1572 1571 1615 1616
f 1573 1572 1616 1617
f 1574 1573 1617 1618
f 1575 1574 1618 1619
f 1576 1575 1619 1620
f 1577 1576 1620 1621
f 1578 1577 1621 1622
f 1579 1578 1622 1623
f 1580 1579 1623 1624
f 1581 1580 1624 1625
f 1582 1581 1625 1626
f 1583 1582 1626 1627
f 1584 1583 1627 1628
f 1586 1585 1629 1630
f 1587 1586 1630 1631
f 1588 1587 1631 1632
f 1589 1588 1632 1633
f 1590 1589 1633 1634
f 1591 1590 1634 1635
f 1592 1591 1635 1636
f 1593 1592 1636 1637
f 1594 1593 1637 1638
f 1595 1594 1638 1639
f 1596 1595 1639 1640
f 1597 1596 1640 1641
f 1598 1597 1641 1642
f 1599 1598 1642 1643
f 1600 1599 1643 1644
f 1601 1600 1644 1645
f 1602 1601 1645 1646
f 1603 1602 1646 1647
f 1604 1603 1647 1648
f 1605 1604 1648 1649
f 1606 1605 1649 1650
f 1607 1606 1650 1651
f 1608 1607 1651 1652
f 1609 1608 1652 1653
f 1610 1609 1653 1654
f 1611 1610 1654 1655
f 1612 1611 1655 1656
f 1613 1612 1656 1657
f 1614 1613 1657 1658
f 1615 1614 1658 1659
f 1616 1615 1659 1660
f 1617 1616 1660 1661
f 1618 1617 1661 1662
f 1619 1618 1662 1663
f 1620 1619 1663 1664
f 1621 1620 1664 1665
f 1622 1621 1665 1666
f 1623 1622 1666 1667
f 1624 1623 1667 1668
f 1625 1624 1668 1669
f 1626 1625 1669 1670
f 1627 1626 1670 1671
f 1628 1627 1671 1672
f 1630 1629 1673 1674
f 1631 1630 1674 1675
f 1632 1631 1675 1676
f 1633 1632 1676 1677
f 1634 1633 1677 1678
f 1635 1634 1678 1679
f 1636 1635 1679 1680
f 1637 1636 1680 1681
f 1638 1637 1681 1682
f 1639 1638 1682 1683
f 1640 1639 1683 1684
f 1641 1640 1684 1685
f 1642 1641 1685 1686
f 1643 1642 1686 1687
f 1644 1643 1687 1688
f 1645 1644 1688 1689
f 1646 1645 1689 1690
f 1647 1646 1690 1691
f 1648 1647 1691 1692
f 1649 1648 1692 1693
f 1650 1649 1693 1694
f 1651 1650 1694 1695
f 1652 1651 1695 1696
f 1653 1652 1696 1697
f 1654 1653 1697 1698
f 1655 1654 1698 1699
f 1656 1655 1699 1700
f 1657 1656 1700 1701
f 1658 1657 1701 1702
f 1659 1658 1702 1703
f 1660 1659 1703 1704
f 1661 1660 1704 1705
f 1662 1661 1705 1706
f 1663 1662 1706 1707
f 1664 1663 1707 1708
f 1665 1664 1708 1709
f 1666 1665 1709 1710
f 1667 1666 1710 1711
f 1668 1667 1711 1712
f 1669 1668 1712 1713
f 1670 1669 1713 1714
f 1671 1670 1714 1715
f 1672 1671 1715 1716
f 1674 1673 1717 1718
f 1675 1674 1718 1719
f 1676 1675 1719 1720
f 1677 1676 1720 1721
f 1678 1677 1721 1722
f 1679 1678 1722 1723
f 1680 1679 1723 1724
f 1681 1680 1724 1725
f 1682 1681 1725 1726
f 1683 1682 1726 1727
f 1684 1683 1727 1728
f 1685 1684 1728 1729
f 1686 1685 1729 1730
f 1687 1686 1730 1731
f 1688 1687 1731 1732
f 1689 1688 1732 1733
f 1690 1689 1733 1734
f 1691 1690 1734 1735
f 1692 1691 1735 1736
f 1693 1692 1736 1737
f 1694 1693 1737 1738
f 1695 1694 1738 1739
f 1696 1695 1739 1740
f 1697 1696 1740 1741
f 1698 1697 1741 1742
f 1699 1698 1742 1743
f 1700 1699 1743 1744
f 1701 1700 1744 1745
f 1702 1701 1745 1746
f 1703 1702 1746 1747
f 1704 1703 1747 1748
f 1705 1704 1748 1749
f 1706 1705 1749 1750
f 1707 1706 1750 1751
f 1708 1707 1751 1752
f 1709 1708 1752 1753
f 1710 1709 1753 1754
f 1711 1710 1754 1755
f 1712 1711 1755 1756
f 1713 1712 1756 1757
f 1714 1713 1757 1758
f 1715 1714 1758 1759
f 1716 1715 1759 1760
f 1718 1717 1761 1762
f 1719 1718 1762 1763
f 1720 1719 1763 1764
f 1721 1720 1764 1765
f 1722 1721 1765 1766
f 1723 1722 1766 1767
f 1724 1723 1767 1768
f 1725 1724 1768 1769
f 1726 1725 1769 1770
f 1727 1726 1770 1771
f 1728 1727 1771 1772
f 1729 1728 1772 1773
f 1730 1729 1773 1774
f 1731 1730 1774 1775
f 1732 1731 1775 1776
f 1733 1732 1776 1777
f 1734 1733 1777 1778
f 1735 1734 1778 1779
f 1736 1735 1779 1780
f 1737 1736 1780 1781
f 1738 1737 1781 1782
f 1739 1738 1782 1783
f 1740 1739 1783 1784
f 1741 1740 1784 1785
f 1742 1741 1785 1786
f 1743 1742 1786 1787
f 1744 1743 1787 1788
f 1745 1744 1788 1789
f 1746 1745 1789 1790
f 1747 1746 1790 1791
f 1748 1747 1791 1792
f 1749 1748 1792 1793
f 1750 1749 1793 1794
f 1751 1750 1794 1795
f 1752 1751 1795 1796
f 1753 1752 1796 1797
f 1754 1753 1797 1798
f 1755 1754 1798 1799
f 1756 1755 1799 1800
f 1757 1756 1800 1801
f 1758 1757 1801 1802
f 1759 1758 1802 1803
f 1760 1759 1803 1804
f 1762 1761 1805 1806
f 1763 1762 1806 1807
f 1764 1763 1807 1808
f 1765 1764 1808 1809
f 1766 1765 1809 1810
f 1767 1766 1810 1811
f 1768 1767 1811 1812
f 1769 1768 1812 1813
f 1770 1769 1813 1814
f 1771 1770 1814 1815
f 1772 1771 1815 1816
f 1773 1772 1816 1817
f 1774 1773 1817 1818
f 1775 1774 1818 1819
f 1776 1775 1819 1820
f 1777 1776 1820 1821
f 1778 1777 1821 1822
f 1779 1778 1822 1823
f 1780 1779 1823 1824
f 1781 1780 1824 1825
f 1782 1781 1825 1826
f 1783 1782 1826 1827
f 1784 1783 1827 1828
f 1785 1784 1828 1829
f 1786 1785 1829 1830
f 1787 1786 1830 1831
f 1788 1787 1831 1832
f 1789 1788 1832 1833
f 1790 1789 1833 1834
f 1791 1790 1834 1835
f 1792 1791 1835 1836
f 1793 1792 1836 1837
f 1794 1793 1837 1838
f 1795 1794 1838 1839
f 1796 1795 1839 1840
f 1797 1796 1840 1841
f 1798 1797 1841 1842
f 1799 1798 1842 1843
f 1800 1799 1843 1844
f 1801 1800 1844 1845
f 1802 1801 1845 1846
f 1803 1802 1846 1847
f 1804 1803 1847 1848
f 1806 1805 1849 1850
f 1807 1806 1850 1851
f 1808 1807 1851 1852
f 1809 1808 1852 1853
f 1810 1809 1853 1854
f 1811 1810 1854 1855
f 1812 1811 1855 1856
f 1813 1812 1856 1857
f 1814 1813 1857 1858
f 1815 1814 1858 1859
f 1816 1815 1859 1860
f 1817 1816 1860 1861
f 1818 1817 1861 1862
f 1819 1818 1862 1863
f 1820 1819 1863 1864
f 1821 1820 1864 1865
f 1822 1821 1865 1866
f 1823 1822 1866 1867
f 1824 1823 1867 1868
f 1825 1824 1868 1869
f 1826 1825 1869 1870
f 1827 1826 1870 1871
f 1828 1827 1871 1872
f 1829 1828 1872 1873
f 1830 1829 1873 1874
f 1831 1830 1874 1875
f 1832 1831 1875 1876
f 1833 1832 1876 1877
f 1834 1833 1877 1878
f 1835 1834 1878 1879
f 1836 1835 1879 1880
f 1837 1836 1880 1881
f 1838 1837 1881 1882
f 1839 1838 1882 1883
f 1840 1839 1883 1884
f 1841 1840 1884 1885
f 1842 1841 1885 1886
f 1843 1842 1886 1887
f 1844 1843 1887 1888
f 1845 1844 1888 1889
f 1846 1845 1889 1890
f 1847 1846 1890 1891
f 1848 1847 1891 1892
f 1850 1849 1893 1894
f 1851 1850 1894 1895
f 1852 1851 1895 1896
f 1853 1852 1896 1897
f 1854 1853 1897 1898
f 1855 1854 1898 1899
f 1856 1855 1899 1900
f 1857 1856 1900 1901
f 1858 1857 1901 1902
f 1859 1858 1902 1903
f 1860 1859 1903 1904
f 1861 1860 1904 1905
f 1862 1861 1905 1906
f 1863 1862 1906 1907
f 1864 1863 1907 1908
f 1865 1864 1908 1909
f 1866 1865 1909 1910
f 1867 1866 1910 1911
f 1868 1867 1911 1912
f 1869 1868 1912 1913
f 1870 1869 1913 1914
f 1871 1870 1914 1915
f 1872 1871 1915 1916
f 1873 1872 1916 1917
f 1874 1873 1917 1918
f 1875 1874 1918 1919
f 1876 1875 1919 1920
f 1877 1876 1920 1921
f 1878 1877 1921 1922
f 1879 1878 1922 1923
f 1880 1879 1923 1924
f 1881 1880 1924 1925
f 1882 1881 1925 1926
f 1883 1882 1926 1927
f 1884 1883 1927 1928
f 1885 1884 1928 1929
f 1886 1885 1929 1930
f 1887 1886 1930 1931
f 1888 1887 1931 1932
f 1889 1888 1932 1933
f 1890 1889 1933 1934
f 1891 1890 1934 1935
f 1892 1891 1935 1936
