# Blender v2.79 (sub 0) OBJ File: ''
# www.blender.org
v -5.000000 0.000000 5.000000
v -5.000000 0.000000 4.333333
v -5.000000 0.000000 3.666667
v -5.000000 0.000000 3.000000
v -5.000000 0.000000 2.333333
v -5.000000 0.000000 1.666667
v -5.000000 0.000000 1.000000
v -5.000000 0.000000 0.333333
v -5.000000 0.000000 -0.333333
v -5.000000 0.000000 -1.000000
v -5.000000 0.000000 -1.666667
v -5.000000 0.000000 -2.333333
v -5.000000 0.000000 -3.000000
v -5.000000 0.000000 -3.666667
v -5.000000 0.000000 -4.333333
v -5.000000 0.000000 -5.000000
v -4.333333 0.000000 5.000000
v -4.333333 0.000000 4.333333
v -4.333333 0.002918 3.666667
v -4.333333 0.031216 3.000000
v -4.333333 0.003948 2.333333
v -4.333333 -0.034872 1.666667
v -4.333333 -0.042330 1.000000
v -4.333333 -0.014488 0.333333
v -4.333333 0.035758 -0.333333
v -4.333333 -0.015084 -1.000000
v -4.333333 0.016257 -1.666667
v -4.333333 0.013310 -2.333333
v -4.333333 -0.012846 -3.000000
v -4.333333 0.001785 -3.666667
v -4.333333 0.000000 -4.333333
v -4.333333 0.000000 -5.000000
v -3.666667 0.000000 5.000000
v -3.666667 0.000843 4.333333
v -3.666667 0.005916 3.666667
v -3.666667 0.008590 3.000000
v -3.666667 0.093405 2.333333
v -3.666667 0.109443 1.666667
v -3.666667 -0.020126 1.000000
v -3.666667 -0.101072 0.333333
v -3.666667 0.180638 -0.333333
v -3.666667 0.117781 -1.000000
v -3.666667 -0.012817 -1.666667
v -3.666667 0.092508 -2.333333
v -3.666667 0.035331 -3.000000
v -3.666667 -0.005955 -3.666667
v -3.666667 -0.001418 -4.333333
v -3.666667 0.000000 -5.000000
v -3.000000 0.000000 5.000000
v -3.000000 -0.009862 4.333333
v -3.000000 -0.229395 3.666667
v -3.000000 0.091862 3.000000
v -3.000000 -0.160468 2.333333
v -3.000000 -0.021576 1.666667
v -3.000000 -0.061585 1.000000
v -3.000000 0.055631 0.333333
v -3.000000 -0.064497 -0.333333
v -3.000000 -0.078631 -1.000000
v -3.000000 -0.162288 -1.666667
v -3.000000 -0.138416 -2.333333
v -3.000000 -0.223772 -3.000000
v -3.000000 -0.098909 -3.666667
v -3.000000 0.000325 -4.333333
v -3.000000 0.000000 -5.000000
v -2.333333 0.000000 5.000000
v -2.333333 -0.026749 4.333333
v -2.333333 -0.007751 3.666667
v -2.333333 -0.036616 3.000000
v -2.333333 -0.242154 2.333333
v -2.333333 -0.462561 1.666667
v -2.333333 -0.074770 1.000000
v -2.333333 0.051834 0.333333
v -2.333333 -0.257126 -0.333333
v -2.333333 -0.167424 -1.000000
v -2.333333 -0.114990 -1.666667
v -2.333333 0.133694 -2.333333
v -2.333333 0.002886 -3.000000
v -2.333333 0.021422 -3.666667
v -2.333333 0.015034 -4.333333
v -2.333333 0.000000 -5.000000
v -1.666667 0.000000 5.000000
v -1.666667 0.020809 4.333333
v -1.666667 0.000438 3.666667
v -1.666667 0.067302 3.000000
v -1.666667 -0.247770 2.333333
v -1.666667 -0.134968 1.666667
v -1.666667 0.041355 1.000000
v -1.666667 0.247031 0.333333
v -1.666667 -0.333298 -0.333333
v -1.666667 -0.205040 -1.000000
v -1.666667 -0.134164 -1.666667
v -1.666667 0.530122 -2.333333
v -1.666667 -0.136548 -3.000000
v -1.666667 -0.080425 -3.666667
v -1.666667 0.005376 -4.333333
v -1.666667 0.000000 -5.000000
v -1.000000 0.000000 5.000000
v -1.000000 -0.023250 4.333333
v -1.000000 -0.129982 3.666667
v -1.000000 0.132579 3.000000
v -1.000000 -0.188041 2.333333
v -1.000000 -0.148467 1.666667
v -1.000000 -0.219616 1.000000
v -1.000000 -0.211082 0.333333
v -1.000000 -0.324342 -0.333333
v -1.000000 -0.236804 -1.000000
v -1.000000 0.070505 -1.666667
v -1.000000 -0.067461 -2.333333
v -1.000000 0.064361 -3.000000
v -1.000000 -0.021531 -3.666667
v -1.000000 -0.036012 -4.333333
v -1.000000 0.000000 -5.000000
v -0.333333 0.000000 5.000000
v -0.333333 -0.020330 4.333333
v -0.333333 0.094614 3.666667
v -0.333333 -0.111317 3.000000
v -0.333333 -0.162983 2.333333
v -0.333333 -0.361413 1.666667
v -0.333333 -0.270558 1.000000
v -0.333333 -0.026559 0.333333
v -0.333333 0.177432 -0.333333
v -0.333333 -0.088677 -1.000000
v -0.333333 0.130431 -1.666667
v -0.333333 0.275040 -2.333333
v -0.333333 0.096432 -3.000000
v -0.333333 -0.204190 -3.666667
v -0.333333 -0.007685 -4.333333
v -0.333333 0.000000 -5.000000
v 0.333333 0.000000 5.000000
v 0.333333 0.075049 4.333333
v 0.333333 0.101574 3.666667
v 0.333333 -0.010820 3.000000
v 0.333333 0.275277 2.333333
v 0.333333 -0.068359 1.666667
v 0.333333 0.336456 1.000000
v 0.333333 0.254695 0.333333
v 0.333333 -0.242858 -0.333333
v 0.333333 -0.493452 -1.000000
v 0.333333 0.133133 -1.666667
v 0.333333 -0.149302 -2.333333
v 0.333333 -0.047939 -3.000000
v 0.333333 -0.003451 -3.666667
v 0.333333 0.023904 -4.333333
v 0.333333 0.000000 -5.000000
v 1.000000 0.000000 5.000000
v 1.000000 0.015221 4.333333
v 1.000000 -0.109681 3.666667
v 1.000000 0.004513 3.000000
v 1.000000 -0.550976 2.333333
v 1.000000 0.120306 1.666667
v 1.000000 -0.421288 1.000000
v 1.000000 -0.020594 0.333333
v 1.000000 0.456956 -0.333333
v 1.000000 0.271543 -1.000000
v 1.000000 -0.022032 -1.666667
v 1.000000 -0.159539 -2.333333
v 1.000000 0.137456 -3.000000
v 1.000000 -0.069760 -3.666667
v 1.000000 0.024975 -4.333333
v 1.000000 0.000000 -5.000000
v 1.666667 0.000000 5.000000
v 1.666667 -0.035150 4.333333
v 1.666667 0.097529 3.666667
v 1.666667 0.032088 3.000000
v 1.666667 -0.079250 2.333333
v 1.666667 0.081384 1.666667
v 1.666667 -0.054281 1.000000
v 1.666667 -0.258500 0.333333
v 1.666667 -0.359864 -0.333333
v 1.666667 -0.133784 -1.000000
v 1.666667 0.041495 -1.666667
v 1.666667 -0.163856 -2.333333
v 1.666667 0.163634 -3.000000
v 1.666667 0.148834 -3.666667
v 1.666667 0.005943 -4.333333
v 1.666667 0.000000 -5.000000
v 2.333333 0.000000 5.000000
v 2.333333 -0.008993 4.333333
v 2.333333 0.094615 3.666667
v 2.333333 -0.077381 3.000000
v 2.333333 -0.113501 2.333333
v 2.333333 -0.120174 1.666667
v 2.333333 -0.121100 1.000000
v 2.333333 0.477202 0.333333
v 2.333333 -0.117995 -0.333333
v 2.333333 -0.368247 -1.000000
v 2.333333 -0.043011 -1.666667
v 2.333333 -0.331311 -2.333333
v 2.333333 -0.008459 -3.000000
v 2.333333 -0.047010 -3.666667
v 2.333333 0.021783 -4.333333
v 2.333333 0.000000 -5.000000
v 3.000000 0.000000 5.000000
v 3.000000 -0.012853 4.333333
v 3.000000 -0.061819 3.666667
v 3.000000 0.045324 3.000000
v 3.000000 0.078319 2.333333
v 3.000000 -0.290611 1.666667
v 3.000000 -0.179347 1.000000
v 3.000000 -0.125254 0.333333
v 3.000000 -0.195467 -0.333333
v 3.000000 0.075627 -1.000000
v 3.000000 0.083244 -1.666667
v 3.000000 0.017246 -2.333333
v 3.000000 -0.066597 -3.000000
v 3.000000 0.054949 -3.666667
v 3.000000 -0.003558 -4.333333
v 3.000000 0.000000 -5.000000
v 3.666667 0.000000 5.000000
v 3.666667 -0.001812 4.333333
v 3.666667 0.015950 3.666667
v 3.666667 0.031541 3.000000
v 3.666667 0.094721 2.333333
v 3.666667 0.046288 1.666667
v 3.666667 -0.065038 1.000000
v 3.666667 -0.016297 0.333333
v 3.666667 0.154788 -0.333333
v 3.666667 -0.028820 -1.000000
v 3.666667 0.049551 -1.666667
v 3.666667 -0.111421 -2.333333
v 3.666667 -0.053151 -3.000000
v 3.666667 -0.011935 -3.666667
v 3.666667 -0.000272 -4.333333
v 3.666667 0.000000 -5.000000
v 4.333333 0.000000 5.000000
v 4.333333 0.000000 4.333333
v 4.333333 -0.001420 3.666667
v 4.333333 0.035326 3.000000
v 4.333333 0.002573 2.333333
v 4.333333 0.016683 1.666667
v 4.333333 -0.008943 1.000000
v 4.333333 0.021223 0.333333
v 4.333333 0.067426 -0.333333
v 4.333333 -0.034866 -1.000000
v 4.333333 -0.043677 -1.666667
v 4.333333 -0.014080 -2.333333
v 4.333333 0.028528 -3.000000
v 4.333333 0.000497 -3.666667
v 4.333333 0.000000 -4.333333
v 4.333333 0.000000 -5.000000
v 5.000000 0.000000 5.000000
v 5.000000 0.000000 4.333333
v 5.000000 0.000000 3.666667
v 5.000000 0.000000 3.000000
v 5.000000 0.000000 2.333333
v 5.000000 0.000000 1.666667
v 5.000000 0.000000 1.000000
v 5.000000 0.000000 0.333333
v 5.000000 0.000000 -0.333333
v 5.000000 0.000000 -1.000000
v 5.000000 0.000000 -1.666667
v 5.000000 0.000000 -2.333333
v 5.000000 0.000000 -3.000000
v 5.000000 0.000000 -3.666667
v 5.000000 0.000000 -4.333333
v 5.000000 0.000000 -5.000000
s 1
f 2 1 17 18
f 3 2 18 19
f 4 3 19 20
f 5 4 20 21
f 6 5 21 22
f 7 6 22 23
f 8 7 23 24
f 9 8 24 25
f 10 9 25 26
f 11 10 26 27
f 12 11 27 28
f 13 12 28 29
f 14 13 29 30
f 15 14 30 31
f 16 15 31 32
f 18 17 33 34
f 19 18 34 35
f 20 19 35 36
f 21 20 36 37
f 22 21 37 38
f 23 22 38 39
f 24 23 39 40
f 25 24 40 41
f 26 25 41 42
f 27 26 42 43
f 28 27 43 44
f 29 28 44 45
f 30 29 45 46
f 31 30 46 47
f 32 31 47 48
f 34 33 49 50
f 35 34 50 51
f 36 35 51 52
f 37 36 52 53
f 38 37 53 54
f 39 38 54 55
f 40 39 55 56
f 41 40 56 57
f 42 41 57 58
f 43 42 58 59
f 44 43 59 60
f 45 44 60 61
f 46 45 61 62
f 47 46 62 63
f 48 47 63 64
f 50 49 65 66
f 51 50 66 67
f 52 51 67 68
f 53 52 68 69
f 54 53 69 70
f 55 54 70 71
f 56 55 71 72
f 57 56 72 73
f 58 57 73 74
f 59 58 74 75
f 60 59 75 76
f 61 60 76 77
f 62 61 77 78
f 63 62 78 79
f 64 63 79 80
f 66 65 81 82
f 67 66 82 83
f 68 67 83 84
f 69 68 84 85
f 70 69 85 86
f 71 70 86 87
f 72 71 87 88
f 73 72 88 89
f 74 73 89 90
f 75 74 90 91
f 76 75 91 92
f 77 76 92 93
f 78 77 93 94
f 79 78 94 95
f 80 79 95 96
f 82 81 97 98
f 83 82 98 99
f 84 83 99 100
f 85 84 100 101
f 86 85 101 102
f 87 86 102 103
f 88 87 103 104
f 89 88 104 105
f 90 89 105 106
f 91 90 106 107
f 92 91 107 108
f 93 92 108 109
f 94 93 109 110
f 95 94 110 111
f 96 95 111 112
f 98 97 113 114
f 99 98 114 115
f 100 99 115 116
f 101 100 116 117
f 102 101 117 118
f 103 102 118 119
f 104 103 119 120
f 105 104 120 121
f 106 105 121 122
f 107 106 122 123
f 108 107 123 124
f 109 108 124 125
f 110 109 125 126
f 111 110 126 127
f 112 111 127 128
f 114 113 129 130
f 115 114 130 131
f 116 115 131 132
f 117 116 132 133
f 118 117 133 134
f 119 118 134 135
f 120 119 135 136
f 121 120 136 137
f 122 121 137 138
f 123 122 138 139
f 124 123 139 140
f 125 124 140 141
f 126 125 141 142
f 127 126 142 143
f 128 127 143 144
f 130 129 145 146
f 131 130 146 147
f 132 131 147 148
f 133 132 148 149
f 134 133 149 150
f 135 134 150 151
f 136 135 151 152
f 137 136 152 153
f 138 137 153 154
f 139 138 154 155
f 140 139 155 156
f 141 140 156 157
f 142 141 157 158
f 143 142 158 159
f 144 143 159 160
f 146 145 161 162
f 147 146 162 163
f 148 147 163 164
f 149 148 164 165
f 150 149 165 166
f 151 150 166 167
f 152 151 167 168
f 153 152 168 169
f 154 153 169 170
f 155 154 170 171
f 156 155 171 172
f 157 156 172 173
f 158 157 173 174
f 159 158 174 175
f 160 159 175 176
f 162 161 177 178
f 163 162 178 179
f 164 163 179 180
f 165 164 180 181
f 166 165 181 182
f 167 166 182 183
f 168 167 183 184
f 169 168 184 185
f 170 169 185 186
f 171 170 186 187
f 172 171 187 188
f 173 172 188 189
f 174 173 189 190
f 175 174 190 191
f 176 175 191 192
f 178 177 193 194
f 179 178 194 195
f 180 179 195 196
f 181 180 196 197
f 182 181 197 198
f 183 182 198 199
f 184 183 199 200
f 185 184 200 201
f 186 185 201 202
f 187 186 202 203
f 188 187 203 204
f 189 188 204 205
f 190 189 205 206
f 191 190 206 207
f 192 191 207 208
f 194 193 209 210
f 195 194 210 211
f 196 195 211 212
f 197 196 212 213
f 198 197 213 214
f 199 198 214 215
f 200 199 215 216
f 201 200 216 217
f 202 201 217 218
f 203 202 218 219
f 204 203 219 220
f 205 204 220 221
f 206 205 221 222
f 207 206 222 223
f 208 207 223 224
f 210 209 225 226
f 211 210 226 227
f 212 211 227 228
f 213 212 228 229
f 214 213 229 230
f 215 214 230 231
f 216 215 231 232
f 217 216 232 233
f 218 217 233 234
f 219 218 234 235
f 220 219 235 236
f 221 220 236 237
f 222 221 237 238
f 223 222 238 239
f 224 223 239 240
f 226 225 241 242
f 227 226 242 243
f 228 227 243 244
f 229 228 244 245
f 230 229 245 246
f 231 230 246 247
f 232 231 247 248
f 233 232 248 249
f 234 233 249 250
f 235 234 250 251
f 236 235 251 252
f 237 236 252 253
f 238 237 253 254
f 239 238 254 255
f 240 239 255 256
