# Blender v2.79 (sub 0) OBJ File: ''
# www.blender.org
v -5.000000 0.000000 5.000000
v -5.000000 0.000000 3.888889
v -5.000000 0.000000 2.777778
v -5.000000 0.000000 1.666667
v -5.000000 0.000000 0.555556
v -5.000000 0.000000 -0.555556
v -5.000000 0.000000 -1.666667
v -5.000000 0.000000 -2.777778
v -5.000000 0.000000 -3.888889
v -5.000000 0.000000 -5.000000
v -3.888889 0.000000 5.000000
v -3.888889 -0.004726 3.888889
v -3.888889 0.155367 2.777778
v -3.888889 0.076720 1.666667
v -3.888889 -0.018888 0.555556
v -3.888889 0.016782 -0.555556
v -3.888889 0.020670 -1.666667
v -3.888889 0.042194 -2.777778
v -3.888889 -0.004528 -3.888889
v -3.888889 0.000000 -5.000000
v -2.777778 0.000000 5.000000
v -2.777778 -0.124108 3.888889
v -2.777778 0.119733 2.777778
v -2.777778 -0.222949 1.666667
v -2.777778 -0.013694 0.555556
v -2.777778 -0.108336 -0.555556
v -2.777778 -0.113856 -1.666667
v -2.777778 -0.001036 -2.777778
v -2.777778 -0.119973 -3.888889
v -2.777778 0.000000 -5.000000
v -1.666667 0.000000 5.000000
v -1.666667 0.125672 3.888889
v -1.666667 0.080489 2.777778
v -1.666667 -0.134968 1.666667
v -1.666667 0.349144 0.555556
v -1.666667 -0.457419 -0.555556
v -1.666667 -0.134164 -1.666667
v -1.666667 -0.002843 -2.777778
v -1.666667 -0.025583 -3.888889
v -1.666667 0.000000 -5.000000
v -0.555556 0.000000 5.000000
v -0.555556 -0.002721 3.888889
v -0.555556 -0.090740 2.777778
v -0.555556 -0.108681 1.666667
v -0.555556 0.077624 0.555556
v -0.555556 0.246246 -0.555556
v -0.555556 -0.123226 -1.666667
v -0.555556 -0.042659 -2.777778
v -0.555556 -0.154689 -3.888889
v -0.555556 0.000000 -5.000000
v 0.555556 0.000000 5.000000
v 0.555556 0.063490 3.888889
v 0.555556 0.243317 2.777778
v 0.555556 -0.041727 1.666667
v 0.555556 0.025265 0.555556
v 0.555556 0.014932 -0.555556
v 0.555556 0.110798 -1.666667
v 0.555556 -0.157938 -2.777778
v 0.555556 -0.145372 -3.888889
v 0.555556 0.000000 -5.000000
v 1.666667 0.000000 5.000000
v 1.666667 0.006507 3.888889
v 1.666667 -0.004320 2.777778
v 1.666667 0.081384 1.666667
v 1.666667 -0.227135 0.555556
v 1.666667 -0.370726 -0.555556
v 1.666667 0.041495 -1.666667
v 1.666667 -0.143713 -2.777778
v 1.666667 0.027101 -3.888889
v 1.666667 0.000000 -5.000000
v 2.777778 0.000000 5.000000
v 2.777778 0.011473 3.888889
v 2.777778 -0.070796 2.777778
v 2.777778 0.001482 1.666667
v 2.777778 -0.175153 0.555556
v 2.777778 0.272751 -0.555556
v 2.777778 0.351988 -1.666667
v 2.777778 -0.003647 -2.777778
v 2.777778 0.064357 -3.888889
v 2.777778 0.000000 -5.000000
v 3.888889 0.000000 5.000000
v 3.888889 -0.016625 3.888889
v 3.888889 -0.029179 2.777778
v 3.888889 -0.046497 1.666667
v 3.888889 -0.009251 0.555556
v 3.888889 0.073497 -0.555556
v 3.888889 -0.077286 -1.666667
v 3.888889 -0.028021 -2.777778
v 3.888889 -0.011107 -3.888889
v 3.888889 0.000000 -5.000000
v 5.000000 0.000000 5.000000
v 5.000000 0.000000 3.888889
v 5.000000 0.000000 2.777778
v 5.000000 0.000000 1.666667
v 5.000000 0.000000 0.555556
v 5.000000 0.000000 -0.555556
v 5.000000 0.000000 -1.666667
v 5.000000 0.000000 -2.777778
v 5.000000 0.000000 -3.888889
v 5.000000 0.000000 -5.000000
s 1
f 2 1 11 12
f 3 2 12 13
f 4 3 13 14
f 5 4 14 15
f 6 5 15 16
f 7 6 16 17
f 8 7 17 18
f 9 8 18 19
f 10 9 19 20
f 12 11 21 22
f 13 12 22 23
f 14 13 23 24
f 15 14 24 25
f 16 15 25 26
f 17 16 26 27
f 18 17 27 28
f 19 18 28 29
f 20 19 29 30
f 22 21 31 32
f 23 22 32 33
f 24 23 33 34
f 25 24 34 35
f 26 25 35 36
f 27 26 36 37
f 28 27 37 38
f 29 28 38 39
f 30 29 39 40
f 32 31 41 42
f 33 32 42 43
f 34 33 43 44
f 35 34 44 45
f 36 35 45 46
f 37 36 46 47
f 38 37 47 48
f 39 38 48 49
f 40 39 49 50
f 42 41 51 52
f 43 42 52 53
f 44 43 53 54
f 45 44 54 55
f 46 45 55 56
f 47 46 56 57
f 48 47 57 58
f 49 48 58 59
f 50 49 59 60
f 52 51 61 62
f 53 52 62 63
f 54 53 63 64
f 55 54 64 65
f 56 55 65 66
f 57 56 66 67
f 58 57 67 68
f 59 58 68 69
f 60 59 69 70
f 62 61 71 72
f 63 62 72 73
f 64 63 73 74
f 65 64 74 75
f 66 65 75 76
f 67 66 76 77
f 68 67 77 78
f 69 68 78 79
f 70 69 79 80
f 72 71 81 82
f 73 72 82 83
f 74 73 83 84
f 75 74 84 85
f 76 75 85 86
f 77 76 86 87
f 78 77 87 88
f 79 78 88 89
f 80 79 89 90
f 82 81 91 92
f 83 82 92 93
f 84 83 93 94
f 85 84 94 95
f 86 85 95 96
f 87 86 96 97
f 88 87 97 98
f 89 88 98 99
f 90 89 99 100
