# Blender v2.79 (sub 0) OBJ File: ''
# www.blender.org
v -5.000000 0.000000 5.000000
v -5.000000 0.000000 4.677419
v -5.000000 0.000000 4.354839
v -5.000000 0.000000 4.032258
v -5.000000 0.000000 3.709677
v -5.000000 0.000000 3.387097
v -5.000000 0.000000 3.064516
v -5.000000 0.000000 2.741935
v -5.000000 0.000000 2.419355
v -5.000000 0.000000 2.096774
v -5.000000 0.000000 1.774194
v -5.000000 0.000000 1.451613
v -5.000000 0.000000 1.129032
v -5.000000 0.000000 0.806452
v -5.000000 0.000000 0.483871
v -5.000000 0.000000 0.161290
v -5.000000 0.000000 -0.161290
v -5.000000 0.000000 -0.483871
v -5.000000 0.000000 -0.806452
v -5.000000 0.000000 -1.129032
v -5.000000 0.000000 -1.451613
v -5.000000 0.000000 -1.774194
v -5.000000 0.000000 -2.096774
v -5.000000 0.000000 -2.419355
v -5.000000 0.000000 -2.741935
v -5.000000 0.000000 -3.064516
v -5.000000 0.000000 -3.387097
v -5.000000 0.000000 -3.709677
v -5.000000 0.000000 -4.032258
v -5.000000 0.000000 -4.354839
v -5.000000 0.000000 -4.677419
v -5.000000 0.000000 -5.000000
v -4.677419 0.000000 5.000000
v -4.677419 0.000000 4.677419
v -4.677419 0.000000 4.354839
v -4.677419 0.000000 4.032258
v -4.677419 0.000000 3.709677
v -4.677419 -0.000031 3.387097
v -4.677419 0.000444 3.064516
v -4.677419 0.001272 2.741935
v -4.677419 0.007987 2.419355
v -4.677419 -0.004845 2.096774
v -4.677419 -0.008944 1.774194
v -4.677419 0.014436 1.451613
v -4.677419 -0.000905 1.129032
v -4.677419 0.008306 0.806452
v -4.677419 -0.004841 0.483871
v -4.677419 0.000309 0.161290
v -4.677419 -0.009450 -0.161290
v -4.677419 -0.003687 -0.483871
v -4.677419 -0.000458 -0.806452
v -4.677419 -0.006943 -1.129032
v -4.677419 -0.019946 -1.451613
v -4.677419 -0.002825 -1.774194
v -4.677419 -0.000854 -2.096774
v -4.677419 -0.005096 -2.419355
v -4.677419 -0.001878 -2.741935
v -4.677419 0.002614 -3.064516
v -4.677419 0.000021 -3.387097
v -4.677419 0.000000 -3.709677
v -4.677419 0.000000 -4.032258
v -4.677419 0.000000 -4.354839
v -4.677419 0.000000 -4.677419
v -4.677419 0.000000 -5.000000
v -4.354839 0.000000 5.000000
v -4.354839 0.000000 4.677419
v -4.354839 0.000000 4.354839
v -4.354839 0.000000 4.032258
v -4.354839 -0.001396 3.709677
v -4.354839 0.005688 3.387097
v -4.354839 0.011879 3.064516
v -4.354839 0.040225 2.741935
v -4.354839 -0.017660 2.419355
v -4.354839 -0.051900 2.096774
v -4.354839 -0.005761 1.774194
v -4.354839 0.000081 1.451613
v -4.354839 0.041457 1.129032
v -4.354839 -0.027078 0.806452
v -4.354839 0.010343 0.483871
v -4.354839 -0.025720 0.161290
v -4.354839 0.025216 -0.161290
v -4.354839 0.017819 -0.483871
v -4.354839 0.029547 -0.806452
v -4.354839 0.005923 -1.129032
v -4.354839 -0.037699 -1.451613
v -4.354839 0.013348 -1.774194
v -4.354839 0.002389 -2.096774
v -4.354839 0.016242 -2.419355
v -4.354839 -0.006206 -2.741935
v -4.354839 0.002524 -3.064516
v -4.354839 0.009615 -3.387097
v -4.354839 0.001435 -3.709677
v -4.354839 -0.000000 -4.032258
v -4.354839 0.000000 -4.354839
v -4.354839 0.000000 -4.677419
v -4.354839 0.000000 -5.000000
v -4.032258 0.000000 5.000000
v -4.032258 0.000000 4.677419
v -4.032258 -0.000000 4.354839
v -4.032258 -0.006978 4.032258
v -4.032258 0.007165 3.709677
v -4.032258 0.032246 3.387097
v -4.032258 0.078789 3.064516
v -4.032258 0.121959 2.741935
v -4.032258 0.016238 2.419355
v -4.032258 0.011278 2.096774
v -4.032258 0.039045 1.774194
v -4.032258 0.006528 1.451613
v -4.032258 0.023109 1.129032
v -4.032258 -0.021714 0.806452
v -4.032258 -0.050404 0.483871
v -4.032258 -0.045015 0.161290
v -4.032258 0.061537 -0.161290
v -4.032258 0.071664 -0.483871
v -4.032258 0.061496 -0.806452
v -4.032258 -0.036074 -1.129032
v -4.032258 -0.018748 -1.451613
v -4.032258 0.101887 -1.774194
v -4.032258 0.168774 -2.096774
v -4.032258 0.103478 -2.419355
v -4.032258 0.055226 -2.741935
v -4.032258 -0.030742 -3.064516
v -4.032258 -0.018145 -3.387097
v -4.032258 0.022547 -3.709677
v -4.032258 -0.004638 -4.032258
v -4.032258 -0.000000 -4.354839
v -4.032258 0.000000 -4.677419
v -4.032258 0.000000 -5.000000
v -3.709677 0.000000 5.000000
v -3.709677 0.000000 4.677419
v -3.709677 0.000256 4.354839
v -3.709677 0.002146 4.032258
v -3.709677 0.007339 3.709677
v -3.709677 -0.038678 3.387097
v -3.709677 0.049677 3.064516
v -3.709677 0.109005 2.741935
v -3.709677 0.058250 2.419355
v -3.709677 0.019704 2.096774
v -3.709677 0.064132 1.774194
v -3.709677 0.029050 1.451613
v -3.709677 0.239658 1.129032
v -3.709677 0.038280 0.806452
v -3.709677 -0.038746 0.483871
v -3.709677 -0.099800 0.161290
v -3.709677 0.090166 -0.161290
v -3.709677 0.178634 -0.483871
v -3.709677 0.266665 -0.806452
v -3.709677 -0.013623 -1.129032
v -3.709677 0.053247 -1.451613
v -3.709677 -0.007923 -1.774194
v -3.709677 0.072540 -2.096774
v -3.709677 0.118962 -2.419355
v -3.709677 0.034572 -2.741935
v -3.709677 0.013087 -3.064516
v -3.709677 -0.079819 -3.387097
v -3.709677 -0.002417 -3.709677
v -3.709677 -0.014809 -4.032258
v -3.709677 0.000218 -4.354839
v -3.709677 0.000000 -4.677419
v -3.709677 0.000000 -5.000000
v -3.387097 0.000000 5.000000
v -3.387097 -0.000001 4.677419
v -3.387097 -0.000230 4.354839
v -3.387097 -0.002314 4.032258
v -3.387097 -0.017478 3.709677
v -3.387097 0.009023 3.387097
v -3.387097 0.070911 3.064516
v -3.387097 0.077006 2.741935
v -3.387097 -0.154144 2.419355
v -3.387097 0.020404 2.096774
v -3.387097 0.140154 1.774194
v -3.387097 0.076748 1.451613
v -3.387097 0.147645 1.129032
v -3.387097 0.099935 0.806452
v -3.387097 0.109986 0.483871
v -3.387097 0.007057 0.161290
v -3.387097 0.123378 -0.161290
v -3.387097 0.089744 -0.483871
v -3.387097 0.365102 -0.806452
v -3.387097 0.112653 -1.129032
v -3.387097 0.166295 -1.451613
v -3.387097 0.087418 -1.774194
v -3.387097 0.009805 -2.096774
v -3.387097 0.024643 -2.419355
v -3.387097 -0.061444 -2.741935
v -3.387097 -0.031852 -3.064516
v -3.387097 -0.008649 -3.387097
v -3.387097 -0.044499 -3.709677
v -3.387097 -0.049432 -4.032258
v -3.387097 -0.008932 -4.354839
v -3.387097 -0.000009 -4.677419
v -3.387097 0.000000 -5.000000
v -3.064516 0.000000 5.000000
v -3.064516 -0.000248 4.677419
v -3.064516 -0.007315 4.354839
v -3.064516 -0.042114 4.032258
v -3.064516 -0.139578 3.709677
v -3.064516 0.048135 3.387097
v -3.064516 0.019262 3.064516
v -3.064516 0.208735 2.741935
v -3.064516 -0.021524 2.419355
v -3.064516 -0.214335 2.096774
v -3.064516 0.010473 1.774194
v -3.064516 0.079833 1.451613
v -3.064516 -0.002442 1.129032
v -3.064516 -0.029899 0.806452
v -3.064516 0.115732 0.483871
v -3.064516 0.042152 0.161290
v -3.064516 -0.059220 -0.161290
v -3.064516 0.150773 -0.483871
v -3.064516 0.067184 -0.806452
v -3.064516 0.009393 -1.129032
v -3.064516 -0.067512 -1.451613
v -3.064516 -0.018062 -1.774194
v -3.064516 -0.027012 -2.096774
v -3.064516 -0.126279 -2.419355
v -3.064516 -0.155063 -2.741935
v -3.064516 -0.133758 -3.064516
v -3.064516 -0.197330 -3.387097
v -3.064516 -0.084077 -3.709677
v -3.064516 -0.052396 -4.032258
v -3.064516 -0.014348 -4.354839
v -3.064516 -0.000701 -4.677419
v -3.064516 0.000000 -5.000000
v -2.741935 0.000000 5.000000
v -2.741935 0.008606 4.677419
v -2.741935 -0.001444 4.354839
v -2.741935 -0.064860 4.032258
v -2.741935 -0.155252 3.709677
v -2.741935 0.108786 3.387097
v -2.741935 -0.122531 3.064516
v -2.741935 -0.036664 2.741935
v -2.741935 -0.247290 2.419355
v -2.741935 -0.317788 2.096774
v -2.741935 -0.178837 1.774194
v -2.741935 0.178856 1.451613
v -2.741935 0.110665 1.129032
v -2.741935 0.034517 0.806452
v -2.741935 0.017002 0.483871
v -2.741935 0.135412 0.161290
v -2.741935 -0.018517 -0.161290
v -2.741935 -0.076581 -0.483871
v -2.741935 -0.407657 -0.806452
v -2.741935 -0.317873 -1.129032
v -2.741935 -0.263303 -1.451613
v -2.741935 0.022344 -1.774194
v -2.741935 -0.549905 -2.096774
v -2.741935 -0.117289 -2.419355
v -2.741935 0.121543 -2.741935
v -2.741935 0.212831 -3.064516
v -2.741935 0.011744 -3.387097
v -2.741935 -0.070927 -3.709677
v -2.741935 -0.023446 -4.032258
v -2.741935 0.033811 -4.354839
v -2.741935 0.000292 -4.677419
v -2.741935 0.000000 -5.000000
v -2.419355 0.000000 5.000000
v -2.419355 -0.000939 4.677419
v -2.419355 -0.016180 4.354839
v -2.419355 0.001672 4.032258
v -2.419355 -0.008516 3.709677
v -2.419355 0.036772 3.387097
v -2.419355 0.164708 3.064516
v -2.419355 -0.007826 2.741935
v -2.419355 -0.252227 2.419355
v -2.419355 -0.034384 2.096774
v -2.419355 -0.575289 1.774194
v -2.419355 0.185282 1.451613
v -2.419355 -0.055838 1.129032
v -2.419355 -0.061407 0.806452
v -2.419355 -0.056452 0.483871
v -2.419355 -0.073960 0.161290
v -2.419355 -0.155176 -0.161290
v -2.419355 -0.264107 -0.483871
v -2.419355 -0.257810 -0.806452
v -2.419355 -0.033511 -1.129032
v -2.419355 0.074403 -1.451613
v -2.419355 -0.115750 -1.774194
v -2.419355 -0.067333 -2.096774
v -2.419355 0.027454 -2.419355
v -2.419355 -0.115790 -2.741935
v -2.419355 -0.067957 -3.064516
v -2.419355 0.139366 -3.387097
v -2.419355 0.040835 -3.709677
v -2.419355 -0.038711 -4.032258
v -2.419355 -0.003561 -4.354839
v -2.419355 -0.009687 -4.677419
v -2.419355 0.000000 -5.000000
v -2.096774 0.000000 5.000000
v -2.096774 -0.000286 4.677419
v -2.096774 -0.027315 4.354839
v -2.096774 -0.066323 4.032258
v -2.096774 -0.021393 3.709677
v -2.096774 0.083946 3.387097
v -2.096774 0.219035 3.064516
v -2.096774 -0.072248 2.741935
v -2.096774 -0.228038 2.419355
v -2.096774 0.121586 2.096774
v -2.096774 -0.274452 1.774194
v -2.096774 -0.211201 1.451613
v -2.096774 -0.031309 1.129032
v -2.096774 -0.013871 0.806452
v -2.096774 0.317085 0.483871
v -2.096774 0.001792 0.161290
v -2.096774 -0.234496 -0.161290
v -2.096774 0.109199 -0.483871
v -2.096774 0.022739 -0.806452
v -2.096774 -0.001259 -1.129032
v -2.096774 0.286645 -1.451613
v -2.096774 0.073376 -1.774194
v -2.096774 0.139013 -2.096774
v -2.096774 0.189234 -2.419355
v -2.096774 0.231327 -2.741935
v -2.096774 -0.012973 -3.064516
v -2.096774 0.022529 -3.387097
v -2.096774 0.056418 -3.709677
v -2.096774 0.069152 -4.032258
v -2.096774 -0.020042 -4.354839
v -2.096774 -0.009433 -4.677419
v -2.096774 0.000000 -5.000000
v -1.774194 0.000000 5.000000
v -1.774194 0.000582 4.677419
v -1.774194 0.008291 4.354839
v -1.774194 0.031167 4.032258
v -1.774194 -0.034269 3.709677
v -1.774194 -0.022764 3.387097
v -1.774194 0.027106 3.064516
v -1.774194 0.221211 2.741935
v -1.774194 0.085864 2.419355
v -1.774194 -0.024461 2.096774
v -1.774194 -0.053051 1.774194
v -1.774194 -0.017947 1.451613
v -1.774194 -0.068911 1.129032
v -1.774194 0.137787 0.806452
v -1.774194 0.448315 0.483871
v -1.774194 0.036621 0.161290
v -1.774194 -0.501862 -0.161290
v -1.774194 -0.333256 -0.483871
v -1.774194 -0.001046 -0.806452
v -1.774194 -0.173268 -1.129032
v -1.774194 -0.128669 -1.451613
v -1.774194 -0.284920 -1.774194
v -1.774194 0.307090 -2.096774
v -1.774194 0.229214 -2.419355
v -1.774194 0.231952 -2.741935
v -1.774194 -0.051730 -3.064516
v -1.774194 0.031675 -3.387097
v -1.774194 -0.030407 -3.709677
v -1.774194 0.087898 -4.032258
v -1.774194 -0.041553 -4.354839
v -1.774194 0.001909 -4.677419
v -1.774194 0.000000 -5.000000
v -1.451613 0.000000 5.000000
v -1.451613 -0.013065 4.677419
v -1.451613 -0.078917 4.354839
v -1.451613 -0.038208 4.032258
v -1.451613 -0.069510 3.709677
v -1.451613 -0.014751 3.387097
v -1.451613 0.039556 3.064516
v -1.451613 0.082226 2.741935
v -1.451613 0.078559 2.419355
v -1.451613 -0.038919 2.096774
v -1.451613 -0.053536 1.774194
v -1.451613 0.031658 1.451613
v -1.451613 0.038714 1.129032
v -1.451613 -0.000906 0.806452
v -1.451613 -0.085638 0.483871
v -1.451613 -0.235546 0.161290
v -1.451613 -0.096898 -0.161290
v -1.451613 -0.417577 -0.483871
v -1.451613 -0.450883 -0.806452
v -1.451613 -0.422015 -1.129032
v -1.451613 0.031093 -1.451613
v -1.451613 0.108327 -1.774194
v -1.451613 0.386761 -2.096774
v -1.451613 0.296817 -2.419355
v -1.451613 -0.005384 -2.741935
v -1.451613 0.099058 -3.064516
v -1.451613 -0.029281 -3.387097
v -1.451613 -0.042133 -3.709677
v -1.451613 -0.063121 -4.032258
v -1.451613 0.017029 -4.354839
v -1.451613 -0.001150 -4.677419
v -1.451613 0.000000 -5.000000
v -1.129032 0.000000 5.000000
v -1.129032 -0.006980 4.677419
v -1.129032 -0.012120 4.354839
v -1.129032 -0.022806 4.032258
v -1.129032 -0.106452 3.709677
v -1.129032 -0.125627 3.387097
v -1.129032 0.000302 3.064516
v -1.129032 0.101495 2.741935
v -1.129032 -0.019276 2.419355
v -1.129032 0.162048 2.096774
v -1.129032 -0.054012 1.774194
v -1.129032 -0.306378 1.451613
v -1.129032 -0.374170 1.129032
v -1.129032 -0.154875 0.806452
v -1.129032 -0.042201 0.483871
v -1.129032 -0.558761 0.161290
v -1.129032 -0.181932 -0.161290
v -1.129032 -0.255257 -0.483871
v -1.129032 -0.278243 -0.806452
v -1.129032 -0.106595 -1.129032
v -1.129032 0.123178 -1.451613
v -1.129032 -0.056913 -1.774194
v -1.129032 0.246384 -2.096774
v -1.129032 -0.051303 -2.419355
v -1.129032 -0.237634 -2.741935
v -1.129032 -0.085388 -3.064516
v -1.129032 0.069026 -3.387097
v -1.129032 0.058300 -3.709677
v -1.129032 -0.103631 -4.032258
v -1.129032 -0.029172 -4.354839
v -1.129032 -0.009704 -4.677419
v -1.129032 0.000000 -5.000000
v -0.806452 0.000000 5.000000
v -0.806452 -0.011349 4.677419
v -0.806452 -0.046280 4.354839
v -0.806452 0.056322 4.032258
v -0.806452 -0.192678 3.709677
v -0.806452 0.008719 3.387097
v -0.806452 0.043117 3.064516
v -0.806452 -0.096104 2.741935
v -0.806452 -0.291610 2.419355
v -0.806452 -0.078862 2.096774
v -0.806452 -0.115110 1.774194
v -0.806452 -0.195695 1.451613
v -0.806452 -0.275054 1.129032
v -0.806452 -0.084799 0.806452
v -0.806452 0.120867 0.483871
v -0.806452 -0.116179 0.161290
v -0.806452 0.357921 -0.161290
v -0.806452 0.042946 -0.483871
v -0.806452 -0.083404 -0.806452
v -0.806452 0.013782 -1.129032
v -0.806452 -0.119150 -1.451613
v -0.806452 -0.252060 -1.774194
v -0.806452 -0.289522 -2.096774
v -0.806452 -0.383006 -2.419355
v -0.806452 -0.148324 -2.741935
v -0.806452 -0.005681 -3.064516
v -0.806452 -0.050156 -3.387097
v -0.806452 -0.066701 -3.709677
v -0.806452 -0.109143 -4.032258
v -0.806452 -0.076061 -4.354839
v -0.806452 0.000829 -4.677419
v -0.806452 0.000000 -5.000000
v -0.483871 0.000000 5.000000
v -0.483871 -0.002092 4.677419
v -0.483871 0.008999 4.354839
v -0.483871 -0.017531 4.032258
v -0.483871 0.029239 3.709677
v -0.483871 -0.019543 3.387097
v -0.483871 -0.069637 3.064516
v -0.483871 -0.089475 2.741935
v -0.483871 -0.216815 2.419355
v -0.483871 -0.325814 2.096774
v -0.483871 0.089859 1.774194
v -0.483871 -0.391546 1.451613
v -0.483871 0.005625 1.129032
v -0.483871 0.186223 0.806452
v -0.483871 0.004374 0.483871
v -0.483871 -0.174102 0.161290
v -0.483871 0.123270 -0.161290
v -0.483871 -0.111014 -0.483871
v -0.483871 -0.167285 -0.806452
v -0.483871 -0.136270 -1.129032
v -0.483871 -0.077884 -1.451613
v -0.483871 -0.058634 -1.774194
v -0.483871 -0.090068 -2.096774
v -0.483871 -0.032090 -2.419355
v -0.483871 0.002915 -2.741935
v -0.483871 0.010780 -3.064516
v -0.483871 -0.064496 -3.387097
v -0.483871 -0.104013 -3.709677
v -0.483871 -0.069618 -4.032258
v -0.483871 -0.022488 -4.354839
v -0.483871 0.012755 -4.677419
v -0.483871 0.000000 -5.000000
v -0.161290 0.000000 5.000000
v -0.161290 -0.005933 4.677419
v -0.161290 -0.012668 4.354839
v -0.161290 0.064187 4.032258
v -0.161290 0.182770 3.709677
v -0.161290 0.166447 3.387097
v -0.161290 0.170598 3.064516
v -0.161290 0.168200 2.741935
v -0.161290 0.078739 2.419355
v -0.161290 0.171766 2.096774
v -0.161290 -0.229467 1.774194
v -0.161290 -0.265329 1.451613
v -0.161290 -0.266487 1.129032
v -0.161290 -0.050821 0.806452
v -0.161290 0.214617 0.483871
v -0.161290 -0.319400 0.161290
v -0.161290 -0.176983 -0.161290
v -0.161290 -0.193624 -0.483871
v -0.161290 -0.160873 -0.806452
v -0.161290 0.316184 -1.129032
v -0.161290 0.235464 -1.451613
v -0.161290 0.207722 -1.774194
v -0.161290 0.463312 -2.096774
v -0.161290 0.140473 -2.419355
v -0.161290 0.152569 -2.741935
v -0.161290 -0.197857 -3.064516
v -0.161290 -0.128317 -3.387097
v -0.161290 -0.168789 -3.709677
v -0.161290 -0.030539 -4.032258
v -0.161290 0.004213 -4.354839
v -0.161290 -0.001641 -4.677419
v -0.161290 0.000000 -5.000000
v 0.161290 0.000000 5.000000
v 0.161290 0.012887 4.677419
v 0.161290 0.049148 4.354839
v 0.161290 0.063363 4.032258
v 0.161290 0.009736 3.709677
v 0.161290 0.062625 3.387097
v 0.161290 -0.088167 3.064516
v 0.161290 -0.006680 2.741935
v 0.161290 0.030803 2.419355
v 0.161290 0.070671 2.096774
v 0.161290 0.292784 1.774194
v 0.161290 -0.173411 1.451613
v 0.161290 -0.056380 1.129032
v 0.161290 0.029147 0.806452
v 0.161290 0.136923 0.483871
v 0.161290 0.190194 0.161290
v 0.161290 -0.035316 -0.161290
v 0.161290 -0.431257 -0.483871
v 0.161290 -0.254087 -0.806452
v 0.161290 -0.231437 -1.129032
v 0.161290 0.247726 -1.451613
v 0.161290 -0.096097 -1.774194
v 0.161290 -0.097369 -2.096774
v 0.161290 0.169816 -2.419355
v 0.161290 0.097304 -2.741935
v 0.161290 -0.176137 -3.064516
v 0.161290 0.005050 -3.387097
v 0.161290 -0.024533 -3.709677
v 0.161290 -0.111646 -4.032258
v 0.161290 -0.018744 -4.354839
v 0.161290 -0.000567 -4.677419
v 0.161290 0.000000 -5.000000
v 0.483871 0.000000 5.000000
v 0.483871 -0.000525 4.677419
v 0.483871 0.047642 4.354839
v 0.483871 0.140563 4.032258
v 0.483871 0.041324 3.709677
v 0.483871 -0.105577 3.387097
v 0.483871 -0.042584 3.064516
v 0.483871 0.085103 2.741935
v 0.483871 0.000073 2.419355
v 0.483871 -0.149508 2.096774
v 0.483871 -0.021850 1.774194
v 0.483871 -0.122583 1.451613
v 0.483871 0.269135 1.129032
v 0.483871 0.237116 0.806452
v 0.483871 0.159881 0.483871
v 0.483871 0.495156 0.161290
v 0.483871 -0.087050 -0.161290
v 0.483871 -0.136806 -0.483871
v 0.483871 0.026252 -0.806452
v 0.483871 -0.263532 -1.129032
v 0.483871 -0.191288 -1.451613
v 0.483871 0.071506 -1.774194
v 0.483871 0.028087 -2.096774
v 0.483871 -0.136038 -2.419355
v 0.483871 -0.202877 -2.741935
v 0.483871 -0.032572 -3.064516
v 0.483871 0.058444 -3.387097
v 0.483871 -0.045228 -3.709677
v 0.483871 -0.009493 -4.032258
v 0.483871 -0.021416 -4.354839
v 0.483871 -0.000355 -4.677419
v 0.483871 0.000000 -5.000000
v 0.806452 0.000000 5.000000
v 0.806452 -0.001317 4.677419
v 0.806452 0.015182 4.354839
v 0.806452 0.006471 4.032258
v 0.806452 0.007574 3.709677
v 0.806452 0.005644 3.387097
v 0.806452 0.051043 3.064516
v 0.806452 0.003412 2.741935
v 0.806452 -0.024614 2.419355
v 0.806452 -0.249492 2.096774
v 0.806452 -0.305242 1.774194
v 0.806452 0.038597 1.451613
v 0.806452 -0.379790 1.129032
v 0.806452 -0.193199 0.806452
v 0.806452 -0.104076 0.483871
v 0.806452 0.490665 0.161290
v 0.806452 0.351324 -0.161290
v 0.806452 0.284027 -0.483871
v 0.806452 -0.171213 -0.806452
v 0.806452 0.264847 -1.129032
v 0.806452 0.051558 -1.451613
v 0.806452 -0.057164 -1.774194
v 0.806452 -0.100498 -2.096774
v 0.806452 0.021700 -2.419355
v 0.806452 -0.029261 -2.741935
v 0.806452 -0.038566 -3.064516
v 0.806452 -0.132449 -3.387097
v 0.806452 -0.066212 -3.709677
v 0.806452 -0.085256 -4.032258
v 0.806452 -0.002339 -4.354839
v 0.806452 -0.002610 -4.677419
v 0.806452 0.000000 -5.000000
v 1.129032 0.000000 5.000000
v 1.129032 -0.019437 4.677419
v 1.129032 0.034368 4.354839
v 1.129032 -0.001581 4.032258
v 1.129032 -0.099663 3.709677
v 1.129032 0.109091 3.387097
v 1.129032 0.116345 3.064516
v 1.129032 0.179327 2.741935
v 1.129032 0.035711 2.419355
v 1.129032 -0.286666 2.096774
v 1.129032 -0.330685 1.774194
v 1.129032 0.150165 1.451613
v 1.129032 -0.031482 1.129032
v 1.129032 -0.451240 0.806452
v 1.129032 -0.192269 0.483871
v 1.129032 0.217899 0.161290
v 1.129032 0.087478 -0.161290
v 1.129032 0.067470 -0.483871
v 1.129032 -0.112613 -0.806452
v 1.129032 0.428424 -1.129032
v 1.129032 0.347026 -1.451613
v 1.129032 0.316161 -1.774194
v 1.129032 -0.000925 -2.096774
v 1.129032 -0.075813 -2.419355
v 1.129032 -0.060457 -2.741935
v 1.129032 0.061031 -3.064516
v 1.129032 -0.085911 -3.387097
v 1.129032 -0.084721 -3.709677
v 1.129032 -0.092571 -4.032258
v 1.129032 0.025631 -4.354839
v 1.129032 -0.014545 -4.677419
v 1.129032 0.000000 -5.000000
v 1.451613 0.000000 5.000000
v 1.451613 -0.009769 4.677419
v 1.451613 -0.060301 4.354839
v 1.451613 0.024970 4.032258
v 1.451613 0.144938 3.709677
v 1.451613 0.134943 3.387097
v 1.451613 0.061919 3.064516
v 1.451613 0.118448 2.741935
v 1.451613 0.152827 2.419355
v 1.451613 -0.123681 2.096774
v 1.451613 0.086672 1.774194
v 1.451613 -0.125049 1.451613
v 1.451613 -0.028274 1.129032
v 1.451613 -0.205970 0.806452
v 1.451613 -0.173906 0.483871
v 1.451613 0.020369 0.161290
v 1.451613 -0.284808 -0.161290
v 1.451613 -0.315369 -0.483871
v 1.451613 -0.349667 -0.806452
v 1.451613 0.191267 -1.129032
v 1.451613 0.203130 -1.451613
v 1.451613 0.299078 -1.774194
v 1.451613 -0.120353 -2.096774
v 1.451613 -0.090068 -2.419355
v 1.451613 0.085936 -2.741935
v 1.451613 0.152099 -3.064516
v 1.451613 0.174664 -3.387097
v 1.451613 -0.075537 -3.709677
v 1.451613 -0.021316 -4.032258
v 1.451613 -0.077101 -4.354839
v 1.451613 -0.016448 -4.677419
v 1.451613 0.000000 -5.000000
v 1.774194 0.000000 5.000000
v 1.774194 -0.005813 4.677419
v 1.774194 -0.024389 4.354839
v 1.774194 -0.002310 4.032258
v 1.774194 0.063937 3.709677
v 1.774194 0.020537 3.387097
v 1.774194 -0.030770 3.064516
v 1.774194 -0.153951 2.741935
v 1.774194 -0.049987 2.419355
v 1.774194 0.123709 2.096774
v 1.774194 0.079547 1.774194
v 1.774194 0.143439 1.451613
v 1.774194 0.021671 1.129032
v 1.774194 0.298155 0.806452
v 1.774194 -0.183497 0.483871
v 1.774194 -0.360210 0.161290
v 1.774194 -0.182297 -0.161290
v 1.774194 -0.189185 -0.483871
v 1.774194 -0.165075 -0.806452
v 1.774194 -0.274265 -1.129032
v 1.774194 0.020722 -1.451613
v 1.774194 0.125923 -1.774194
v 1.774194 0.031653 -2.096774
v 1.774194 0.062116 -2.419355
v 1.774194 -0.041788 -2.741935
v 1.774194 0.113948 -3.064516
v 1.774194 0.232473 -3.387097
v 1.774194 -0.085246 -3.709677
v 1.774194 -0.011031 -4.032258
v 1.774194 0.025846 -4.354839
v 1.774194 -0.002310 -4.677419
v 1.774194 0.000000 -5.000000
v 2.096774 0.000000 5.000000
v 2.096774 -0.001640 4.677419
v 2.096774 -0.025316 4.354839
v 2.096774 0.021547 4.032258
v 2.096774 0.220656 3.709677
v 2.096774 -0.110339 3.387097
v 2.096774 -0.141049 3.064516
v 2.096774 0.000370 2.741935
v 2.096774 -0.262808 2.419355
v 2.096774 -0.048131 2.096774
v 2.096774 0.136040 1.774194
v 2.096774 0.195338 1.451613
v 2.096774 -0.081615 1.129032
v 2.096774 -0.206699 0.806452
v 2.096774 0.031879 0.483871
v 2.096774 0.101702 0.161290
v 2.096774 -0.207933 -0.161290
v 2.096774 -0.417105 -0.483871
v 2.096774 -0.310974 -0.806452
v 2.096774 -0.202309 -1.129032
v 2.096774 0.216104 -1.451613
v 2.096774 -0.025642 -1.774194
v 2.096774 -0.298571 -2.096774
v 2.096774 0.074288 -2.419355
v 2.096774 0.002904 -2.741935
v 2.096774 0.112249 -3.064516
v 2.096774 0.006422 -3.387097
v 2.096774 -0.103511 -3.709677
v 2.096774 -0.031049 -4.032258
v 2.096774 0.050567 -4.354839
v 2.096774 -0.001089 -4.677419
v 2.096774 0.000000 -5.000000
v 2.419355 0.000000 5.000000
v 2.419355 -0.005190 4.677419
v 2.419355 -0.034674 4.354839
v 2.419355 -0.083645 4.032258
v 2.419355 0.070019 3.709677
v 2.419355 0.049156 3.387097
v 2.419355 -0.042068 3.064516
v 2.419355 -0.176426 2.741935
v 2.419355 0.081161 2.419355
v 2.419355 -0.426959 2.096774
v 2.419355 0.037980 1.774194
v 2.419355 0.039054 1.451613
v 2.419355 -0.338410 1.129032
v 2.419355 0.097358 0.806452
v 2.419355 0.029746 0.483871
v 2.419355 0.350855 0.161290
v 2.419355 0.284054 -0.161290
v 2.419355 -0.202308 -0.483871
v 2.419355 -0.237473 -0.806452
v 2.419355 -0.071239 -1.129032
v 2.419355 -0.139238 -1.451613
v 2.419355 0.290917 -1.774194
v 2.419355 0.053432 -2.096774
v 2.419355 -0.123269 -2.419355
v 2.419355 -0.007358 -2.741935
v 2.419355 0.018084 -3.064516
v 2.419355 0.004361 -3.387097
v 2.419355 -0.086496 -3.709677
v 2.419355 -0.011308 -4.032258
v 2.419355 0.018791 -4.354839
v 2.419355 -0.003650 -4.677419
v 2.419355 0.000000 -5.000000
v 2.741935 0.000000 5.000000
v 2.741935 0.004304 4.677419
v 2.741935 0.007532 4.354839
v 2.741935 0.022035 4.032258
v 2.741935 0.063007 3.709677
v 2.741935 -0.056782 3.387097
v 2.741935 -0.055291 3.064516
v 2.741935 -0.134476 2.741935
v 2.741935 0.133904 2.419355
v 2.741935 0.093839 2.096774
v 2.741935 0.079561 1.774194
v 2.741935 -0.338912 1.451613
v 2.741935 -0.104477 1.129032
v 2.741935 -0.007730 0.806452
v 2.741935 -0.165914 0.483871
v 2.741935 0.128150 0.161290
v 2.741935 -0.018255 -0.161290
v 2.741935 0.198243 -0.483871
v 2.741935 0.082330 -0.806452
v 2.741935 0.192882 -1.129032
v 2.741935 0.045724 -1.451613
v 2.741935 0.332623 -1.774194
v 2.741935 0.242064 -2.096774
v 2.741935 0.053238 -2.419355
v 2.741935 0.058108 -2.741935
v 2.741935 -0.121663 -3.064516
v 2.741935 0.058245 -3.387097
v 2.741935 -0.002045 -3.709677
v 2.741935 0.016233 -4.032258
v 2.741935 0.016160 -4.354839
v 2.741935 -0.002699 -4.677419
v 2.741935 0.000000 -5.000000
v 3.064516 0.000000 5.000000
v 3.064516 0.000351 4.677419
v 3.064516 0.006915 4.354839
v 3.064516 -0.034631 4.032258
v 3.064516 -0.097710 3.709677
v 3.064516 -0.006484 3.387097
v 3.064516 0.001464 3.064516
v 3.064516 0.133214 2.741935
v 3.064516 0.098679 2.419355
v 3.064516 -0.078711 2.096774
v 3.064516 -0.220293 1.774194
v 3.064516 -0.281058 1.451613
v 3.064516 -0.127366 1.129032
v 3.064516 -0.055577 0.806452
v 3.064516 0.006219 0.483871
v 3.064516 -0.010289 0.161290
v 3.064516 0.029283 -0.161290
v 3.064516 -0.135722 -0.483871
v 3.064516 0.044130 -0.806452
v 3.064516 0.073307 -1.129032
v 3.064516 0.195070 -1.451613
v 3.064516 0.039540 -1.774194
v 3.064516 0.250652 -2.096774
v 3.064516 0.007500 -2.419355
v 3.064516 0.066148 -2.741935
v 3.064516 0.042799 -3.064516
v 3.064516 0.151483 -3.387097
v 3.064516 0.061214 -3.709677
v 3.064516 0.025761 -4.032258
v 3.064516 -0.004073 -4.354839
v 3.064516 -0.001801 -4.677419
v 3.064516 0.000000 -5.000000
v 3.387097 0.000000 5.000000
v 3.387097 -0.000091 4.677419
v 3.387097 -0.005012 4.354839
v 3.387097 -0.008743 4.032258
v 3.387097 0.019995 3.709677
v 3.387097 0.093391 3.387097
v 3.387097 0.105732 3.064516
v 3.387097 0.017733 2.741935
v 3.387097 -0.039465 2.419355
v 3.387097 -0.069881 2.096774
v 3.387097 0.039412 1.774194
v 3.387097 0.026561 1.451613
v 3.387097 -0.116193 1.129032
v 3.387097 -0.109829 0.806452
v 3.387097 -0.106024 0.483871
v 3.387097 0.065834 0.161290
v 3.387097 0.006125 -0.161290
v 3.387097 0.093647 -0.483871
v 3.387097 -0.255724 -0.806452
v 3.387097 -0.047304 -1.129032
v 3.387097 0.283147 -1.451613
v 3.387097 0.174984 -1.774194
v 3.387097 0.284478 -2.096774
v 3.387097 0.110933 -2.419355
v 3.387097 -0.000720 -2.741935
v 3.387097 0.030941 -3.064516
v 3.387097 0.028988 -3.387097
v 3.387097 -0.035084 -3.709677
v 3.387097 0.033773 -4.032258
v 3.387097 0.004119 -4.354839
v 3.387097 0.000044 -4.677419
v 3.387097 0.000000 -5.000000
v 3.709677 0.000000 5.000000
v 3.709677 0.000000 4.677419
v 3.709677 -0.000770 4.354839
v 3.709677 -0.024796 4.032258
v 3.709677 -0.034882 3.709677
v 3.709677 -0.042771 3.387097
v 3.709677 0.045335 3.064516
v 3.709677 -0.026232 2.741935
v 3.709677 0.009434 2.419355
v 3.709677 0.057526 2.096774
v 3.709677 -0.042039 1.774194
v 3.709677 -0.022968 1.451613
v 3.709677 0.008619 1.129032
v 3.709677 -0.006448 0.806452
v 3.709677 0.018754 0.483871
v 3.709677 0.073690 0.161290
v 3.709677 0.141503 -0.161290
v 3.709677 0.097517 -0.483871
v 3.709677 -0.045250 -0.806452
v 3.709677 0.133414 -1.129032
v 3.709677 0.133247 -1.451613
v 3.709677 0.069493 -1.774194
v 3.709677 -0.027946 -2.096774
v 3.709677 -0.047626 -2.419355
v 3.709677 -0.078652 -2.741935
v 3.709677 -0.029057 -3.064516
v 3.709677 -0.030404 -3.387097
v 3.709677 -0.003779 -3.709677
v 3.709677 -0.015871 -4.032258
v 3.709677 -0.002158 -4.354839
v 3.709677 0.000000 -4.677419
v 3.709677 0.000000 -5.000000
v 4.032258 0.000000 5.000000
v 4.032258 0.000000 4.677419
v 4.032258 0.000000 4.354839
v 4.032258 0.002799 4.032258
v 4.032258 0.002346 3.709677
v 4.032258 0.001556 3.387097
v 4.032258 0.014222 3.064516
v 4.032258 -0.030209 2.741935
v 4.032258 -0.063338 2.419355
v 4.032258 -0.089174 2.096774
v 4.032258 0.013620 1.774194
v 4.032258 0.048250 1.451613
v 4.032258 0.156059 1.129032
v 4.032258 0.094817 0.806452
v 4.032258 -0.005295 0.483871
v 4.032258 -0.087856 0.161290
v 4.032258 0.125664 -0.161290
v 4.032258 0.100720 -0.483871
v 4.032258 0.046690 -0.806452
v 4.032258 -0.002398 -1.129032
v 4.032258 -0.049855 -1.451613
v 4.032258 -0.041797 -1.774194
v 4.032258 -0.057546 -2.096774
v 4.032258 0.013640 -2.419355
v 4.032258 -0.040381 -2.741935
v 4.032258 0.006250 -3.064516
v 4.032258 0.005529 -3.387097
v 4.032258 -0.002429 -3.709677
v 4.032258 0.005001 -4.032258
v 4.032258 0.000000 -4.354839
v 4.032258 0.000000 -4.677419
v 4.032258 0.000000 -5.000000
v 4.354839 0.000000 5.000000
v 4.354839 0.000000 4.677419
v 4.354839 0.000000 4.354839
v 4.354839 0.000000 4.032258
v 4.354839 0.002485 3.709677
v 4.354839 -0.002597 3.387097
v 4.354839 0.021946 3.064516
v 4.354839 0.016211 2.741935
v 4.354839 0.006985 2.419355
v 4.354839 -0.002185 2.096774
v 4.354839 0.012780 1.774194
v 4.354839 -0.020639 1.451613
v 4.354839 0.017311 1.129032
v 4.354839 -0.038722 0.806452
v 4.354839 0.034318 0.483871
v 4.354839 -0.017034 0.161290
v 4.354839 0.043896 -0.161290
v 4.354839 0.031407 -0.483871
v 4.354839 0.029960 -0.806452
v 4.354839 -0.055128 -1.129032
v 4.354839 -0.037515 -1.451613
v 4.354839 -0.022800 -1.774194
v 4.354839 -0.003766 -2.096774
v 4.354839 -0.027998 -2.419355
v 4.354839 0.015384 -2.741935
v 4.354839 0.015128 -3.064516
v 4.354839 0.007762 -3.387097
v 4.354839 0.001110 -3.709677
v 4.354839 0.000000 -4.032258
v 4.354839 0.000000 -4.354839
v 4.354839 0.000000 -4.677419
v 4.354839 0.000000 -5.000000
v 4.677419 0.000000 5.000000
v 4.677419 0.000000 4.677419
v 4.677419 0.000000 4.354839
v 4.677419 0.000000 4.032258
v 4.677419 0.000000 3.709677
v 4.677419 0.000065 3.387097
v 4.677419 -0.000550 3.064516
v 4.677419 -0.002214 2.741935
v 4.677419 0.000324 2.419355
v 4.677419 -0.001397 2.096774
v 4.677419 -0.004075 1.774194
v 4.677419 0.001180 1.451613
v 4.677419 0.005440 1.129032
v 4.677419 -0.004449 0.806452
v 4.677419 -0.007666 0.483871
v 4.677419 0.000822 0.161290
v 4.677419 -0.000895 -0.161290
v 4.677419 -0.002319 -0.483871
v 4.677419 0.009947 -0.806452
v 4.677419 -0.012278 -1.129032
v 4.677419 -0.014313 -1.451613
v 4.677419 -0.001474 -1.774194
v 4.677419 -0.004831 -2.096774
v 4.677419 -0.000587 -2.419355
v 4.677419 0.004154 -2.741935
v 4.677419 0.001493 -3.064516
v 4.677419 0.000093 -3.387097
v 4.677419 0.000000 -3.709677
v 4.677419 0.000000 -4.032258
v 4.677419 0.000000 -4.354839
v 4.677419 0.000000 -4.677419
v 4.677419 0.000000 -5.000000
v 5.000000 0.000000 5.000000
v 5.000000 0.000000 4.677419
v 5.000000 0.000000 4.354839
v 5.000000 0.000000 4.032258
v 5.000000 0.000000 3.709677
v 5.000000 0.000000 3.387097
v 5.000000 0.000000 3.064516
v 5.000000 0.000000 2.741935
v 5.000000 0.000000 2.419355
v 5.000000 0.000000 2.096774
v 5.000000 0.000000 1.774194
v 5.000000 0.000000 1.451613
v 5.000000 0.000000 1.129032
v 5.000000 0.000000 0.806452
v 5.000000 0.000000 0.483871
v 5.000000 0.000000 0.161290
v 5.000000 0.000000 -0.161290
v 5.000000 0.000000 -0.483871
v 5.000000 0.000000 -0.806452
v 5.000000 0.000000 -1.129032
v 5.000000 0.000000 -1.451613
v 5.000000 0.000000 -1.774194
v 5.000000 0.000000 -2.096774
v 5.000000 0.000000 -2.419355
v 5.000000 0.000000 -2.741935
v 5.000000 0.000000 -3.064516
v 5.000000 0.000000 -3.387097
v 5.000000 0.000000 -3.709677
v 5.000000 0.000000 -4.032258
v 5.000000 0.000000 -4.354839
v 5.000000 0.000000 -4.677419
v 5.000000 0.000000 -5.000000
s 1
f 2 1 33 34
f 3 2 34 35
f 4 3 35 36
f 5 4 36 37
f 6 5 37 38
f 7 6 38 39
f 8 7 39 40
f 9 8 40 41
f 10 9 41 42
f 11 10 42 43
f 12 11 43 44
f 13 12 44 45
f 14 13 45 46
f 15 14 46 47
f 16 15 47 48
f 17 16 48 49
f 18 17 49 50
f 19 18 50 51
f 20 19 51 52
f 21 20 52 53
f 22 21 53 54
f 23 22 54 55
f 24 23 55 56
f 25 24 56 57
f 26 25 57 58
f 27 26 58 59
f 28 27 59 60
f 29 28 60 61
f 30 29 61 62
f 31 30 62 63
f 32 31 63 64
f 34 33 65 66
f 35 34 66 67
f 36 35 67 68
f 37 36 68 69
f 38 37 69 70
f 39 38 70 71
f 40 39 71 72
f 41 40 72 73
f 42 41 73 74
f 43 42 74 75
f 44 43 75 76
f 45 44 76 77
f 46 45 77 78
f 47 46 78 79
f 48 47 79 80
f 49 48 80 81
f 50 49 81 82
f 51 50 82 83
f 52 51 83 84
f 53 52 84 85
f 54 53 85 86
f 55 54 86 87
f 56 55 87 88
f 57 56 88 89
f 58 57 89 90
f 59 58 90 91
f 60 59 91 92
f 61 60 92 93
f 62 61 93 94
f 63 62 94 95
f 64 63 95 96
f 66 65 97 98
f 67 66 98 99
f 68 67 99 100
f 69 68 100 101
f 70 69 101 102
f 71 70 102 103
f 72 71 103 104
f 73 72 104 105
f 74 73 105 106
f 75 74 106 107
f 76 75 107 108
f 77 76 108 109
f 78 77 109 110
f 79 78 110 111
f 80 79 111 112
f 81 80 112 113
f 82 81 113 114
f 83 82 114 115
f 84 83 115 116
f 85 84 116 117
f 86 85 117 118
f 87 86 118 119
f 88 87 119 120
f 89 88 120 121
f 90 89 121 122
f 91 90 122 123
f 92 91 123 124
f 93 92 124 125
f 94 93 125 126
f 95 94 126 127
f 96 95 127 128
f 98 97 129 130
f 99 98 130 131
f 100 99 131 132
f 101 100 132 133
f 102 101 133 134
f 103 102 134 135
f 104 103 135 136
f 105 104 136 137
f 106 105 137 138
f 107 106 138 139
f 108 107 139 140
f 109 108 140 141
f 110 109 141 142
f 111 110 142 143
f 112 111 143 144
f 113 112 144 145
f 114 113 145 146
f 115 114 146 147
f 116 115 147 148
f 117 116 148 149
f 118 117 149 150
f 119 118 150 151
f 120 119 151 152
f 121 120 152 153
f 122 121 153 154
f 123 122 154 155
f 124 123 155 156
f 125 124 156 157
f 126 125 157 158
f 127 126 158 159
f 128 127 159 160
f 130 129 161 162
f 131 130 162 163
f 132 131 163 164
f 133 132 164 165
f 134 133 165 166
f 135 134 166 167
f 136 135 167 168
f 137 136 168 169
f 138 137 169 170
f 139 138 170 171
f 140 139 171 172
f 141 140 172 173
f 142 141 173 174
f 143 142 174 175
f 144 143 175 176
f 145 144 176 177
f 146 145 177 178
f 147 146 178 179
f 148 147 179 180
f 149 148 180 181
f 150 149 181 182
f 151 150 182 183
f 152 151 183 184
f 153 152 184 185
f 154 153 185 186
f 155 154 186 187
f 156 155 187 188
f 157 156 188 189
f 158 157 189 190
f 159 158 190 191
f 160 159 191 192
f 162 161 193 194
f 163 162 194 195
f 164 163 195 196
f 165 164 196 197
f 166 165 197 198
f 167 166 198 199
f 168 167 199 200
f 169 168 200 201
f 170 169 201 202
f 171 170 202 203
f 172 171 203 204
f 173 172 204 205
f 174 173 205 206
f 175 174 206 207
f 176 175 207 208
f 177 176 208 209
f 178 177 209 210
f 179 178 210 211
f 180 179 211 212
f 181 180 212 213
f 182 181 213 214
f 183 182 214 215
f 184 183 215 216
f 185 184 216 217
f 186 185 217 218
f 187 186 218 219
f 188 187 219 220
f 189 188 220 221
f 190 189 221 222
f 191 190 222 223
f 192 191 223 224
f 194 193 225 226
f 195 194 226 227
f 196 195 227 228
f 197 196 228 229
f 198 197 229 230
f 199 198 230 231
f 200 199 231 232
f 201 200 232 233
f 202 201 233 234
f 203 202 234 235
f 204 203 235 236
f 205 204 236 237
f 206 205 237 238
f 207 206 238 239
f 208 207 239 240
f 209 208 240 241
f 210 209 241 242
f 211 210 242 243
f 212 211 243 244
f 213 212 244 245
f 214 213 245 246
f 215 214 246 247
f 216 215 247 248
f 217 216 248 249
f 218 217 249 250
f 219 218 250 251
f 220 219 251 252
f 221 220 252 253
f 222 221 253 254
f 223 222 254 255
f 224 223 255 256
f 226 225 257 258
f 227 226 258 259
f 228 227 259 260
f 229 228 260 261
f 230 229 261 262
f 231 230 262 263
f 232 231 263 264
f 233 232 264 265
f 234 233 265 266
f 235 234 266 267
f 236 235 267 268
f 237 236 268 269
f 238 237 269 270
f 239 238 270 271
f 240 239 271 272
f 241 240 272 273
f 242 241 273 274
f 243 242 274 275
f 244 243 275 276
f 245 244 276 277
f 246 245 277 278
f 247 246 278 279
f 248 247 279 280
f 249 248 280 281
f 250 249 281 282
f 251 250 282 283
f 252 251 283 284
f 253 252 284 285
f 254 253 285 286
f 255 254 286 287
f 256 255 287 288
f 258 257 289 290
f 259 258 290 291
f 260 259 291 292
f 261 260 292 293
f 262 261 293 294
f 263 262 294 295
f 264 263 295 296
f 265 264 296 297
f 266 265 297 298
f 267 266 298 299
f 268 267 299 300
f 269 268 300 301
f 270 269 301 302
f 271 270 302 303
f 272 271 303 304
f 273 272 304 305
f 274 273 305 306
f 275 274 306 307
f 276 275 307 308
f 277 276 308 309
f 278 277 309 310
f 279 278 310 311
f 280 279 311 312
f 281 280 312 313
f 282 281 313 314
f 283 282 314 315
f 284 283 315 316
f 285 284 316 317
f 286 285 317 318
f 287 286 318 319
f 288 287 319 320
f 290 289 321 322
f 291 290 322 323
f 292 291 323 324
f 293 292 324 325
f 294 293 325 326
f 295 294 326 327
f 296 295 327 328
f 297 296 328 329
f 298 297 329 330
f 299 298 330 331
f 300 299 331 332
f 301 300 332 333
f 302 301 333 334
f 303 302 334 335
f 304 303 335 336
f 305 304 336 337
f 306 305 337 338
f 307 306 338 339
f 308 307 339 340
f 309 308 340 341
f 310 309 341 342
f 311 310 342 343
f 312 311 343 344
f 313 312 344 345
f 314 313 345 346
f 315 314 346 347
f 316 315 347 348
f 317 316 348 349
f 318 317 349 350
f 319 318 350 351
f 320 319 351 352
f 322 321 353 354
f 323 322 354 355
f 324 323 355 356
f 325 324 356 357
f 326 325 357 358
f 327 326 358 359
f 328 327 359 360
f 329 328 360 361
f 330 329 361 362
f 331 330 362 363
f 332 331 363 364
f 333 332 364 365
f 334 333 365 366
f 335 334 366 367
f 336 335 367 368
f 337 336 368 369
f 338 337 369 370
f 339 338 370 371
f 340 339 371 372
f 341 340 372 373
f 342 341 373 374
f 343 342 374 375
f 344 343 375 376
f 345 344 376 377
f 346 345 377 378
f 347 346 378 379
f 348 347 379 380
f 349 348 380 381
f 350 349 381 382
f 351 350 382 383
f 352 351 383 384
f 354 353 385 386
f 355 354 386 387
f 356 355 387 388
f 357 356 388 389
f 358 357 389 390
f 359 358 390 391
f 360 359 391 392
f 361 360 392 393
f 362 361 393 394
f 363 362 394 395
f 364 363 395 396
f 365 364 396 397
f 366 365 397 398
f 367 366 398 399
f 368 367 399 400
f 369 368 400 401
f 370 369 401 402
f 371 370 402 403
f 372 371 403 404
f 373 372 404 405
f 374 373 405 406
f 375 374 406 407
f 376 375 407 408
f 377 376 408 409
f 378 377 409 410
f 379 378 410 411
f 380 379 411 412
f 381 380 412 413
f 382 381 413 414
f 383 382 414 415
f 384 383 415 416
f 386 385 417 418
f 387 386 418 419
f 388 387 419 420
f 389 388 420 421
f 390 389 421 422
f 391 390 422 423
f 392 391 423 424
f 393 392 424 425
f 394 393 425 426
f 395 394 426 427
f 396 395 427 428
f 397 396 428 429
f 398 397 429 430
f 399 398 430 431
f 400 399 431 432
f 401 400 432 433
f 402 401 433 434
f 403 402 434 435
f 404 403 435 436
f 405 404 436 437
f 406 405 437 438
f 407 406 438 439
f 408 407 439 440
f 409 408 440 441
f 410 409 441 442
f 411 410 442 443
f 412 411 443 444
f 413 412 444 445
f 414 413 445 446
f 415 414 446 447
f 416 415 447 448
f 418 417 449 450
f 419 418 450 451
f 420 419 451 452
f 421 420 452 453
f 422 421 453 454
f 423 422 454 455
f 424 423 455 456
f 425 424 456 457
f 426 425 457 458
f 427 426 458 459
f 428 427 459 460
f 429 428 460 461
f 430 429 461 462
f 431 430 462 463
f 432 431 463 464
f 433 432 464 465
f 434 433 465 466
f 435 434 466 467
f 436 435 467 468
f 437 436 468 469
f 438 437 469 470
f 439 438 470 471
f 440 439 471 472
f 441 440 472 473
f 442 441 473 474
f 443 442 474 475
f 444 443 475 476
f 445 444 476 477
f 446 445 477 478
f 447 446 478 479
f 448 447 479 480
f 450 449 481 482
f 451 450 482 483
f 452 451 483 484
f 453 452 484 485
f 454 453 485 486
f 455 454 486 487
f 456 455 487 488
f 457 456 488 489
f 458 457 489 490
f 459 458 490 491
f 460 459 491 492
f 461 460 492 493
f 462 461 493 494
f 463 462 494 495
f 464 463 495 496
f 465 464 496 497
f 466 465 497 498
f 467 466 498 499
f 468 467 499 500
f 469 468 500 501
f 470 469 501 502
f 471 470 502 503
f 472 471 503 504
f 473 472 504 505
f 474 473 505 506
f 475 474 506 507
f 476 475 507 508
f 477 476 508 509
f 478 477 509 510
f 479 478 510 511
f 480 479 511 512
f 482 481 513 514
f 483 482 514 515
f 484 483 515 516
f 485 484 516 517
f 486 485 517 518
f 487 486 518 519
f 488 487 519 520
f 489 488 520 521
f 490 489 521 522
f 491 490 522 523
f 492 491 523 524
f 493 492 524 525
f 494 493 525 526
f 495 494 526 527
f 496 495 527 528
f 497 496 528 529
f 498 497 529 530
f 499 498 530 531
f 500 499 531 532
f 501 500 532 533
f 502 501 533 534
f 503 502 534 535
f 504 503 535 536
f 505 504 536 537
f 506 505 537 538
f 507 506 538 539
f 508 507 539 540
f 509 508 540 541
f 510 509 541 542
f 511 510 542 543
f 512 511 543 544
f 514 513 545 546
f 515 514 546 547
f 516 515 547 548
f 517 516 548 549
f 518 517 549 550
f 519 518 550 551
f 520 519 551 552
f 521 520 552 553
f 522 521 553 554
f 523 522 554 555
f 524 523 555 556
f 525 524 556 557
f 526 525 557 558
f 527 526 558 559
f 528 527 559 560
f 529 528 560 561
f 530 529 561 562
f 531 530 562 563
f 532 531 563 564
f 533 532 564 565
f 534 533 565 566
f 535 534 566 567
f 536 535 567 568
f 537 536 568 569
f 538 537 569 570
f 539 538 570 571
f 540 539 571 572
f 541 540 572 573
f 542 541 573 574
f 543 542 574 575
f 544 543 575 576
f 546 545 577 578
f 547 546 578 579
f 548 547 579 580
f 549 548 580 581
f 550 549 581 582
f 551 550 582 583
f 552 551 583 584
f 553 552 584 585
f 554 553 585 586
f 555 554 586 587
f 556 555 587 588
f 557 556 588 589
f 558 557 589 590
f 559 558 590 591
f 560 559 591 592
f 561 560 592 593
f 562 561 593 594
f 563 562 594 595
f 564 563 595 596
f 565 564 596 597
f 566 565 597 598
f 567 566 598 599
f 568 567 599 600
f 569 568 600 601
f 570 569 601 602
f 571 570 602 603
f 572 571 603 604
f 573 572 604 605
f 574 573 605 606
f 575 574 606 607
f 576 575 607 608
f 578 577 609 610
f 579 578 610 611
f 580 579 611 612
f 581 580 612 613
f 582 581 613 614
f 583 582 614 615
f 584 583 615 616
f 585 584 616 617
f 586 585 617 618
f 587 586 618 619
f 588 587 619 620
f 589 588 620 621
f 590 589 621 622
f 591 590 622 623
f 592 591 623 624
f 593 592 624 625
f 594 593 625 626
f 595 594 626 627
f 596 595 627 628
f 597 596 628 629
f 598 597 629 630
f 599 598 630 631
f 600 599 631 632
f 601 600 632 633
f 602 601 633 634
f 603 602 634 635
f 604 603 635 636
f 605 604 636 637
f 606 605 637 638
f 607 606 638 639
f 608 607 639 640
f 610 609 641 642
f 611 610 642 643
f 612 611 643 644
f 613 612 644 645
f 614 613 645 646
f 615 614 646 647
f 616 615 647 648
f 617 616 648 649
f 618 617 649 650
f 619 618 650 651
f 620 619 651 652
f 621 620 652 653
f 622 621 653 654
f 623 622 654 655
f 624 623 655 656
f 625 624 656 657
f 626 625 657 658
f 627 626 658 659
f 628 627 659 660
f 629 628 660 661
f 630 629 661 662
f 631 630 662 663
f 632 631 663 664
f 633 632 664 665
f 634 633 665 666
f 635 634 666 667
f 636 635 667 668
f 637 636 668 669
f 638 637 669 670
f 639 638 670 671
f 640 639 671 672
f 642 641 673 674
f 643 642 674 675
f 644 643 675 676
f 645 644 676 677
f 646 645 677 678
f 647 646 678 679
f 648 647 679 680
f 649 648 680 681
f 650 649 681 682
f 651 650 682 683
f 652 651 683 684
f 653 652 684 685
f 654 653 685 686
f 655 654 686 687
f 656 655 687 688
f 657 656 688 689
f 658 657 689 690
f 659 658 690 691
f 660 659 691 692
f 661 660 692 693
f 662 661 693 694
f 663 662 694 695
f 664 663 695 696
f 665 664 696 697
f 666 665 697 698
f 667 666 698 699
f 668 667 699 700
f 669 668 700 701
f 670 669 701 702
f 671 670 702 703
f 672 671 703 704
f 674 673 705 706
f 675 674 706 707
f 676 675 707 708
f 677 676 708 709
f 678 677 709 710
f 679 678 710 711
f 680 679 711 712
f 681 680 712 713
f 682 681 713 714
f 683 682 714 715
f 684 683 715 716
f 685 684 716 717
f 686 685 717 718
f 687 686 718 719
f 688 687 719 720
f 689 688 720 721
f 690 689 721 722
f 691 690 722 723
f 692 691 723 724
f 693 692 724 725
f 694 693 725 726
f 695 694 726 727
f 696 695 727 728
f 697 696 728 729
f 698 697 729 730
f 699 698 730 731
f 700 699 731 732
f 701 700 732 733
f 702 701 733 734
f 703 702 734 735
f 704 703 735 736
f 706 705 737 738
f 707 706 738 739
f 708 707 739 740
f 709 708 740 741
f 710 709 741 742
f 711 710 742 743
f 712 711 743 744
f 713 712 744 745
f 714 713 745 746
f 715 714 746 747
f 716 715 747 748
f 717 716 748 749
f 718 717 749 750
f 719 718 750 751
f 720 719 751 752
f 721 720 752 753
f 722 721 753 754
f 723 722 754 755
f 724 723 755 756
f 725 724 756 757
f 726 725 757 758
f 727 726 758 759
f 728 727 759 760
f 729 728 760 761
f 730 729 761 762
f 731 730 762 763
f 732 731 763 764
f 733 732 764 765
f 734 733 765 766
f 735 734 766 767
f 736 735 767 768
f 738 737 769 770
f 739 738 770 771
f 740 739 771 772
f 741 740 772 773
f 742 741 773 774
f 743 742 774 775
f 744 743 775 776
f 745 744 776 777
f 746 745 777 778
f 747 746 778 779
f 748 747 779 780
f 749 748 780 781
f 750 749 781 782
f 751 750 782 783
f 752 751 783 784
f 753 752 784 785
f 754 753 785 786
f 755 754 786 787
f 756 755 787 788
f 757 756 788 789
f 758 757 789 790
f 759 758 790 791
f 760 759 791 792
f 761 760 792 793
f 762 761 793 794
f 763 762 794 795
f 764 763 795 796
f 765 764 796 797
f 766 765 797 798
f 767 766 798 799
f 768 767 799 800
f 770 769 801 802
f 771 770 802 803
f 772 771 803 804
f 773 772 804 805
f 774 773 805 806
f 775 774 806 807
f 776 775 807 808
f 777 776 808 809
f 778 777 809 810
f 779 778 810 811
f 780 779 811 812
f 781 780 812 813
f 782 781 813 814
f 783 782 814 815
f 784 783 815 816
f 785 784 816 817
f 786 785 817 818
f 787 786 818 819
f 788 787 819 820
f 789 788 820 821
f 790 789 821 822
f 791 790 822 823
f 792 791 823 824
f 793 792 824 825
f 794 793 825 826
f 795 794 826 827
f 796 795 827 828
f 797 796 828 829
f 798 797 829 830
f 799 798 830 831
f 800 799 831 832
f 802 801 833 834
f 803 802 834 835
f 804 803 835 836
f 805 804 836 837
f 806 805 837 838
f 807 806 838 839
f 808 807 839 840
f 809 808 840 841
f 810 809 841 842
f 811 810 842 843
f 812 811 843 844
f 813 812 844 845
f 814 813 845 846
f 815 814 846 847
f 816 815 847 848
f 817 816 848 849
f 818 817 849 850
f 819 818 850 851
f 820 819 851 852
f 821 820 852 853
f 822 821 853 854
f 823 822 854 855
f 824 823 855 856
f 825 824 856 857
f 826 825 857 858
f 827 826 858 859
f 828 827 859 860
f 829 828 860 861
f 830 829 861 862
f 831 830 862 863
f 832 831 863 864
f 834 833 865 866
f 835 834 866 867
f 836 835 867 868
f 837 836 868 869
f 838 837 869 870
f 839 838 870 871
f 840 839 871 872
f 841 840 872 873
f 842 841 873 874
f 843 842 874 875
f 844 843 875 876
f 845 844 876 877
f 846 845 877 878
f 847 846 878 879
f 848 847 879 880
f 849 848 880 881
f 850 849 881 882
f 851 850 882 883
f 852 851 883 884
f 853 852 884 885
f 854 853 885 886
f 855 854 886 887
f 856 855 887 888
f 857 856 888 889
f 858 857 889 890
f 859 858 890 891
f 860 859 891 892
f 861 860 892 893
f 862 861 893 894
f 863 862 894 895
f 864 863 895 896
f 866 865 897 898
f 867 866 898 899
f 868 867 899 900
f 869 868 900 901
f 870 869 901 902
f 871 870 902 903
f 872 871 903 904
f 873 872 904 905
f 874 873 905 906
f 875 874 906 907
f 876 875 907 908
f 877 876 908 909
f 878 877 909 910
f 879 878 910 911
f 880 879 911 912
f 881 880 912 913
f 882 881 913 914
f 883 882 914 915
f 884 883 915 916
f 885 884 916 917
f 886 885 917 918
f 887 886 918 919
f 888 887 919 920
f 889 888 920 921
f 890 889 921 922
f 891 890 922 923
f 892 891 923 924
f 893 892 924 925
f 894 893 925 926
f 895 894 926 927
f 896 895 927 928
f 898 897 929 930
f 899 898 930 931
f 900 899 931 932
f 901 900 932 933
f 902 901 933 934
f 903 902 934 935
f 904 903 935 936
f 905 904 936 937
f 906 905 937 938
f 907 906 938 939
f 908 907 939 940
f 909 908 940 941
f 910 909 941 942
f 911 910 942 943
f 912 911 943 944
f 913 912 944 945
f 914 913 945 946
f 915 914 946 947
f 916 915 947 948
f 917 916 948 949
f 918 917 949 950
f 919 918 950 951
f 920 919 951 952
f 921 920 952 953
f 922 921 953 954
f 923 922 954 955
f 924 923 955 956
f 925 924 956 957
f 926 925 957 958
f 927 926 958 959
f 928 927 959 960
f 930 929 961 962
f 931 930 962 963
f 932 931 963 964
f 933 932 964 965
f 934 933 965 966
f 935 934 966 967
f 936 935 967 968
f 937 936 968 969
f 938 937 969 970
f 939 938 970 971
f 940 939 971 972
f 941 940 972 973
f 942 941 973 974
f 943 942 974 975
f 944 943 975 976
f 945 944 976 977
f 946 945 977 978
f 947 946 978 979
f 948 947 979 980
f 949 948 980 981
f 950 949 981 982
f 951 950 982 983
f 952 951 983 984
f 953 952 984 985
f 954 953 985 986
f 955 954 986 987
f 956 955 987 988
f 957 956 988 989
f 958 957 989 990
f 959 958 990 991
f 960 959 991 992
f 962 961 993 994
f 963 962 994 995
f 964 963 995 996
f 965 964 996 997
f 966 965 997 998
f 967 966 998 999
f 968 967 999 1000
f 969 968 1000 1001
f 970 969 1001 1002
f 971 970 1002 1003
f 972 971 1003 1004
f 973 972 1004 1005
f 974 973 1005 1006
f 975 974 1006 1007
f 976 975 1007 1008
f 977 976 1008 1009
f 978 977 1009 1010
f 979 978 1010 1011
f 980 979 1011 1012
f 981 980 1012 1013
f 982 981 1013 1014
f 983 982 1014 1015
f 984 983 1015 1016
f 985 984 1016 1017
f 986 985 1017 1018
f 987 986 1018 1019
f 988 987 1019 1020
f 989 988 1020 1021
f 990 989 1021 1022
f 991 990 1022 1023
f 992 991 1023 1024
