# Blender v2.79 (sub 0) OBJ File: ''
# www.blender.org
v -5.000000 0.000000 5.000000
v -5.000000 0.000000 4.655172
v -5.000000 0.000000 4.310345
v -5.000000 0.000000 3.965517
v -5.000000 0.000000 3.620690
v -5.000000 0.000000 3.275862
v -5.000000 0.000000 2.931035
v -5.000000 0.000000 2.586207
v -5.000000 0.000000 2.241379
v -5.000000 0.000000 1.896552
v -5.000000 0.000000 1.551724
v -5.000000 0.000000 1.206897
v -5.000000 0.000000 0.862069
v -5.000000 0.000000 0.517241
v -5.000000 0.000000 0.172414
v -5.000000 0.000000 -0.172414
v -5.000000 0.000000 -0.517241
v -5.000000 0.000000 -0.862069
v -5.000000 0.000000 -1.206897
v -5.000000 0.000000 -1.551724
v -5.000000 0.000000 -1.896552
v -5.000000 0.000000 -2.241379
v -5.000000 0.000000 -2.586207
v -5.000000 0.000000 -2.931035
v -5.000000 0.000000 -3.275862
v -5.000000 0.000000 -3.620690
v -5.000000 0.000000 -3.965517
v -5.000000 0.000000 -4.310345
v -5.000000 0.000000 -4.655172
v -5.000000 0.000000 -5.000000
v -4.655172 0.000000 5.000000
v -4.655172 0.000000 4.655172
v -4.655172 0.000000 4.310345
v -4.655172 0.000000 3.965517
v -4.655172 0.000000 3.620690
v -4.655172 0.000750 3.275862
v -4.655172 0.003136 2.931035
v -4.655172 0.008772 2.586207
v -4.655172 -0.006682 2.241379
v -4.655172 -0.003862 1.896552
v -4.655172 0.005082 1.551724
v -4.655172 0.008261 1.206897
v -4.655172 0.007619 0.862069
v -4.655172 -0.008905 0.517241
v -4.655172 -0.004580 0.172414
v -4.655172 0.000022 -0.172414
v -4.655172 -0.002710 -0.517241
v -4.655172 -0.006938 -0.862069
v -4.655172 -0.002168 -1.206897
v -4.655172 -0.011750 -1.551724
v -4.655172 -0.002111 -1.896552
v -4.655172 -0.008563 -2.241379
v -4.655172 -0.009985 -2.586207
v -4.655172 0.001467 -2.931035
v -4.655172 0.000415 -3.275862
v -4.655172 0.000000 -3.620690
v -4.655172 0.000000 -3.965517
v -4.655172 0.000000 -4.310345
v -4.655172 0.000000 -4.655172
v -4.655172 0.000000 -5.000000
v -4.310345 0.000000 5.000000
v -4.310345 0.000000 4.655172
v -4.310345 0.000000 4.310345
v -4.310345 -0.000073 3.965517
v -4.310345 0.006164 3.620690
v -4.310345 0.006695 3.275862
v -4.310345 0.033236 2.931035
v -4.310345 0.028951 2.586207
v -4.310345 -0.021237 2.241379
v -4.310345 -0.035955 1.896552
v -4.310345 -0.046823 1.551724
v -4.310345 0.038249 1.206897
v -4.310345 -0.028546 0.862069
v -4.310345 -0.022904 0.517241
v -4.310345 -0.034425 0.172414
v -4.310345 0.048206 -0.172414
v -4.310345 0.033320 -0.517241
v -4.310345 0.028796 -0.862069
v -4.310345 0.017725 -1.206897
v -4.310345 0.000833 -1.551724
v -4.310345 0.009420 -1.896552
v -4.310345 0.031218 -2.241379
v -4.310345 0.024782 -2.586207
v -4.310345 -0.006653 -2.931035
v -4.310345 0.025419 -3.275862
v -4.310345 0.004353 -3.620690
v -4.310345 -0.000401 -3.965517
v -4.310345 0.000000 -4.310345
v -4.310345 0.000000 -4.655172
v -4.310345 0.000000 -5.000000
v -3.965517 0.000000 5.000000
v -3.965517 0.000000 4.655172
v -3.965517 0.000176 4.310345
v -3.965517 -0.004671 3.965517
v -3.965517 0.013298 3.620690
v -3.965517 0.036684 3.275862
v -3.965517 0.078744 2.931035
v -3.965517 0.094178 2.586207
v -3.965517 -0.115401 2.241379
v -3.965517 -0.054151 1.896552
v -3.965517 0.057950 1.551724
v -3.965517 0.103137 1.206897
v -3.965517 -0.057804 0.862069
v -3.965517 -0.009046 0.517241
v -3.965517 -0.057777 0.172414
v -3.965517 0.043738 -0.172414
v -3.965517 0.062421 -0.517241
v -3.965517 0.073287 -0.862069
v -3.965517 0.005958 -1.206897
v -3.965517 -0.026934 -1.551724
v -3.965517 0.114142 -1.896552
v -3.965517 0.100571 -2.241379
v -3.965517 0.088244 -2.586207
v -3.965517 0.027750 -2.931035
v -3.965517 -0.023163 -3.275862
v -3.965517 -0.015558 -3.620690
v -3.965517 -0.003068 -3.965517
v -3.965517 -0.000162 -4.310345
v -3.965517 0.000000 -4.655172
v -3.965517 0.000000 -5.000000
v -3.620690 0.000000 5.000000
v -3.620690 0.000000 4.655172
v -3.620690 -0.002203 4.310345
v -3.620690 0.010103 3.965517
v -3.620690 0.038331 3.620690
v -3.620690 0.054914 3.275862
v -3.620690 0.011290 2.931035
v -3.620690 0.001178 2.586207
v -3.620690 -0.121386 2.241379
v -3.620690 -0.164868 1.896552
v -3.620690 0.075911 1.551724
v -3.620690 0.088211 1.206897
v -3.620690 0.063312 0.862069
v -3.620690 -0.068060 0.517241
v -3.620690 -0.054232 0.172414
v -3.620690 0.166755 -0.172414
v -3.620690 0.155698 -0.517241
v -3.620690 0.345200 -0.862069
v -3.620690 0.011309 -1.206897
v -3.620690 0.038114 -1.551724
v -3.620690 -0.033226 -1.896552
v -3.620690 0.154338 -2.241379
v -3.620690 -0.006662 -2.586207
v -3.620690 0.063617 -2.931035
v -3.620690 -0.057426 -3.275862
v -3.620690 -0.020599 -3.620690
v -3.620690 0.011400 -3.965517
v -3.620690 0.001567 -4.310345
v -3.620690 0.000000 -4.655172
v -3.620690 0.000000 -5.000000
v -3.275862 0.000000 5.000000
v -3.275862 -0.000269 4.655172
v -3.275862 0.009336 4.310345
v -3.275862 -0.002543 3.965517
v -3.275862 -0.068564 3.620690
v -3.275862 -0.065554 3.275862
v -3.275862 0.062492 2.931035
v -3.275862 0.021216 2.586207
v -3.275862 -0.080820 2.241379
v -3.275862 -0.174895 1.896552
v -3.275862 0.080461 1.551724
v -3.275862 0.031810 1.206897
v -3.275862 0.072598 0.862069
v -3.275862 0.059568 0.517241
v -3.275862 0.108964 0.172414
v -3.275862 0.125098 -0.172414
v -3.275862 0.077278 -0.517241
v -3.275862 0.281104 -0.862069
v -3.275862 0.036622 -1.206897
v -3.275862 -0.055953 -1.551724
v -3.275862 0.026274 -1.896552
v -3.275862 0.042663 -2.241379
v -3.275862 -0.053899 -2.586207
v -3.275862 -0.100444 -2.931035
v -3.275862 -0.020243 -3.275862
v -3.275862 -0.110798 -3.620690
v -3.275862 -0.029493 -3.965517
v -3.275862 -0.018527 -4.310345
v -3.275862 0.000163 -4.655172
v -3.275862 0.000000 -5.000000
v -2.931035 0.000000 5.000000
v -2.931035 0.001876 4.655172
v -2.931035 -0.008848 4.310345
v -2.931035 -0.027126 3.965517
v -2.931035 -0.144128 3.620690
v -2.931035 0.106693 3.275862
v -2.931035 0.109313 2.931035
v -2.931035 0.035781 2.586207
v -2.931035 -0.274806 2.241379
v -2.931035 -0.107751 1.896552
v -2.931035 0.007891 1.551724
v -2.931035 0.021633 1.206897
v -2.931035 0.040292 0.862069
v -2.931035 0.073838 0.517241
v -2.931035 0.090832 0.172414
v -2.931035 -0.220014 -0.172414
v -2.931035 0.053786 -0.517241
v -2.931035 -0.065515 -0.862069
v -2.931035 -0.107550 -1.206897
v -2.931035 -0.048874 -1.551724
v -2.931035 -0.071283 -1.896552
v -2.931035 -0.429528 -2.241379
v -2.931035 -0.236448 -2.586207
v -2.931035 -0.022445 -2.931035
v -2.931035 -0.165899 -3.275862
v -2.931035 -0.129554 -3.620690
v -2.931035 -0.053065 -3.965517
v -2.931035 -0.012884 -4.310345
v -2.931035 -0.000530 -4.655172
v -2.931035 0.000000 -5.000000
v -2.586207 0.000000 5.000000
v -2.586207 0.012684 4.655172
v -2.586207 0.004228 4.310345
v -2.586207 -0.133070 3.965517
v -2.586207 0.044345 3.620690
v -2.586207 0.104009 3.275862
v -2.586207 -0.095183 2.931035
v -2.586207 -0.229448 2.586207
v -2.586207 -0.231443 2.241379
v -2.586207 -0.105831 1.896552
v -2.586207 -0.068805 1.551724
v -2.586207 0.253967 1.206897
v -2.586207 0.272980 0.862069
v -2.586207 0.053157 0.517241
v -2.586207 -0.194051 0.172414
v -2.586207 -0.153857 -0.172414
v -2.586207 -0.112704 -0.517241
v -2.586207 -0.454917 -0.862069
v -2.586207 -0.155413 -1.206897
v -2.586207 -0.182530 -1.551724
v -2.586207 -0.099072 -1.896552
v -2.586207 -0.181641 -2.241379
v -2.586207 -0.020547 -2.586207
v -2.586207 0.151072 -2.931035
v -2.586207 -0.016929 -3.275862
v -2.586207 -0.075978 -3.620690
v -2.586207 0.038098 -3.965517
v -2.586207 0.014386 -4.310345
v -2.586207 -0.005115 -4.655172
v -2.586207 0.000000 -5.000000
v -2.241379 0.000000 5.000000
v -2.241379 -0.003173 4.655172
v -2.241379 -0.047287 4.310345
v -2.241379 0.019299 3.965517
v -2.241379 -0.054433 3.620690
v -2.241379 0.149246 3.275862
v -2.241379 0.002073 2.931035
v -2.241379 -0.226454 2.586207
v -2.241379 0.021303 2.241379
v -2.241379 -0.269555 1.896552
v -2.241379 -0.275948 1.551724
v -2.241379 -0.068979 1.206897
v -2.241379 0.030824 0.862069
v -2.241379 0.210395 0.517241
v -2.241379 -0.125865 0.172414
v -2.241379 -0.340669 -0.172414
v -2.241379 -0.310925 -0.517241
v -2.241379 -0.341348 -0.862069
v -2.241379 0.089117 -1.206897
v -2.241379 0.163526 -1.551724
v -2.241379 0.062748 -1.896552
v -2.241379 0.462086 -2.241379
v -2.241379 0.055047 -2.586207
v -2.241379 0.219073 -2.931035
v -2.241379 -0.055957 -3.275862
v -2.241379 -0.001838 -3.620690
v -2.241379 0.009451 -3.965517
v -2.241379 -0.041391 -4.310345
v -2.241379 0.002295 -4.655172
v -2.241379 0.000000 -5.000000
v -1.896552 0.000000 5.000000
v -1.896552 -0.006005 4.655172
v -1.896552 0.005287 4.310345
v -1.896552 -0.031054 3.965517
v -1.896552 -0.046910 3.620690
v -1.896552 -0.043848 3.275862
v -1.896552 0.125267 2.931035
v -1.896552 -0.021749 2.586207
v -1.896552 -0.313139 2.241379
v -1.896552 -0.133849 1.896552
v -1.896552 -0.006123 1.551724
v -1.896552 -0.139457 1.206897
v -1.896552 -0.266453 0.862069
v -1.896552 0.202530 0.517241
v -1.896552 -0.182839 0.172414
v -1.896552 -0.260148 -0.172414
v -1.896552 -0.215331 -0.517241
v -1.896552 0.344061 -0.862069
v -1.896552 0.117131 -1.206897
v -1.896552 0.137531 -1.551724
v -1.896552 -0.128805 -1.896552
v -1.896552 0.276749 -2.241379
v -1.896552 0.089857 -2.586207
v -1.896552 0.026930 -2.931035
v -1.896552 0.133068 -3.275862
v -1.896552 0.110364 -3.620690
v -1.896552 0.059325 -3.965517
v -1.896552 -0.037791 -4.310345
v -1.896552 -0.000050 -4.655172
v -1.896552 0.000000 -5.000000
v -1.551724 0.000000 5.000000
v -1.551724 0.000874 4.655172
v -1.551724 0.031294 4.310345
v -1.551724 -0.010110 3.965517
v -1.551724 0.042297 3.620690
v -1.551724 -0.035931 3.275862
v -1.551724 0.193139 2.931035
v -1.551724 0.032282 2.586207
v -1.551724 0.228976 2.241379
v -1.551724 0.015026 1.896552
v -1.551724 -0.130085 1.551724
v -1.551724 0.301852 1.206897
v -1.551724 0.032375 0.862069
v -1.551724 0.059209 0.517241
v -1.551724 0.070787 0.172414
v -1.551724 -0.381982 -0.172414
v -1.551724 -0.670747 -0.517241
v -1.551724 -0.293933 -0.862069
v -1.551724 -0.133157 -1.206897
v -1.551724 -0.203807 -1.551724
v -1.551724 0.066321 -1.896552
v -1.551724 0.415640 -2.241379
v -1.551724 0.117054 -2.586207
v -1.551724 -0.022754 -2.931035
v -1.551724 -0.015435 -3.275862
v -1.551724 0.036939 -3.620690
v -1.551724 -0.032301 -3.965517
v -1.551724 -0.009518 -4.310345
v -1.551724 0.009447 -4.655172
v -1.551724 0.000000 -5.000000
v -1.206897 0.000000 5.000000
v -1.206897 -0.013245 4.655172
v -1.206897 -0.022706 4.310345
v -1.206897 -0.068740 3.965517
v -1.206897 -0.173917 3.620690
v -1.206897 -0.047878 3.275862
v -1.206897 -0.063455 2.931035
v -1.206897 0.286479 2.586207
v -1.206897 0.245163 2.241379
v -1.206897 0.356842 1.896552
v -1.206897 -0.164637 1.551724
v -1.206897 -0.393359 1.206897
v -1.206897 -0.027191 0.862069
v -1.206897 -0.117627 0.517241
v -1.206897 -0.267889 0.172414
v -1.206897 -0.380533 -0.172414
v -1.206897 -0.472702 -0.517241
v -1.206897 -0.350747 -0.862069
v -1.206897 -0.181871 -1.206897
v -1.206897 0.205965 -1.551724
v -1.206897 0.283619 -1.896552
v -1.206897 0.128222 -2.241379
v -1.206897 0.011221 -2.586207
v -1.206897 -0.272409 -2.931035
v -1.206897 -0.164575 -3.275862
v -1.206897 -0.048748 -3.620690
v -1.206897 -0.049248 -3.965517
v -1.206897 -0.018939 -4.310345
v -1.206897 -0.009383 -4.655172
v -1.206897 0.000000 -5.000000
v -0.862069 0.000000 5.000000
v -0.862069 -0.009647 4.655172
v -0.862069 -0.019370 4.310345
v -0.862069 0.032637 3.965517
v -0.862069 -0.271882 3.620690
v -0.862069 0.165774 3.275862
v -0.862069 -0.064475 2.931035
v -0.862069 0.042479 2.586207
v -0.862069 -0.187864 2.241379
v -0.862069 -0.363010 1.896552
v -0.862069 -0.139416 1.551724
v -0.862069 -0.150850 1.206897
v -0.862069 0.136581 0.862069
v -0.862069 0.072837 0.517241
v -0.862069 -0.014796 0.172414
v -0.862069 0.435360 -0.172414
v -0.862069 0.035546 -0.517241
v -0.862069 -0.242388 -0.862069
v -0.862069 -0.132554 -1.206897
v -0.862069 -0.267261 -1.551724
v -0.862069 -0.389110 -1.896552
v -0.862069 0.038453 -2.241379
v -0.862069 -0.045915 -2.586207
v -0.862069 0.100880 -2.931035
v -0.862069 -0.069359 -3.275862
v -0.862069 0.009572 -3.620690
v -0.862069 0.028518 -3.965517
v -0.862069 -0.071103 -4.310345
v -0.862069 0.004106 -4.655172
v -0.862069 0.000000 -5.000000
v -0.517241 0.000000 5.000000
v -0.517241 -0.002292 4.655172
v -0.517241 0.003329 4.310345
v -0.517241 -0.077488 3.965517
v -0.517241 0.075013 3.620690
v -0.517241 -0.060935 3.275862
v -0.517241 -0.118368 2.931035
v -0.517241 -0.042263 2.586207
v -0.517241 -0.113461 2.241379
v -0.517241 -0.101177 1.896552
v -0.517241 -0.274935 1.551724
v -0.517241 -0.082128 1.206897
v -0.517241 0.090957 0.862069
v -0.517241 -0.044161 0.517241
v -0.517241 -0.106856 0.172414
v -0.517241 0.254737 -0.172414
v -0.517241 -0.094627 -0.517241
v -0.517241 -0.344372 -0.862069
v -0.517241 0.043684 -1.206897
v -0.517241 -0.040179 -1.551724
v -0.517241 -0.372457 -1.896552
v -0.517241 -0.089509 -2.241379
v -0.517241 -0.040174 -2.586207
v -0.517241 -0.066062 -2.931035
v -0.517241 -0.058996 -3.275862
v -0.517241 -0.035352 -3.620690
v -0.517241 -0.081302 -3.965517
v -0.517241 0.005332 -4.310345
v -0.517241 0.005696 -4.655172
v -0.517241 0.000000 -5.000000
v -0.172414 0.000000 5.000000
v -0.172414 -0.016892 4.655172
v -0.172414 -0.025724 4.310345
v -0.172414 0.143857 3.965517
v -0.172414 0.249746 3.620690
v -0.172414 0.191778 3.275862
v -0.172414 0.194775 2.931035
v -0.172414 0.050876 2.586207
v -0.172414 0.123875 2.241379
v -0.172414 -0.028984 1.896552
v -0.172414 -0.085546 1.551724
v -0.172414 -0.449182 1.206897
v -0.172414 -0.041817 0.862069
v -0.172414 0.209114 0.517241
v -0.172414 -0.299560 0.172414
v -0.172414 -0.125231 -0.172414
v -0.172414 -0.094378 -0.517241
v -0.172414 -0.269748 -0.862069
v -0.172414 0.177604 -1.206897
v -0.172414 0.146533 -1.551724
v -0.172414 -0.220736 -1.896552
v -0.172414 0.246415 -2.241379
v -0.172414 -0.069851 -2.586207
v -0.172414 -0.130076 -2.931035
v -0.172414 -0.103074 -3.275862
v -0.172414 -0.039655 -3.620690
v -0.172414 -0.047820 -3.965517
v -0.172414 0.006222 -4.310345
v -0.172414 -0.005366 -4.655172
v -0.172414 0.000000 -5.000000
v 0.172414 0.000000 5.000000
v 0.172414 0.013773 4.655172
v 0.172414 0.052425 4.310345
v 0.172414 0.060125 3.965517
v 0.172414 0.061727 3.620690
v 0.172414 0.006611 3.275862
v 0.172414 -0.029410 2.931035
v 0.172414 0.137575 2.586207
v 0.172414 0.001806 2.241379
v 0.172414 0.414235 1.896552
v 0.172414 0.005708 1.551724
v 0.172414 -0.133023 1.206897
v 0.172414 0.066891 0.862069
v 0.172414 0.058457 0.517241
v 0.172414 0.177205 0.172414
v 0.172414 0.007208 -0.172414
v 0.172414 -0.455779 -0.517241
v 0.172414 0.073415 -0.862069
v 0.172414 -0.354954 -1.206897
v 0.172414 -0.022567 -1.551724
v 0.172414 -0.156941 -1.896552
v 0.172414 -0.048325 -2.241379
v 0.172414 0.262736 -2.586207
v 0.172414 0.093939 -2.931035
v 0.172414 -0.002813 -3.275862
v 0.172414 0.056960 -3.620690
v 0.172414 -0.059766 -3.965517
v 0.172414 -0.015958 -4.310345
v 0.172414 0.007366 -4.655172
v 0.172414 0.000000 -5.000000
v 0.517241 0.000000 5.000000
v 0.517241 0.001272 4.655172
v 0.517241 0.057114 4.310345
v 0.517241 0.097986 3.965517
v 0.517241 -0.084964 3.620690
v 0.517241 -0.149397 3.275862
v 0.517241 -0.101011 2.931035
v 0.517241 0.007313 2.586207
v 0.517241 -0.080779 2.241379
v 0.517241 -0.323396 1.896552
v 0.517241 -0.209252 1.551724
v 0.517241 0.168882 1.206897
v 0.517241 -0.022456 0.862069
v 0.517241 0.089100 0.517241
v 0.517241 0.464798 0.172414
v 0.517241 -0.007892 -0.172414
v 0.517241 -0.186311 -0.517241
v 0.517241 0.146550 -0.862069
v 0.517241 -0.094204 -1.206897
v 0.517241 0.127519 -1.551724
v 0.517241 0.049128 -1.896552
v 0.517241 -0.072333 -2.241379
v 0.517241 -0.164110 -2.586207
v 0.517241 0.015959 -2.931035
v 0.517241 0.043404 -3.275862
v 0.517241 0.078761 -3.620690
v 0.517241 0.025322 -3.965517
v 0.517241 -0.022645 -4.310345
v 0.517241 -0.002650 -4.655172
v 0.517241 0.000000 -5.000000
v 0.862069 0.000000 5.000000
v 0.862069 -0.005111 4.655172
v 0.862069 0.018401 4.310345
v 0.862069 -0.031933 3.965517
v 0.862069 -0.095608 3.620690
v 0.862069 -0.054810 3.275862
v 0.862069 0.071953 2.931035
v 0.862069 -0.130645 2.586207
v 0.862069 -0.252931 2.241379
v 0.862069 -0.474438 1.896552
v 0.862069 -0.026617 1.551724
v 0.862069 -0.011487 1.206897
v 0.862069 -0.384038 0.862069
v 0.862069 0.026646 0.517241
v 0.862069 0.504264 0.172414
v 0.862069 0.392203 -0.172414
v 0.862069 0.189372 -0.517241
v 0.862069 0.043253 -0.862069
v 0.862069 0.084244 -1.206897
v 0.862069 0.255749 -1.551724
v 0.862069 0.105187 -1.896552
v 0.862069 0.077690 -2.241379
v 0.862069 0.111372 -2.586207
v 0.862069 -0.076318 -2.931035
v 0.862069 -0.137875 -3.275862
v 0.862069 -0.124368 -3.620690
v 0.862069 -0.114035 -3.965517
v 0.862069 -0.014580 -4.310345
v 0.862069 0.007289 -4.655172
v 0.862069 0.000000 -5.000000
v 1.206897 0.000000 5.000000
v 1.206897 -0.027722 4.655172
v 1.206897 0.029810 4.310345
v 1.206897 0.007990 3.965517
v 1.206897 -0.058293 3.620690
v 1.206897 0.036376 3.275862
v 1.206897 0.229469 2.931035
v 1.206897 -0.107568 2.586207
v 1.206897 0.040741 2.241379
v 1.206897 -0.373018 1.896552
v 1.206897 0.038643 1.551724
v 1.206897 -0.006310 1.206897
v 1.206897 -0.473472 0.862069
v 1.206897 -0.228281 0.517241
v 1.206897 0.216620 0.172414
v 1.206897 0.031147 -0.172414
v 1.206897 -0.162397 -0.517241
v 1.206897 -0.262814 -0.862069
v 1.206897 0.509649 -1.206897
v 1.206897 0.063678 -1.551724
v 1.206897 0.322365 -1.896552
v 1.206897 -0.192549 -2.241379
v 1.206897 0.119227 -2.586207
v 1.206897 0.069474 -2.931035
v 1.206897 -0.028710 -3.275862
v 1.206897 -0.039000 -3.620690
v 1.206897 -0.045101 -3.965517
v 1.206897 0.005578 -4.310345
v 1.206897 -0.011507 -4.655172
v 1.206897 0.000000 -5.000000
v 1.551724 0.000000 5.000000
v 1.551724 -0.011617 4.655172
v 1.551724 -0.039365 4.310345
v 1.551724 -0.067939 3.965517
v 1.551724 0.156674 3.620690
v 1.551724 0.086402 3.275862
v 1.551724 0.137261 2.931035
v 1.551724 -0.055264 2.586207
v 1.551724 -0.265384 2.241379
v 1.551724 0.209410 1.896552
v 1.551724 0.186295 1.551724
v 1.551724 -0.151096 1.206897
v 1.551724 -0.103050 0.862069
v 1.551724 -0.058121 0.517241
v 1.551724 -0.291864 0.172414
v 1.551724 -0.512399 -0.172414
v 1.551724 -0.346095 -0.517241
v 1.551724 -0.187639 -0.862069
v 1.551724 0.075553 -1.206897
v 1.551724 0.152409 -1.551724
v 1.551724 0.458807 -1.896552
v 1.551724 -0.115232 -2.241379
v 1.551724 -0.179263 -2.586207
v 1.551724 0.164683 -2.931035
v 1.551724 0.175218 -3.275862
v 1.551724 0.046028 -3.620690
v 1.551724 0.062839 -3.965517
v 1.551724 -0.038829 -4.310345
v 1.551724 -0.017854 -4.655172
v 1.551724 0.000000 -5.000000
v 1.896552 0.000000 5.000000
v 1.896552 -0.010888 4.655172
v 1.896552 0.016748 4.310345
v 1.896552 0.013784 3.965517
v 1.896552 -0.027682 3.620690
v 1.896552 -0.089880 3.275862
v 1.896552 -0.230001 2.931035
v 1.896552 0.116176 2.586207
v 1.896552 -0.174568 2.241379
v 1.896552 -0.180827 1.896552
v 1.896552 0.174546 1.551724
v 1.896552 0.370639 1.206897
v 1.896552 -0.061508 0.862069
v 1.896552 0.064959 0.517241
v 1.896552 -0.245950 0.172414
v 1.896552 -0.233342 -0.172414
v 1.896552 0.059118 -0.517241
v 1.896552 -0.201632 -0.862069
v 1.896552 0.134288 -1.206897
v 1.896552 0.106222 -1.551724
v 1.896552 0.073975 -1.896552
v 1.896552 -0.271318 -2.241379
v 1.896552 -0.078304 -2.586207
v 1.896552 0.024753 -2.931035
v 1.896552 0.187380 -3.275862
v 1.896552 -0.055381 -3.620690
v 1.896552 -0.059586 -3.965517
v 1.896552 0.029129 -4.310345
v 1.896552 0.003536 -4.655172
v 1.896552 0.000000 -5.000000
v 2.241379 0.000000 5.000000
v 2.241379 -0.000021 4.655172
v 2.241379 -0.012914 4.310345
v 2.241379 -0.040761 3.965517
v 2.241379 0.142196 3.620690
v 2.241379 -0.035827 3.275862
v 2.241379 0.001966 2.931035
v 2.241379 0.018280 2.586207
v 2.241379 -0.188875 2.241379
v 2.241379 -0.186906 1.896552
v 2.241379 -0.137187 1.551724
v 2.241379 -0.252143 1.206897
v 2.241379 -0.047941 0.862069
v 2.241379 0.118807 0.517241
v 2.241379 0.421889 0.172414
v 2.241379 -0.143098 -0.172414
v 2.241379 -0.165956 -0.517241
v 2.241379 -0.538109 -0.862069
v 2.241379 0.140268 -1.206897
v 2.241379 0.159809 -1.551724
v 2.241379 0.004546 -1.896552
v 2.241379 -0.253290 -2.241379
v 2.241379 -0.352997 -2.586207
v 2.241379 0.110181 -2.931035
v 2.241379 -0.105609 -3.275862
v 2.241379 0.046782 -3.620690
v 2.241379 0.009642 -3.965517
v 2.241379 0.026031 -4.310345
v 2.241379 -0.006373 -4.655172
v 2.241379 0.000000 -5.000000
v 2.586207 0.000000 5.000000
v 2.586207 0.004661 4.655172
v 2.586207 -0.009978 4.310345
v 2.586207 -0.012721 3.965517
v 2.586207 0.037442 3.620690
v 2.586207 -0.203700 3.275862
v 2.586207 0.011722 2.931035
v 2.586207 0.029955 2.586207
v 2.586207 -0.212215 2.241379
v 2.586207 -0.009707 1.896552
v 2.586207 -0.046277 1.551724
v 2.586207 -0.333182 1.206897
v 2.586207 -0.209560 0.862069
v 2.586207 -0.287010 0.517241
v 2.586207 0.269179 0.172414
v 2.586207 0.002989 -0.172414
v 2.586207 0.043903 -0.517241
v 2.586207 0.143426 -0.862069
v 2.586207 0.069220 -1.206897
v 2.586207 0.173652 -1.551724
v 2.586207 0.307425 -1.896552
v 2.586207 -0.115164 -2.241379
v 2.586207 0.122997 -2.586207
v 2.586207 0.028217 -2.931035
v 2.586207 -0.102649 -3.275862
v 2.586207 0.011216 -3.620690
v 2.586207 -0.023884 -3.965517
v 2.586207 0.025350 -4.310345
v 2.586207 0.001509 -4.655172
v 2.586207 0.000000 -5.000000
v 2.931035 0.000000 5.000000
v 2.931035 0.007527 4.655172
v 2.931035 -0.032225 4.310345
v 2.931035 -0.019992 3.965517
v 2.931035 -0.054478 3.620690
v 2.931035 -0.070293 3.275862
v 2.931035 -0.061130 2.931035
v 2.931035 0.143778 2.586207
v 2.931035 0.229865 2.241379
v 2.931035 0.168793 1.896552
v 2.931035 -0.202604 1.551724
v 2.931035 -0.110598 1.206897
v 2.931035 -0.090941 0.862069
v 2.931035 -0.217942 0.517241
v 2.931035 -0.116657 0.172414
v 2.931035 0.062996 -0.172414
v 2.931035 -0.009300 -0.517241
v 2.931035 0.310216 -0.862069
v 2.931035 0.043631 -1.206897
v 2.931035 0.309091 -1.551724
v 2.931035 0.166465 -1.896552
v 2.931035 0.044581 -2.241379
v 2.931035 -0.002601 -2.586207
v 2.931035 -0.030951 -2.931035
v 2.931035 0.240104 -3.275862
v 2.931035 0.006614 -3.620690
v 2.931035 0.017526 -3.965517
v 2.931035 0.002547 -4.310345
v 2.931035 -0.002722 -4.655172
v 2.931035 0.000000 -5.000000
v 3.275862 0.000000 5.000000
v 3.275862 -0.000112 4.655172
v 3.275862 -0.008922 4.310345
v 3.275862 -0.026035 3.965517
v 3.275862 -0.052051 3.620690
v 3.275862 0.056379 3.275862
v 3.275862 0.058604 2.931035
v 3.275862 -0.030702 2.586207
v 3.275862 -0.033321 2.241379
v 3.275862 0.041621 1.896552
v 3.275862 -0.210268 1.551724
v 3.275862 0.025227 1.206897
v 3.275862 -0.153787 0.862069
v 3.275862 -0.209609 0.517241
v 3.275862 0.045820 0.172414
v 3.275862 0.179952 -0.172414
v 3.275862 -0.082817 -0.517241
v 3.275862 -0.155262 -0.862069
v 3.275862 0.064535 -1.206897
v 3.275862 0.198010 -1.551724
v 3.275862 -0.017874 -1.896552
v 3.275862 0.158042 -2.241379
v 3.275862 0.052583 -2.586207
v 3.275862 0.073613 -2.931035
v 3.275862 0.058349 -3.275862
v 3.275862 0.012184 -3.620690
v 3.275862 0.003483 -3.965517
v 3.275862 -0.007104 -4.310345
v 3.275862 0.000498 -4.655172
v 3.275862 0.000000 -5.000000
v 3.620690 0.000000 5.000000
v 3.620690 0.000000 4.655172
v 3.620690 -0.002897 4.310345
v 3.620690 -0.031442 3.965517
v 3.620690 0.004875 3.620690
v 3.620690 0.064916 3.275862
v 3.620690 0.050853 2.931035
v 3.620690 -0.093214 2.586207
v 3.620690 0.002076 2.241379
v 3.620690 0.040933 1.896552
v 3.620690 0.127837 1.551724
v 3.620690 -0.034282 1.206897
v 3.620690 -0.060405 0.862069
v 3.620690 -0.052830 0.517241
v 3.620690 0.024626 0.172414
v 3.620690 0.183580 -0.172414
v 3.620690 0.103354 -0.517241
v 3.620690 -0.036472 -0.862069
v 3.620690 -0.036305 -1.206897
v 3.620690 0.116084 -1.551724
v 3.620690 0.005298 -1.896552
v 3.620690 0.062195 -2.241379
v 3.620690 -0.168873 -2.586207
v 3.620690 -0.089348 -2.931035
v 3.620690 0.011290 -3.275862
v 3.620690 0.010846 -3.620690
v 3.620690 0.000091 -3.965517
v 3.620690 0.000485 -4.310345
v 3.620690 0.000000 -4.655172
v 3.620690 0.000000 -5.000000
v 3.965517 0.000000 5.000000
v 3.965517 0.000000 4.655172
v 3.965517 0.000496 4.310345
v 3.965517 -0.002278 3.965517
v 3.965517 -0.000025 3.620690
v 3.965517 0.045815 3.275862
v 3.965517 0.026951 2.931035
v 3.965517 -0.109830 2.586207
v 3.965517 -0.084297 2.241379
v 3.965517 0.091995 1.896552
v 3.965517 0.039305 1.551724
v 3.965517 0.128514 1.206897
v 3.965517 0.060858 0.862069
v 3.965517 -0.047938 0.517241
v 3.965517 -0.038573 0.172414
v 3.965517 0.139260 -0.172414
v 3.965517 0.179731 -0.517241
v 3.965517 0.070249 -0.862069
v 3.965517 -0.033105 -1.206897
v 3.965517 -0.043944 -1.551724
v 3.965517 -0.052588 -1.896552
v 3.965517 -0.037469 -2.241379
v 3.965517 0.007711 -2.586207
v 3.965517 -0.050557 -2.931035
v 3.965517 0.026984 -3.275862
v 3.965517 0.033104 -3.620690
v 3.965517 -0.001831 -3.965517
v 3.965517 0.000376 -4.310345
v 3.965517 0.000000 -4.655172
v 3.965517 0.000000 -5.000000
v 4.310345 0.000000 5.000000
v 4.310345 0.000000 4.655172
v 4.310345 0.000000 4.310345
v 4.310345 -0.000031 3.965517
v 4.310345 0.003551 3.620690
v 4.310345 0.006369 3.275862
v 4.310345 0.021158 2.931035
v 4.310345 0.017941 2.586207
v 4.310345 -0.018648 2.241379
v 4.310345 0.021202 1.896552
v 4.310345 -0.024644 1.551724
v 4.310345 -0.002030 1.206897
v 4.310345 -0.044065 0.862069
v 4.310345 0.050935 0.517241
v 4.310345 -0.040046 0.172414
v 4.310345 0.061314 -0.172414
v 4.310345 0.060420 -0.517241
v 4.310345 0.015994 -0.862069
v 4.310345 -0.027850 -1.206897
v 4.310345 -0.076246 -1.551724
v 4.310345 -0.054514 -1.896552
v 4.310345 -0.025787 -2.241379
v 4.310345 -0.009795 -2.586207
v 4.310345 0.018658 -2.931035
v 4.310345 0.016773 -3.275862
v 4.310345 -0.001346 -3.620690
v 4.310345 0.000494 -3.965517
v 4.310345 0.000000 -4.310345
v 4.310345 0.000000 -4.655172
v 4.310345 0.000000 -5.000000
v 4.655172 0.000000 5.000000
v 4.655172 0.000000 4.655172
v 4.655172 0.000000 4.310345
v 4.655172 0.000000 3.965517
v 4.655172 0.000000 3.620690
v 4.655172 0.000637 3.275862
v 4.655172 0.000119 2.931035
v 4.655172 -0.004605 2.586207
v 4.655172 -0.005114 2.241379
v 4.655172 0.002259 1.896552
v 4.655172 0.000629 1.551724
v 4.655172 0.007195 1.206897
v 4.655172 0.005265 0.862069
v 4.655172 -0.006658 0.517241
v 4.655172 0.007949 0.172414
v 4.655172 -0.013511 -0.172414
v 4.655172 -0.003595 -0.517241
v 4.655172 0.009061 -0.862069
v 4.655172 -0.008939 -1.206897
v 4.655172 0.000718 -1.551724
v 4.655172 0.003922 -1.896552
v 4.655172 0.000098 -2.241379
v 4.655172 0.002825 -2.586207
v 4.655172 -0.000134 -2.931035
v 4.655172 0.000916 -3.275862
v 4.655172 0.000000 -3.620690
v 4.655172 0.000000 -3.965517
v 4.655172 0.000000 -4.310345
v 4.655172 0.000000 -4.655172
v 4.655172 0.000000 -5.000000
v 5.000000 0.000000 5.000000
v 5.000000 0.000000 4.655172
v 5.000000 0.000000 4.310345
v 5.000000 0.000000 3.965517
v 5.000000 0.000000 3.620690
v 5.000000 0.000000 3.275862
v 5.000000 0.000000 2.931035
v 5.000000 0.000000 2.586207
v 5.000000 0.000000 2.241379
v 5.000000 0.000000 1.896552
v 5.000000 0.000000 1.551724
v 5.000000 0.000000 1.206897
v 5.000000 0.000000 0.862069
v 5.000000 0.000000 0.517241
v 5.000000 0.000000 0.172414
v 5.000000 0.000000 -0.172414
v 5.000000 0.000000 -0.517241
v 5.000000 0.000000 -0.862069
v 5.000000 0.000000 -1.206897
v 5.000000 0.000000 -1.551724
v 5.000000 0.000000 -1.896552
v 5.000000 0.000000 -2.241379
v 5.000000 0.000000 -2.586207
v 5.000000 0.000000 -2.931035
v 5.000000 0.000000 -3.275862
v 5.000000 0.000000 -3.620690
v 5.000000 0.000000 -3.965517
v 5.000000 0.000000 -4.310345
v 5.000000 0.000000 -4.655172
v 5.000000 0.000000 -5.000000
s 1
f 2 1 31 32
f 3 2 32 33
f 4 3 33 34
f 5 4 34 35
f 6 5 35 36
f 7 6 36 37
f 8 7 37 38
f 9 8 38 39
f 10 9 39 40
f 11 10 40 41
f 12 11 41 42
f 13 12 42 43
f 14 13 43 44
f 15 14 44 45
f 16 15 45 46
f 17 16 46 47
f 18 17 47 48
f 19 18 48 49
f 20 19 49 50
f 21 20 50 51
f 22 21 51 52
f 23 22 52 53
f 24 23 53 54
f 25 24 54 55
f 26 25 55 56
f 27 26 56 57
f 28 27 57 58
f 29 28 58 59
f 30 29 59 60
f 32 31 61 62
f 33 32 62 63
f 34 33 63 64
f 35 34 64 65
f 36 35 65 66
f 37 36 66 67
f 38 37 67 68
f 39 38 68 69
f 40 39 69 70
f 41 40 70 71
f 42 41 71 72
f 43 42 72 73
f 44 43 73 74
f 45 44 74 75
f 46 45 75 76
f 47 46 76 77
f 48 47 77 78
f 49 48 78 79
f 50 49 79 80
f 51 50 80 81
f 52 51 81 82
f 53 52 82 83
f 54 53 83 84
f 55 54 84 85
f 56 55 85 86
f 57 56 86 87
f 58 57 87 88
f 59 58 88 89
f 60 59 89 90
f 62 61 91 92
f 63 62 92 93
f 64 63 93 94
f 65 64 94 95
f 66 65 95 96
f 67 66 96 97
f 68 67 97 98
f 69 68 98 99
f 70 69 99 100
f 71 70 100 101
f 72 71 101 102
f 73 72 102 103
f 74 73 103 104
f 75 74 104 105
f 76 75 105 106
f 77 76 106 107
f 78 77 107 108
f 79 78 108 109
f 80 79 109 110
f 81 80 110 111
f 82 81 111 112
f 83 82 112 113
f 84 83 113 114
f 85 84 114 115
f 86 85 115 116
f 87 86 116 117
f 88 87 117 118
f 89 88 118 119
f 90 89 119 120
f 92 91 121 122
f 93 92 122 123
f 94 93 123 124
f 95 94 124 125
f 96 95 125 126
f 97 96 126 127
f 98 97 127 128
f 99 98 128 129
f 100 99 129 130
f 101 100 130 131
f 102 101 131 132
f 103 102 132 133
f 104 103 133 134
f 105 104 134 135
f 106 105 135 136
f 107 106 136 137
f 108 107 137 138
f 109 108 138 139
f 110 109 139 140
f 111 110 140 141
f 112 111 141 142
f 113 112 142 143
f 114 113 143 144
f 115 114 144 145
f 116 115 145 146
f 117 116 146 147
f 118 117 147 148
f 119 118 148 149
f 120 119 149 150
f 122 121 151 152
f 123 122 152 153
f 124 123 153 154
f 125 124 154 155
f 126 125 155 156
f 127 126 156 157
f 128 127 157 158
f 129 128 158 159
f 130 129 159 160
f 131 130 160 161
f 132 131 161 162
f 133 132 162 163
f 134 133 163 164
f 135 134 164 165
f 136 135 165 166
f 137 136 166 167
f 138 137 167 168
f 139 138 168 169
f 140 139 169 170
f 141 140 170 171
f 142 141 171 172
f 143 142 172 173
f 144 143 173 174
f 145 144 174 175
f 146 145 175 176
f 147 146 176 177
f 148 147 177 178
f 149 148 178 179
f 150 149 179 180
f 152 151 181 182
f 153 152 182 183
f 154 153 183 184
f 155 154 184 185
f 156 155 185 186
f 157 156 186 187
f 158 157 187 188
f 159 158 188 189
f 160 159 189 190
f 161 160 190 191
f 162 161 191 192
f 163 162 192 193
f 164 163 193 194
f 165 164 194 195
f 166 165 195 196
f 167 166 196 197
f 168 167 197 198
f 169 168 198 199
f 170 169 199 200
f 171 170 200 201
f 172 171 201 202
f 173 172 202 203
f 174 173 203 204
f 175 174 204 205
f 176 175 205 206
f 177 176 206 207
f 178 177 207 208
f 179 178 208 209
f 180 179 209 210
f 182 181 211 212
f 183 182 212 213
f 184 183 213 214
f 185 184 214 215
f 186 185 215 216
f 187 186 216 217
f 188 187 217 218
f 189 188 218 219
f 190 189 219 220
f 191 190 220 221
f 192 191 221 222
f 193 192 222 223
f 194 193 223 224
f 195 194 224 225
f 196 195 225 226
f 197 196 226 227
f 198 197 227 228
f 199 198 228 229
f 200 199 229 230
f 201 200 230 231
f 202 201 231 232
f 203 202 232 233
f 204 203 233 234
f 205 204 234 235
f 206 205 235 236
f 207 206 236 237
f 208 207 237 238
f 209 208 238 239
f 210 209 239 240
f 212 211 241 242
f 213 212 242 243
f 214 213 243 244
f 215 214 244 245
f 216 215 245 246
f 217 216 246 247
f 218 217 247 248
f 219 218 248 249
f 220 219 249 250
f 221 220 250 251
f 222 221 251 252
f 223 222 252 253
f 224 223 253 254
f 225 224 254 255
f 226 225 255 256
f 227 226 256 257
f 228 227 257 258
f 229 228 258 259
f 230 229 259 260
f 231 230 260 261
f 232 231 261 262
f 233 232 262 263
f 234 233 263 264
f 235 234 264 265
f 236 235 265 266
f 237 236 266 267
f 238 237 267 268
f 239 238 268 269
f 240 239 269 270
f 242 241 271 272
f 243 242 272 273
f 244 243 273 274
f 245 244 274 275
f 246 245 275 276
f 247 246 276 277
f 248 247 277 278
f 249 248 278 279
f 250 249 279 280
f 251 250 280 281
f 252 251 281 282
f 253 252 282 283
f 254 253 283 284
f 255 254 284 285
f 256 255 285 286
f 257 256 286 287
f 258 257 287 288
f 259 258 288 289
f 260 259 289 290
f 261 260 290 291
f 262 261 291 292
f 263 262 292 293
f 264 263 293 294
f 265 264 294 295
f 266 265 295 296
f 267 266 296 297
f 268 267 297 298
f 269 268 298 299
f 270 269 299 300
f 272 271 301 302
f 273 272 302 303
f 274 273 303 304
f 275 274 304 305
f 276 275 305 306
f 277 276 306 307
f 278 277 307 308
f 279 278 308 309
f 280 279 309 310
f 281 280 310 311
f 282 281 311 312
f 283 282 312 313
f 284 283 313 314
f 285 284 314 315
f 286 285 315 316
f 287 286 316 317
f 288 287 317 318
f 289 288 318 319
f 290 289 319 320
f 291 290 320 321
f 292 291 321 322
f 293 292 322 323
f 294 293 323 324
f 295 294 324 325
f 296 295 325 326
f 297 296 326 327
f 298 297 327 328
f 299 298 328 329
f 300 299 329 330
f 302 301 331 332
f 303 302 332 333
f 304 303 333 334
f 305 304 334 335
f 306 305 335 336
f 307 306 336 337
f 308 307 337 338
f 309 308 338 339
f 310 309 339 340
f 311 310 340 341
f 312 311 341 342
f 313 312 342 343
f 314 313 343 344
f 315 314 344 345
f 316 315 345 346
f 317 316 346 347
f 318 317 347 348
f 319 318 348 349
f 320 319 349 350
f 321 320 350 351
f 322 321 351 352
f 323 322 352 353
f 324 323 353 354
f 325 324 354 355
f 326 325 355 356
f 327 326 356 357
f 328 327 357 358
f 329 328 358 359
f 330 329 359 360
f 332 331 361 362
f 333 332 362 363
f 334 333 363 364
f 335 334 364 365
f 336 335 365 366
f 337 336 366 367
f 338 337 367 368
f 339 338 368 369
f 340 339 369 370
f 341 340 370 371
f 342 341 371 372
f 343 342 372 373
f 344 343 373 374
f 345 344 374 375
f 346 345 375 376
f 347 346 376 377
f 348 347 377 378
f 349 348 378 379
f 350 349 379 380
f 351 350 380 381
f 352 351 381 382
f 353 352 382 383
f 354 353 383 384
f 355 354 384 385
f 356 355 385 386
f 357 356 386 387
f 358 357 387 388
f 359 358 388 389
f 360 359 389 390
f 362 361 391 392
f 363 362 392 393
f 364 363 393 394
f 365 364 394 395
f 366 365 395 396
f 367 366 396 397
f 368 367 397 398
f 369 368 398 399
f 370 369 399 400
f 371 370 400 401
f 372 371 401 402
f 373 372 402 403
f 374 373 403 404
f 375 374 404 405
f 376 375 405 406
f 377 376 406 407
f 378 377 407 408
f 379 378 408 409
f 380 379 409 410
f 381 380 410 411
f 382 381 411 412
f 383 382 412 413
f 384 383 413 414
f 385 384 414 415
f 386 385 415 416
f 387 386 416 417
f 388 387 417 418
f 389 388 418 419
f 390 389 419 420
f 392 391 421 422
f 393 392 422 423
f 394 393 423 424
f 395 394 424 425
f 396 395 425 426
f 397 396 426 427
f 398 397 427 428
f 399 398 428 429
f 400 399 429 430
f 401 400 430 431
f 402 401 431 432
f 403 402 432 433
f 404 403 433 434
f 405 404 434 435
f 406 405 435 436
f 407 406 436 437
f 408 407 437 438
f 409 408 438 439
f 410 409 439 440
f 411 410 440 441
f 412 411 441 442
f 413 412 442 443
f 414 413 443 444
f 415 414 444 445
f 416 415 445 446
f 417 416 446 447
f 418 417 447 448
f 419 418 448 449
f 420 419 449 450
f 422 421 451 452
f 423 422 452 453
f 424 423 453 454
f 425 424 454 455
f 426 425 455 456
f 427 426 456 457
f 428 427 457 458
f 429 428 458 459
f 430 429 459 460
f 431 430 460 461
f 432 431 461 462
f 433 432 462 463
f 434 433 463 464
f 435 434 464 465
f 436 435 465 466
f 437 436 466 467
f 438 437 467 468
f 439 438 468 469
f 440 439 469 470
f 441 440 470 471
f 442 441 471 472
f 443 442 472 473
f 444 443 473 474
f 445 444 474 475
f 446 445 475 476
f 447 446 476 477
f 448 447 477 478
f 449 448 478 479
f 450 449 479 480
f 452 451 481 482
f 453 452 482 483
f 454 453 483 484
f 455 454 484 485
f 456 455 485 486
f 457 456 486 487
f 458 457 487 488
f 459 458 488 489
f 460 459 489 490
f 461 460 490 491
f 462 461 491 492
f 463 462 492 493
f 464 463 493 494
f 465 464 494 495
f 466 465 495 496
f 467 466 496 497
f 468 467 497 498
f 469 468 498 499
f 470 469 499 500
f 471 470 500 501
f 472 471 501 502
f 473 472 502 503
f 474 473 503 504
f 475 474 504 505
f 476 475 505 506
f 477 476 506 507
f 478 477 507 508
f 479 478 508 509
f 480 479 509 510
f 482 481 511 512
f 483 482 512 513
f 484 483 513 514
f 485 484 514 515
f 486 485 515 516
f 487 486 516 517
f 488 487 517 518
f 489 488 518 519
f 490 489 519 520
f 491 490 520 521
f 492 491 521 522
f 493 492 522 523
f 494 493 523 524
f 495 494 524 525
f 496 495 525 526
f 497 496 526 527
f 498 497 527 528
f 499 498 528 529
f 500 499 529 530
f 501 500 530 531
f 502 501 531 532
f 503 502 532 533
f 504 503 533 534
f 505 504 534 535
f 506 505 535 536
f 507 506 536 537
f 508 507 537 538
f 509 508 538 539
f 510 509 539 540
f 512 511 541 542
f 513 512 542 543
f 514 513 543 544
f 515 514 544 545
f 516 515 545 546
f 517 516 546 547
f 518 517 547 548
f 519 518 548 549
f 520 519 549 550
f 521 520 550 551
f 522 521 551 552
f 523 522 552 553
f 524 523 553 554
f 525 524 554 555
f 526 525 555 556
f 527 526 556 557
f 528 527 557 558
f 529 528 558 559
f 530 529 559 560
f 531 530 560 561
f 532 531 561 562
f 533 532 562 563
f 534 533 563 564
f 535 534 564 565
f 536 535 565 566
f 537 536 566 567
f 538 537 567 568
f 539 538 568 569
f 540 539 569 570
f 542 541 571 572
f 543 542 572 573
f 544 543 573 574
f 545 544 574 575
f 546 545 575 576
f 547 546 576 577
f 548 547 577 578
f 549 548 578 579
f 550 549 579 580
f 551 550 580 581
f 552 551 581 582
f 553 552 582 583
f 554 553 583 584
f 555 554 584 585
f 556 555 585 586
f 557 556 586 587
f 558 557 587 588
f 559 558 588 589
f 560 559 589 590
f 561 560 590 591
f 562 561 591 592
f 563 562 592 593
f 564 563 593 594
f 565 564 594 595
f 566 565 595 596
f 567 566 596 597
f 568 567 597 598
f 569 568 598 599
f 570 569 599 600
f 572 571 601 602
f 573 572 602 603
f 574 573 603 604
f 575 574 604 605
f 576 575 605 606
f 577 576 606 607
f 578 577 607 608
f 579 578 608 609
f 580 579 609 610
f 581 580 610 611
f 582 581 611 612
f 583 582 612 613
f 584 583 613 614
f 585 584 614 615
f 586 585 615 616
f 587 586 616 617
f 588 587 617 618
f 589 588 618 619
f 590 589 619 620
f 591 590 620 621
f 592 591 621 622
f 593 592 622 623
f 594 593 623 624
f 595 594 624 625
f 596 595 625 626
f 597 596 626 627
f 598 597 627 628
f 599 598 628 629
f 600 599 629 630
f 602 601 631 632
f 603 602 632 633
f 604 603 633 634
f 605 604 634 635
f 606 605 635 636
f 607 606 636 637
f 608 607 637 638
f 609 608 638 639
f 610 609 639 640
f 611 610 640 641
f 612 611 641 642
f 613 612 642 643
f 614 613 643 644
f 615 614 644 645
f 616 615 645 646
f 617 616 646 647
f 618 617 647 648
f 619 618 648 649
f 620 619 649 650
f 621 620 650 651
f 622 621 651 652
f 623 622 652 653
f 624 623 653 654
f 625 624 654 655
f 626 625 655 656
f 627 626 656 657
f 628 627 657 658
f 629 628 658 659
f 630 629 659 660
f 632 631 661 662
f 633 632 662 663
f 634 633 663 664
f 635 634 664 665
f 636 635 665 666
f 637 636 666 667
f 638 637 667 668
f 639 638 668 669
f 640 639 669 670
f 641 640 670 671
f 642 641 671 672
f 643 642 672 673
f 644 643 673 674
f 645 644 674 675
f 646 645 675 676
f 647 646 676 677
f 648 647 677 678
f 649 648 678 679
f 650 649 679 680
f 651 650 680 681
f 652 651 681 682
f 653 652 682 683
f 654 653 683 684
f 655 654 684 685
f 656 655 685 686
f 657 656 686 687
f 658 657 687 688
f 659 658 688 689
f 660 659 689 690
f 662 661 691 692
f 663 662 692 693
f 664 663 693 694
f 665 664 694 695
f 666 665 695 696
f 667 666 696 697
f 668 667 697 698
f 669 668 698 699
f 670 669 699 700
f 671 670 700 701
f 672 671 701 702
f 673 672 702 703
f 674 673 703 704
f 675 674 704 705
f 676 675 705 706
f 677 676 706 707
f 678 677 707 708
f 679 678 708 709
f 680 679 709 710
f 681 680 710 711
f 682 681 711 712
f 683 682 712 713
f 684 683 713 714
f 685 684 714 715
f 686 685 715 716
f 687 686 716 717
f 688 687 717 718
f 689 688 718 719
f 690 689 719 720
f 692 691 721 722
f 693 692 722 723
f 694 693 723 724
f 695 694 724 725
f 696 695 725 726
f 697 696 726 727
f 698 697 727 728
f 699 698 728 729
f 700 699 729 730
f 701 700 730 731
f 702 701 731 732
f 703 702 732 733
f 704 703 733 734
f 705 704 734 735
f 706 705 735 736
f 707 706 736 737
f 708 707 737 738
f 709 708 738 739
f 710 709 739 740
f 711 710 740 741
f 712 711 741 742
f 713 712 742 743
f 714 713 743 744
f 715 714 744 745
f 716 715 745 746
f 717 716 746 747
f 718 717 747 748
f 719 718 748 749
f 720 719 749 750
f 722 721 751 752
f 723 722 752 753
f 724 723 753 754
f 725 724 754 755
f 726 725 755 756
f 727 726 756 757
f 728 727 757 758
f 729 728 758 759
f 730 729 759 760
f 731 730 760 761
f 732 731 761 762
f 733 732 762 763
f 734 733 763 764
f 735 734 764 765
f 736 735 765 766
f 737 736 766 767
f 738 737 767 768
f 739 738 768 769
f 740 739 769 770
f 741 740 770 771
f 742 741 771 772
f 743 742 772 773
f 744 743 773 774
f 745 744 774 775
f 746 745 775 776
f 747 746 776 777
f 748 747 777 778
f 749 748 778 779
f 750 749 779 780
f 752 751 781 782
f 753 752 782 783
f 754 753 783 784
f 755 754 784 785
f 756 755 785 786
f 757 756 786 787
f 758 757 787 788
f 759 758 788 789
f 760 759 789 790
f 761 760 790 791
f 762 761 791 792
f 763 762 792 793
f 764 763 793 794
f 765 764 794 795
f 766 765 795 796
f 767 766 796 797
f 768 767 797 798
f 769 768 798 799
f 770 769 799 800
f 771 770 800 801
f 772 771 801 802
f 773 772 802 803
f 774 773 803 804
f 775 774 804 805
f 776 775 805 806
f 777 776 806 807
f 778 777 807 808
f 779 778 808 809
f 780 779 809 810
f 782 781 811 812
f 783 782 812 813
f 784 783 813 814
f 785 784 814 815
f 786 785 815 816
f 787 786 816 817
f 788 787 817 818
f 789 788 818 819
f 790 789 819 820
f 791 790 820 821
f 792 791 821 822
f 793 792 822 823
f 794 793 823 824
f 795 794 824 825
f 796 795 825 826
f 797 796 826 827
f 798 797 827 828
f 799 798 828 829
f 800 799 829 830
f 801 800 830 831
f 802 801 831 832
f 803 802 832 833
f 804 803 833 834
f 805 804 834 835
f 806 805 835 836
f 807 806 836 837
f 808 807 837 838
f 809 808 838 839
f 810 809 839 840
f 812 811 841 842
f 813 812 842 843
f 814 813 843 844
f 815 814 844 845
f 816 815 845 846
f 817 816 846 847
f 818 817 847 848
f 819 818 848 849
f 820 819 849 850
f 821 820 850 851
f 822 821 851 852
f 823 822 852 853
f 824 823 853 854
f 825 824 854 855
f 826 825 855 856
f 827 826 856 857
f 828 827 857 858
f 829 828 858 859
f 830 829 859 860
f 831 830 860 861
f 832 831 861 862
f 833 832 862 863
f 834 833 863 864
f 835 834 864 865
f 836 835 865 866
f 837 836 866 867
f 838 837 867 868
f 839 838 868 869
f 840 839 869 870
f 842 841 871 872
f 843 842 872 873
f 844 843 873 874
f 845 844 874 875
f 846 845 875 876
f 847 846 876 877
f 848 847 877 878
f 849 848 878 879
f 850 849 879 880
f 851 850 880 881
f 852 851 881 882
f 853 852 882 883
f 854 853 883 884
f 855 854 884 885
f 856 855 885 886
f 857 856 886 887
f 858 857 887 888
f 859 858 888 889
f 860 859 889 890
f 861 860 890 891
f 862 861 891 892
f 863 862 892 893
f 864 863 893 894
f 865 864 894 895
f 866 865 895 896
f 867 866 896 897
f 868 867 897 898
f 869 868 898 899
f 870 869 899 900
