# Blender v2.79 (sub 0) OBJ File: ''
# www.blender.org
v -5.000000 0.000000 5.000000
v -5.000000 0.000000 4.473684
v -5.000000 0.000000 3.947368
v -5.000000 0.000000 3.421053
v -5.000000 0.000000 2.894737
v -5.000000 0.000000 2.368421
v -5.000000 0.000000 1.842105
v -5.000000 0.000000 1.315789
v -5.000000 0.000000 0.789474
v -5.000000 0.000000 0.263158
v -5.000000 0.000000 -0.263158
v -5.000000 0.000000 -0.789474
v -5.000000 0.000000 -1.315789
v -5.000000 0.000000 -1.842105
v -5.000000 0.000000 -2.368421
v -5.000000 0.000000 -2.894737
v -5.000000 0.000000 -3.421053
v -5.000000 0.000000 -3.947368
v -5.000000 0.000000 -4.473684
v -5.000000 0.000000 -5.000000
v -4.473684 0.000000 5.000000
v -4.473684 0.000000 4.473684
v -4.473684 0.000000 3.947368
v -4.473684 -0.000814 3.421053
v -4.473684 0.020012 2.894737
v -4.473684 -0.007519 2.368421
v -4.473684 0.012511 1.842105
v -4.473684 0.012171 1.315789
v -4.473684 -0.004937 0.789474
v -4.473684 -0.045686 0.263158
v -4.473684 0.032567 -0.263158
v -4.473684 -0.006176 -0.789474
v -4.473684 -0.001875 -1.315789
v -4.473684 -0.000314 -1.842105
v -4.473684 -0.002812 -2.368421
v -4.473684 0.002009 -2.894737
v -4.473684 0.003843 -3.421053
v -4.473684 0.000000 -3.947368
v -4.473684 0.000000 -4.473684
v -4.473684 0.000000 -5.000000
v -3.947368 0.000000 5.000000
v -3.947368 0.000000 4.473684
v -3.947368 -0.013563 3.947368
v -3.947368 0.017729 3.421053
v -3.947368 0.125327 2.894737
v -3.947368 0.019079 2.368421
v -3.947368 0.084243 1.842105
v -3.947368 0.016191 1.315789
v -3.947368 -0.064059 0.789474
v -3.947368 -0.109469 0.263158
v -3.947368 0.121874 -0.263158
v -3.947368 0.162422 -0.789474
v -3.947368 -0.019358 -1.315789
v -3.947368 0.136870 -1.842105
v -3.947368 0.093312 -2.368421
v -3.947368 0.062271 -2.894737
v -3.947368 -0.030808 -3.421053
v -3.947368 -0.002770 -3.947368
v -3.947368 0.000000 -4.473684
v -3.947368 0.000000 -5.000000
v -3.421053 0.000000 5.000000
v -3.421053 -0.000591 4.473684
v -3.421053 -0.044154 3.947368
v -3.421053 -0.007649 3.421053
v -3.421053 -0.055210 2.894737
v -3.421053 -0.048900 2.368421
v -3.421053 0.073602 1.842105
v -3.421053 0.119990 1.315789
v -3.421053 -0.027877 0.789474
v -3.421053 -0.074143 0.263158
v -3.421053 0.071761 -0.263158
v -3.421053 0.313894 -0.789474
v -3.421053 0.026256 -1.315789
v -3.421053 0.183927 -1.842105
v -3.421053 -0.006544 -2.368421
v -3.421053 -0.010781 -2.894737
v -3.421053 -0.041035 -3.421053
v -3.421053 -0.053609 -3.947368
v -3.421053 0.001546 -4.473684
v -3.421053 0.000000 -5.000000
v -2.894737 0.000000 5.000000
v -2.894737 0.001624 4.473684
v -2.894737 -0.073583 3.947368
v -2.894737 -0.018614 3.421053
v -2.894737 0.059820 2.894737
v -2.894737 -0.338480 2.368421
v -2.894737 -0.158184 1.842105
v -2.894737 0.249219 1.315789
v -2.894737 0.188959 0.789474
v -2.894737 0.047894 0.263158
v -2.894737 -0.212697 -0.263158
v -2.894737 -0.182997 -0.789474
v -2.894737 -0.056626 -1.315789
v -2.894737 0.016456 -1.842105
v -2.894737 -0.242845 -2.368421
v -2.894737 -0.074059 -2.894737
v -2.894737 -0.193882 -3.421053
v -2.894737 -0.061056 -3.947368
v -2.894737 0.005893 -4.473684
v -2.894737 0.000000 -5.000000
v -2.368421 0.000000 5.000000
v -2.368421 -0.014895 4.473684
v -2.368421 -0.055156 3.947368
v -2.368421 0.006242 3.421053
v -2.368421 -0.105320 2.894737
v -2.368421 -0.258297 2.368421
v -2.368421 -0.265370 1.842105
v -2.368421 0.014523 1.315789
v -2.368421 -0.004669 0.789474
v -2.368421 0.001313 0.263158
v -2.368421 -0.139041 -0.263158
v -2.368421 -0.211950 -0.789474
v -2.368421 -0.051387 -1.315789
v -2.368421 -0.093702 -1.842105
v -2.368421 0.202141 -2.368421
v -2.368421 0.120246 -2.894737
v -2.368421 -0.070826 -3.421053
v -2.368421 0.051552 -3.947368
v -2.368421 0.004291 -4.473684
v -2.368421 0.000000 -5.000000
v -1.842105 0.000000 5.000000
v -1.842105 0.004055 4.473684
v -1.842105 -0.005575 3.947368
v -1.842105 -0.005398 3.421053
v -1.842105 0.140889 2.894737
v -1.842105 -0.129770 2.368421
v -1.842105 -0.041455 1.842105
v -1.842105 0.270539 1.315789
v -1.842105 -0.039044 0.789474
v -1.842105 -0.101926 0.263158
v -1.842105 -0.149007 -0.263158
v -1.842105 0.026318 -0.789474
v -1.842105 -0.004544 -1.315789
v -1.842105 -0.304238 -1.842105
v -1.842105 0.174610 -2.368421
v -1.842105 -0.079785 -2.894737
v -1.842105 -0.069907 -3.421053
v -1.842105 0.109193 -3.947368
v -1.842105 0.003398 -4.473684
v -1.842105 0.000000 -5.000000
v -1.315789 0.000000 5.000000
v -1.315789 -0.022295 4.473684
v -1.315789 0.027865 3.947368
v -1.315789 -0.320554 3.421053
v -1.315789 -0.008733 2.894737
v -1.315789 -0.033363 2.368421
v -1.315789 0.100558 1.842105
v -1.315789 -0.057736 1.315789
v -1.315789 0.113248 0.789474
v -1.315789 -0.173397 0.263158
v -1.315789 -0.632085 -0.263158
v -1.315789 -0.540047 -0.789474
v -1.315789 -0.023232 -1.315789
v -1.315789 0.079972 -1.842105
v -1.315789 0.227995 -2.368421
v -1.315789 -0.178760 -2.894737
v -1.315789 0.022250 -3.421053
v -1.315789 -0.107607 -3.947368
v -1.315789 -0.007343 -4.473684
v -1.315789 0.000000 -5.000000
v -0.789474 0.000000 5.000000
v -0.789474 -0.046716 4.473684
v -0.789474 -0.033239 3.947368
v -0.789474 0.019530 3.421053
v -0.789474 -0.170387 2.894737
v -0.789474 -0.346087 2.368421
v -0.789474 -0.248721 1.842105
v -0.789474 -0.020447 1.315789
v -0.789474 -0.093116 0.789474
v -0.789474 -0.120907 0.263158
v -0.789474 0.273806 -0.263158
v -0.789474 -0.224316 -0.789474
v -0.789474 -0.108094 -1.315789
v -0.789474 -0.472239 -1.842105
v -0.789474 -0.207933 -2.368421
v -0.789474 0.068853 -2.894737
v -0.789474 -0.041035 -3.421053
v -0.789474 -0.068547 -3.947368
v -0.789474 -0.001981 -4.473684
v -0.789474 0.000000 -5.000000
v -0.263158 0.000000 5.000000
v -0.263158 -0.012768 4.473684
v -0.263158 0.090257 3.947368
v -0.263158 0.145937 3.421053
v -0.263158 0.062737 2.894737
v -0.263158 -0.142528 2.368421
v -0.263158 0.006914 1.842105
v -0.263158 -0.516531 1.315789
v -0.263158 -0.088630 0.789474
v -0.263158 -0.131197 0.263158
v -0.263158 0.074594 -0.263158
v -0.263158 -0.217934 -0.789474
v -0.263158 0.164134 -1.315789
v -0.263158 -0.388797 -1.842105
v -0.263158 0.277666 -2.368421
v -0.263158 -0.154592 -2.894737
v -0.263158 -0.147665 -3.421053
v -0.263158 -0.117717 -3.947368
v -0.263158 0.004757 -4.473684
v -0.263158 0.000000 -5.000000
v 0.263158 0.000000 5.000000
v 0.263158 0.027475 4.473684
v 0.263158 0.055120 3.947368
v 0.263158 -0.011559 3.421053
v 0.263158 -0.153607 2.894737
v 0.263158 0.095994 2.368421
v 0.263158 0.155298 1.842105
v 0.263158 0.113565 1.315789
v 0.263158 0.180726 0.789474
v 0.263158 0.056562 0.263158
v 0.263158 -0.225003 -0.263158
v 0.263158 0.042545 -0.789474
v 0.263158 0.019065 -1.315789
v 0.263158 0.142680 -1.842105
v 0.263158 -0.031375 -2.368421
v 0.263158 0.053155 -2.894737
v 0.263158 0.027282 -3.421053
v 0.263158 -0.012062 -3.947368
v 0.263158 0.033079 -4.473684
v 0.263158 0.000000 -5.000000
v 0.789474 0.000000 5.000000
v 0.789474 0.031363 4.473684
v 0.789474 0.031001 3.947368
v 0.789474 -0.047938 3.421053
v 0.789474 -0.019819 2.894737
v 0.789474 -0.197504 2.368421
v 0.789474 -0.491443 1.842105
v 0.789474 -0.205438 1.315789
v 0.789474 -0.160694 0.789474
v 0.789474 0.476590 0.263158
v 0.789474 0.367992 -0.263158
v 0.789474 -0.138602 -0.789474
v 0.789474 0.072359 -1.315789
v 0.789474 0.116747 -1.842105
v 0.789474 -0.152234 -2.368421
v 0.789474 -0.111394 -2.894737
v 0.789474 -0.063741 -3.421053
v 0.789474 -0.073870 -3.947368
v 0.789474 -0.014526 -4.473684
v 0.789474 0.000000 -5.000000
v 1.315789 0.000000 5.000000
v 1.315789 -0.006967 4.473684
v 1.315789 0.035348 3.947368
v 1.315789 0.184415 3.421053
v 1.315789 0.156497 2.894737
v 1.315789 0.036549 2.368421
v 1.315789 -0.209713 1.842105
v 1.315789 -0.117067 1.315789
v 1.315789 -0.466736 0.789474
v 1.315789 0.157845 0.263158
v 1.315789 -0.046853 -0.263158
v 1.315789 -0.225311 -0.789474
v 1.315789 0.308031 -1.315789
v 1.315789 0.287667 -1.842105
v 1.315789 0.075475 -2.368421
v 1.315789 0.081802 -2.894737
v 1.315789 0.043719 -3.421053
v 1.315789 -0.018333 -3.947368
v 1.315789 -0.039949 -4.473684
v 1.315789 0.000000 -5.000000
v 1.842105 0.000000 5.000000
v 1.842105 -0.006870 4.473684
v 1.842105 0.031463 3.947368
v 1.842105 -0.093517 3.421053
v 1.842105 -0.178783 2.894737
v 1.842105 -0.006002 2.368421
v 1.842105 -0.017242 1.842105
v 1.842105 0.311223 1.315789
v 1.842105 0.355406 0.789474
v 1.842105 -0.517541 0.263158
v 1.842105 -0.351383 -0.263158
v 1.842105 -0.167744 -0.789474
v 1.842105 0.088032 -1.315789
v 1.842105 0.198902 -1.842105
v 1.842105 0.120132 -2.368421
v 1.842105 0.007865 -2.894737
v 1.842105 0.152195 -3.421053
v 1.842105 -0.077648 -3.947368
v 1.842105 0.016052 -4.473684
v 1.842105 0.000000 -5.000000
v 2.368421 0.000000 5.000000
v 2.368421 0.002217 4.473684
v 2.368421 -0.086639 3.947368
v 2.368421 0.143490 3.421053
v 2.368421 -0.052393 2.894737
v 2.368421 0.042401 2.368421
v 2.368421 -0.331955 1.842105
v 2.368421 -0.198379 1.315789
v 2.368421 0.152941 0.789474
v 2.368421 0.536099 0.263158
v 2.368421 -0.000528 -0.263158
v 2.368421 -0.185092 -0.789474
v 2.368421 -0.187134 -1.315789
v 2.368421 0.162397 -1.842105
v 2.368421 -0.144168 -2.368421
v 2.368421 -0.025403 -2.894737
v 2.368421 0.026393 -3.421053
v 2.368421 -0.074489 -3.947368
v 2.368421 -0.010606 -4.473684
v 2.368421 0.000000 -5.000000
v 2.894737 0.000000 5.000000
v 2.894737 0.006362 4.473684
v 2.894737 0.024157 3.947368
v 2.894737 0.006870 3.421053
v 2.894737 -0.121666 2.894737
v 2.894737 0.038534 2.368421
v 2.894737 0.154094 1.842105
v 2.894737 -0.323524 1.315789
v 2.894737 -0.096215 0.789474
v 2.894737 -0.097486 0.263158
v 2.894737 -0.067649 -0.263158
v 2.894737 0.224664 -0.789474
v 2.894737 0.237572 -1.315789
v 2.894737 0.027430 -1.842105
v 2.894737 -0.074196 -2.368421
v 2.894737 -0.110279 -2.894737
v 2.894737 0.012514 -3.421053
v 2.894737 -0.017605 -3.947368
v 2.894737 0.012870 -4.473684
v 2.894737 0.000000 -5.000000
v 3.421053 0.000000 5.000000
v 3.421053 -0.000879 4.473684
v 3.421053 -0.023459 3.947368
v 3.421053 0.067648 3.421053
v 3.421053 0.140752 2.894737
v 3.421053 -0.040468 2.368421
v 3.421053 -0.065066 1.842105
v 3.421053 -0.015806 1.315789
v 3.421053 -0.203671 0.789474
v 3.421053 0.017062 0.263158
v 3.421053 0.110017 -0.263158
v 3.421053 -0.184016 -0.789474
v 3.421053 0.064161 -1.315789
v 3.421053 0.049174 -1.842105
v 3.421053 0.068395 -2.368421
v 3.421053 0.124383 -2.894737
v 3.421053 0.012085 -3.421053
v 3.421053 0.011770 -3.947368
v 3.421053 0.001652 -4.473684
v 3.421053 0.000000 -5.000000
v 3.947368 0.000000 5.000000
v 3.947368 0.000000 4.473684
v 3.947368 -0.009694 3.947368
v 3.947368 -0.033229 3.421053
v 3.947368 0.017060 2.894737
v 3.947368 -0.049450 2.368421
v 3.947368 0.044156 1.842105
v 3.947368 0.027868 1.315789
v 3.947368 0.052191 0.789474
v 3.947368 0.038445 0.263158
v 3.947368 0.218338 -0.263158
v 3.947368 0.100631 -0.789474
v 3.947368 -0.003828 -1.315789
v 3.947368 -0.020714 -1.842105
v 3.947368 0.024919 -2.368421
v 3.947368 -0.073367 -2.894737
v 3.947368 0.006899 -3.421053
v 3.947368 -0.001960 -3.947368
v 3.947368 0.000000 -4.473684
v 3.947368 0.000000 -5.000000
v 4.473684 0.000000 5.000000
v 4.473684 0.000000 4.473684
v 4.473684 0.000000 3.947368
v 4.473684 0.000930 3.421053
v 4.473684 0.024480 2.894737
v 4.473684 -0.009973 2.368421
v 4.473684 -0.002919 1.842105
v 4.473684 0.000595 1.315789
v 4.473684 0.010203 0.789474
v 4.473684 0.021242 0.263158
v 4.473684 0.014651 -0.263158
v 4.473684 -0.003563 -0.789474
v 4.473684 -0.007025 -1.315789
v 4.473684 -0.015129 -1.842105
v 4.473684 -0.008735 -2.368421
v 4.473684 0.005405 -2.894737
v 4.473684 0.001319 -3.421053
v 4.473684 0.000000 -3.947368
v 4.473684 0.000000 -4.473684
v 4.473684 0.000000 -5.000000
v 5.000000 0.000000 5.000000
v 5.000000 0.000000 4.473684
v 5.000000 0.000000 3.947368
v 5.000000 0.000000 3.421053
v 5.000000 0.000000 2.894737
v 5.000000 0.000000 2.368421
v 5.000000 0.000000 1.842105
v 5.000000 0.000000 1.315789
v 5.000000 0.000000 0.789474
v 5.000000 0.000000 0.263158
v 5.000000 0.000000 -0.263158
v 5.000000 0.000000 -0.789474
v 5.000000 0.000000 -1.315789
v 5.000000 0.000000 -1.842105
v 5.000000 0.000000 -2.368421
v 5.000000 0.000000 -2.894737
v 5.000000 0.000000 -3.421053
v 5.000000 0.000000 -3.947368
v 5.000000 0.000000 -4.473684
v 5.000000 0.000000 -5.000000
s 1
f 2 1 21 22
f 3 2 22 23
f 4 3 23 24
f 5 4 24 25
f 6 5 25 26
f 7 6 26 27
f 8 7 27 28
f 9 8 28 29
f 10 9 29 30
f 11 10 30 31
f 12 11 31 32
f 13 12 32 33
f 14 13 33 34
f 15 14 34 35
f 16 15 35 36
f 17 16 36 37
f 18 17 37 38
f 19 18 38 39
f 20 19 39 40
f 22 21 41 42
f 23 22 42 43
f 24 23 43 44
f 25 24 44 45
f 26 25 45 46
f 27 26 46 47
f 28 27 47 48
f 29 28 48 49
f 30 29 49 50
f 31 30 50 51
f 32 31 51 52
f 33 32 52 53
f 34 33 53 54
f 35 34 54 55
f 36 35 55 56
f 37 36 56 57
f 38 37 57 58
f 39 38 58 59
f 40 39 59 60
f 42 41 61 62
f 43 42 62 63
f 44 43 63 64
f 45 44 64 65
f 46 45 65 66
f 47 46 66 67
f 48 47 67 68
f 49 48 68 69
f 50 49 69 70
f 51 50 70 71
f 52 51 71 72
f 53 52 72 73
f 54 53 73 74
f 55 54 74 75
f 56 55 75 76
f 57 56 76 77
f 58 57 77 78
f 59 58 78 79
f 60 59 79 80
f 62 61 81 82
f 63 62 82 83
f 64 63 83 84
f 65 64 84 85
f 66 65 85 86
f 67 66 86 87
f 68 67 87 88
f 69 68 88 89
f 70 69 89 90
f 71 70 90 91
f 72 71 91 92
f 73 72 92 93
f 74 73 93 94
f 75 74 94 95
f 76 75 95 96
f 77 76 96 97
f 78 77 97 98
f 79 78 98 99
f 80 79 99 100
f 82 81 101 102
f 83 82 102 103
f 84 83 103 104
f 85 84 104 105
f 86 85 105 106
f 87 86 106 107
f 88 87 107 108
f 89 88 108 109
f 90 89 109 110
f 91 90 110 111
f 92 91 111 112
f 93 92 112 113
f 94 93 113 114
f 95 94 114 115
f 96 95 115 116
f 97 96 116 117
f 98 97 117 118
f 99 98 118 119
f 100 99 119 120
f 102 101 121 122
f 103 102 122 123
f 104 103 123 124
f 105 104 124 125
f 106 105 125 126
f 107 106 126 127
f 108 107 127 128
f 109 108 128 129
f 110 109 129 130
f 111 110 130 131
f 112 111 131 132
f 113 112 132 133
f 114 113 133 134
f 115 114 134 135
f 116 115 135 136
f 117 116 136 137
f 118 117 137 138
f 119 118 138 139
f 120 119 139 140
f 122 121 141 142
f 123 122 142 143
f 124 123 143 144
f 125 124 144 145
f 126 125 145 146
f 127 126 146 147
f 128 127 147 148
f 129 128 148 149
f 130 129 149 150
f 131 130 150 151
f 132 131 151 152
f 133 132 152 153
f 134 133 153 154
f 135 134 154 155
f 136 135 155 156
f 137 136 156 157
f 138 137 157 158
f 139 138 158 159
f 140 139 159 160
f 142 141 161 162
f 143 142 162 163
f 144 143 163 164
f 145 144 164 165
f 146 145 165 166
f 147 146 166 167
f 148 147 167 168
f 149 148 168 169
f 150 149 169 170
f 151 150 170 171
f 152 151 171 172
f 153 152 172 173
f 154 153 173 174
f 155 154 174 175
f 156 155 175 176
f 157 156 176 177
f 158 157 177 178
f 159 158 178 179
f 160 159 179 180
f 162 161 181 182
f 163 162 182 183
f 164 163 183 184
f 165 164 184 185
f 166 165 185 186
f 167 166 186 187
f 168 167 187 188
f 169 168 188 189
f 170 169 189 190
f 171 170 190 191
f 172 171 191 192
f 173 172 192 193
f 174 173 193 194
f 175 174 194 195
f 176 175 195 196
f 177 176 196 197
f 178 177 197 198
f 179 178 198 199
f 180 179 199 200
f 182 181 201 202
f 183 182 202 203
f 184 183 203 204
f 185 184 204 205
f 186 185 205 206
f 187 186 206 207
f 188 187 207 208
f 189 188 208 209
f 190 189 209 210
f 191 190 210 211
f 192 191 211 212
f 193 192 212 213
f 194 193 213 214
f 195 194 214 215
f 196 195 215 216
f 197 196 216 217
f 198 197 217 218
f 199 198 218 219
f 200 199 219 220
f 202 201 221 222
f 203 202 222 223
f 204 203 223 224
f 205 204 224 225
f 206 205 225 226
f 207 206 226 227
f 208 207 227 228
f 209 208 228 229
f 210 209 229 230
f 211 210 230 231
f 212 211 231 232
f 213 212 232 233
f 214 213 233 234
f 215 214 234 235
f 216 215 235 236
f 217 216 236 237
f 218 217 237 238
f 219 218 238 239
f 220 219 239 240
f 222 221 241 242
f 223 222 242 243
f 224 223 243 244
f 225 224 244 245
f 226 225 245 246
f 227 226 246 247
f 228 227 247 248
f 229 228 248 249
f 230 229 249 250
f 231 230 250 251
f 232 231 251 252
f 233 232 252 253
f 234 233 253 254
f 235 234 254 255
f 236 235 255 256
f 237 236 256 257
f 238 237 257 258
f 239 238 258 259
f 240 239 259 260
f 242 241 261 262
f 243 242 262 263
f 244 243 263 264
f 245 244 264 265
f 246 245 265 266
f 247 246 266 267
f 248 247 267 268
f 249 248 268 269
f 250 249 269 270
f 251 250 270 271
f 252 251 271 272
f 253 252 272 273
f 254 253 273 274
f 255 254 274 275
f 256 255 275 276
f 257 256 276 277
f 258 257 277 278
f 259 258 278 279
f 260 259 279 280
f 262 261 281 282
f 263 262 282 283
f 264 263 283 284
f 265 264 284 285
f 266 265 285 286
f 267 266 286 287
f 268 267 287 288
f 269 268 288 289
f 270 269 289 290
f 271 270 290 291
f 272 271 291 292
f 273 272 292 293
f 274 273 293 294
f 275 274 294 295
f 276 275 295 296
f 277 276 296 297
f 278 277 297 298
f 279 278 298 299
f 280 279 299 300
f 282 281 301 302
f 283 282 302 303
f 284 283 303 304
f 285 284 304 305
f 286 285 305 306
f 287 286 306 307
f 288 287 307 308
f 289 288 308 309
f 290 289 309 310
f 291 290 310 311
f 292 291 311 312
f 293 292 312 313
f 294 293 313 314
f 295 294 314 315
f 296 295 315 316
f 297 296 316 317
f 298 297 317 318
f 299 298 318 319
f 300 299 319 320
f 302 301 321 322
f 303 302 322 323
f 304 303 323 324
f 305 304 324 325
f 306 305 325 326
f 307 306 326 327
f 308 307 327 328
f 309 308 328 329
f 310 309 329 330
f 311 310 330 331
f 312 311 331 332
f 313 312 332 333
f 314 313 333 334
f 315 314 334 335
f 316 315 335 336
f 317 316 336 337
f 318 317 337 338
f 319 318 338 339
f 320 319 339 340
f 322 321 341 342
f 323 322 342 343
f 324 323 343 344
f 325 324 344 345
f 326 325 345 346
f 327 326 346 347
f 328 327 347 348
f 329 328 348 349
f 330 329 349 350
f 331 330 350 351
f 332 331 351 352
f 333 332 352 353
f 334 333 353 354
f 335 334 354 355
f 336 335 355 356
f 337 336 356 357
f 338 337 357 358
f 339 338 358 359
f 340 339 359 360
f 342 341 361 362
f 343 342 362 363
f 344 343 363 364
f 345 344 364 365
f 346 345 365 366
f 347 346 366 367
f 348 347 367 368
f 349 348 368 369
f 350 349 369 370
f 351 350 370 371
f 352 351 371 372
f 353 352 372 373
f 354 353 373 374
f 355 354 374 375
f 356 355 375 376
f 357 356 376 377
f 358 357 377 378
f 359 358 378 379
f 360 359 379 380
f 362 361 381 382
f 363 362 382 383
f 364 363 383 384
f 365 364 384 385
f 366 365 385 386
f 367 366 386 387
f 368 367 387 388
f 369 368 388 389
f 370 369 389 390
f 371 370 390 391
f 372 371 391 392
f 373 372 392 393
f 374 373 393 394
f 375 374 394 395
f 376 375 395 396
f 377 376 396 397
f 378 377 397 398
f 379 378 398 399
f 380 379 399 400
