# Blender v2.79 (sub 0) OBJ File: ''
# www.blender.org
v -5.000000 0.000000 5.000000
v -5.000000 0.000000 4.411765
v -5.000000 0.000000 3.823529
v -5.000000 0.000000 3.235294
v -5.000000 0.000000 2.647059
v -5.000000 0.000000 2.058824
v -5.000000 0.000000 1.470588
v -5.000000 0.000000 0.882353
v -5.000000 0.000000 0.294118
v -5.000000 0.000000 -0.294118
v -5.000000 0.000000 -0.882353
v -5.000000 0.000000 -1.470588
v -5.000000 0.000000 -2.058824
v -5.000000 0.000000 -2.647059
v -5.000000 0.000000 -3.235294
v -5.000000 0.000000 -3.823529
v -5.000000 0.000000 -4.411765
v -5.000000 0.000000 -5.000000
v -4.411765 0.000000 5.000000
v -4.411765 0.000000 4.411765
v -4.411765 -0.000125 3.823529
v -4.411765 0.016452 3.235294
v -4.411765 0.033084 2.647059
v -4.411765 -0.026648 2.058824
v -4.411765 0.011940 1.470588
v -4.411765 -0.038268 0.882353
v -4.411765 -0.018151 0.294118
v -4.411765 0.085952 -0.294118
v -4.411765 -0.001820 -0.882353
v -4.411765 -0.027329 -1.470588
v -4.411765 -0.000074 -2.058824
v -4.411765 0.005136 -2.647059
v -4.411765 0.009477 -3.235294
v -4.411765 0.000290 -3.823529
v -4.411765 0.000000 -4.411765
v -4.411765 0.000000 -5.000000
v -3.823529 0.000000 5.000000
v -3.823529 0.000532 4.411765
v -3.823529 -0.013408 3.823529
v -3.823529 0.039415 3.235294
v -3.823529 0.060135 2.647059
v -3.823529 -0.027528 2.058824
v -3.823529 0.050332 1.470588
v -3.823529 0.122305 0.882353
v -3.823529 -0.014384 0.294118
v -3.823529 0.052173 -0.294118
v -3.823529 0.249745 -0.882353
v -3.823529 0.125918 -1.470588
v -3.823529 0.140506 -2.058824
v -3.823529 0.046217 -2.647059
v -3.823529 -0.050663 -3.235294
v -3.823529 -0.015714 -3.823529
v -3.823529 -0.000211 -4.411765
v -3.823529 0.000000 -5.000000
v -3.235294 0.000000 5.000000
v -3.235294 -0.001434 4.411765
v -3.235294 -0.081638 3.823529
v -3.235294 0.044026 3.235294
v -3.235294 -0.013763 2.647059
v -3.235294 -0.150129 2.058824
v -3.235294 -0.045361 1.470588
v -3.235294 0.087854 0.882353
v -3.235294 0.090611 0.294118
v -3.235294 -0.082145 -0.294118
v -3.235294 0.211614 -0.882353
v -3.235294 -0.171429 -1.470588
v -3.235294 -0.103065 -2.058824
v -3.235294 -0.059921 -2.647059
v -3.235294 0.010266 -3.235294
v -3.235294 -0.059306 -3.823529
v -3.235294 -0.002610 -4.411765
v -3.235294 0.000000 -5.000000
v -2.647059 0.000000 5.000000
v -2.647059 0.009827 4.411765
v -2.647059 -0.104125 3.823529
v -2.647059 0.063627 3.235294
v -2.647059 0.016196 2.647059
v -2.647059 -0.276902 2.058824
v -2.647059 0.028325 1.470588
v -2.647059 0.154305 0.882353
v -2.647059 0.048189 0.294118
v -2.647059 0.017208 -0.294118
v -2.647059 -0.415060 -0.882353
v -2.647059 -0.070083 -1.470588
v -2.647059 -0.436674 -2.058824
v -2.647059 0.070292 -2.647059
v -2.647059 0.128235 -3.235294
v -2.647059 -0.013192 -3.823529
v -2.647059 -0.000513 -4.411765
v -2.647059 0.000000 -5.000000
v -2.058824 0.000000 5.000000
v -2.058824 -0.006460 4.411765
v -2.058824 -0.042945 3.823529
v -2.058824 0.040571 3.235294
v -2.058824 -0.034132 2.647059
v -2.058824 0.111595 2.058824
v -2.058824 -0.295402 1.470588
v -2.058824 -0.032465 0.882353
v -2.058824 -0.024659 0.294118
v -2.058824 -0.442155 -0.294118
v -2.058824 0.106551 -0.882353
v -2.058824 0.398267 -1.470588
v -2.058824 0.106963 -2.058824
v -2.058824 0.177953 -2.647059
v -2.058824 0.087699 -3.235294
v -2.058824 -0.015376 -3.823529
v -2.058824 0.003022 -4.411765
v -2.058824 0.000000 -5.000000
v -1.470588 0.000000 5.000000
v -1.470588 -0.054571 4.411765
v -1.470588 0.005561 3.823529
v -1.470588 0.138306 3.235294
v -1.470588 0.044644 2.647059
v -1.470588 -0.096930 2.058824
v -1.470588 0.112517 1.470588
v -1.470588 -0.040978 0.882353
v -1.470588 0.122733 0.294118
v -1.470588 -0.527562 -0.294118
v -1.470588 -0.719884 -0.882353
v -1.470588 0.018366 -1.470588
v -1.470588 0.081043 -2.058824
v -1.470588 0.198032 -2.647059
v -1.470588 -0.052078 -3.235294
v -1.470588 -0.033556 -3.823529
v -1.470588 -0.028030 -4.411765
v -1.470588 0.000000 -5.000000
v -0.882353 0.000000 5.000000
v -0.882353 -0.049074 4.411765
v -0.882353 -0.049792 3.823529
v -0.882353 0.191449 3.235294
v -0.882353 0.039625 2.647059
v -0.882353 -0.215697 2.058824
v -0.882353 -0.231477 1.470588
v -0.882353 0.008161 0.882353
v -0.882353 0.112450 0.294118
v -0.882353 0.085162 -0.294118
v -0.882353 -0.166415 -0.882353
v -0.882353 -0.088917 -1.470588
v -0.882353 -0.233427 -2.058824
v -0.882353 -0.289023 -2.647059
v -0.882353 0.029970 -3.235294
v -0.882353 -0.074024 -3.823529
v -0.882353 -0.064219 -4.411765
v -0.882353 0.000000 -5.000000
v -0.294118 0.000000 5.000000
v -0.294118 -0.017771 4.411765
v -0.294118 0.143246 3.823529
v -0.294118 -0.102991 3.235294
v -0.294118 -0.151840 2.647059
v -0.294118 -0.090027 2.058824
v -0.294118 -0.366140 1.470588
v -0.294118 0.019223 0.882353
v -0.294118 -0.225660 0.294118
v -0.294118 0.091982 -0.294118
v -0.294118 -0.386246 -0.882353
v -0.294118 0.305961 -1.470588
v -0.294118 0.164764 -2.058824
v -0.294118 -0.089020 -2.647059
v -0.294118 -0.046179 -3.235294
v -0.294118 -0.126282 -3.823529
v -0.294118 -0.007484 -4.411765
v -0.294118 0.000000 -5.000000
v 0.294118 0.000000 5.000000
v 0.294118 0.019748 4.411765
v 0.294118 0.066530 3.823529
v 0.294118 0.108290 3.235294
v 0.294118 0.033276 2.647059
v 0.294118 0.013624 2.058824
v 0.294118 -0.051086 1.470588
v 0.294118 0.595728 0.882353
v 0.294118 0.058051 0.294118
v 0.294118 -0.403910 -0.294118
v 0.294118 0.089089 -0.882353
v 0.294118 0.068962 -1.470588
v 0.294118 -0.006186 -2.058824
v 0.294118 0.055784 -2.647059
v 0.294118 0.006290 -3.235294
v 0.294118 -0.078334 -3.823529
v 0.294118 0.024227 -4.411765
v 0.294118 0.000000 -5.000000
v 0.882353 0.000000 5.000000
v 0.882353 0.027482 4.411765
v 0.882353 -0.050778 3.823529
v 0.882353 -0.076095 3.235294
v 0.882353 -0.212642 2.647059
v 0.882353 -0.388509 2.058824
v 0.882353 -0.020834 1.470588
v 0.882353 -0.475199 0.882353
v 0.882353 0.242751 0.294118
v 0.882353 0.493401 -0.294118
v 0.882353 0.195987 -0.882353
v 0.882353 0.070582 -1.470588
v 0.882353 -0.056319 -2.058824
v 0.882353 -0.014315 -2.647059
v 0.882353 0.055575 -3.235294
v 0.882353 -0.129213 -3.823529
v 0.882353 -0.037636 -4.411765
v 0.882353 0.000000 -5.000000
v 1.470588 0.000000 5.000000
v 1.470588 -0.055244 4.411765
v 1.470588 0.061208 3.823529
v 1.470588 0.049934 3.235294
v 1.470588 0.198113 2.647059
v 1.470588 0.017548 2.058824
v 1.470588 -0.044179 1.470588
v 1.470588 -0.030196 0.882353
v 1.470588 -0.261007 0.294118
v 1.470588 -0.135707 -0.294118
v 1.470588 -0.319452 -0.882353
v 1.470588 0.274328 -1.470588
v 1.470588 0.004031 -2.058824
v 1.470588 0.009516 -2.647059
v 1.470588 0.132122 -3.235294
v 1.470588 0.005993 -3.823529
v 1.470588 -0.057577 -4.411765
v 1.470588 0.000000 -5.000000
v 2.058824 0.000000 5.000000
v 2.058824 -0.010749 4.411765
v 2.058824 0.044464 3.823529
v 2.058824 -0.133756 3.235294
v 2.058824 0.036059 2.647059
v 2.058824 0.089989 2.058824
v 2.058824 0.231682 1.470588
v 2.058824 -0.133513 0.882353
v 2.058824 0.224241 0.294118
v 2.058824 -0.450499 -0.294118
v 2.058824 -0.216555 -0.882353
v 2.058824 0.229645 -1.470588
v 2.058824 -0.228095 -2.058824
v 2.058824 0.178216 -2.647059
v 2.058824 0.014460 -3.235294
v 2.058824 -0.106135 -3.823529
v 2.058824 0.030600 -4.411765
v 2.058824 0.000000 -5.000000
v 2.647059 0.000000 5.000000
v 2.647059 0.019924 4.411765
v 2.647059 -0.019582 3.823529
v 2.647059 -0.158345 3.235294
v 2.647059 0.116622 2.647059
v 2.647059 -0.153468 2.058824
v 2.647059 -0.312959 1.470588
v 2.647059 -0.085599 0.882353
v 2.647059 -0.005807 0.294118
v 2.647059 -0.072956 -0.294118
v 2.647059 0.410097 -0.882353
v 2.647059 0.158973 -1.470588
v 2.647059 0.400359 -2.058824
v 2.647059 0.118705 -2.647059
v 2.647059 -0.040623 -3.235294
v 2.647059 -0.000738 -3.823529
v 2.647059 0.023013 -4.411765
v 2.647059 0.000000 -5.000000
v 3.235294 0.000000 5.000000
v 3.235294 -0.000688 4.411765
v 3.235294 -0.050429 3.823529
v 3.235294 0.047012 3.235294
v 3.235294 -0.043081 2.647059
v 3.235294 -0.068791 2.058824
v 3.235294 -0.204512 1.470588
v 3.235294 -0.229083 0.882353
v 3.235294 0.009800 0.294118
v 3.235294 -0.099143 -0.294118
v 3.235294 -0.031013 -0.882353
v 3.235294 0.231594 -1.470588
v 3.235294 0.142637 -2.058824
v 3.235294 0.092896 -2.647059
v 3.235294 0.036954 -3.235294
v 3.235294 0.007622 -3.823529
v 3.235294 0.006482 -4.411765
v 3.235294 0.000000 -5.000000
v 3.823529 0.000000 5.000000
v 3.823529 0.000023 4.411765
v 3.823529 -0.008845 3.823529
v 3.823529 0.007103 3.235294
v 3.823529 -0.121820 2.647059
v 3.823529 -0.015487 2.058824
v 3.823529 -0.004661 1.470588
v 3.823529 0.093747 0.882353
v 3.823529 0.086403 0.294118
v 3.823529 0.224683 -0.294118
v 3.823529 0.031884 -0.882353
v 3.823529 -0.007527 -1.470588
v 3.823529 -0.093089 -2.058824
v 3.823529 -0.048177 -2.647059
v 3.823529 -0.029194 -3.235294
v 3.823529 0.000002 -3.823529
v 3.823529 -0.000113 -4.411765
v 3.823529 0.000000 -5.000000
v 4.411765 0.000000 5.000000
v 4.411765 0.000000 4.411765
v 4.411765 0.000512 3.823529
v 4.411765 0.012726 3.235294
v 4.411765 0.003149 2.647059
v 4.411765 -0.045935 2.058824
v 4.411765 -0.017448 1.470588
v 4.411765 -0.030988 0.882353
v 4.411765 0.009346 0.294118
v 4.411765 0.024590 -0.294118
v 4.411765 0.010285 -0.882353
v 4.411765 -0.035439 -1.470588
v 4.411765 -0.021366 -2.058824
v 4.411765 0.001340 -2.647059
v 4.411765 0.005555 -3.235294
v 4.411765 0.000209 -3.823529
v 4.411765 0.000000 -4.411765
v 4.411765 0.000000 -5.000000
v 5.000000 0.000000 5.000000
v 5.000000 0.000000 4.411765
v 5.000000 0.000000 3.823529
v 5.000000 0.000000 3.235294
v 5.000000 0.000000 2.647059
v 5.000000 0.000000 2.058824
v 5.000000 0.000000 1.470588
v 5.000000 0.000000 0.882353
v 5.000000 0.000000 0.294118
v 5.000000 0.000000 -0.294118
v 5.000000 0.000000 -0.882353
v 5.000000 0.000000 -1.470588
v 5.000000 0.000000 -2.058824
v 5.000000 0.000000 -2.647059
v 5.000000 0.000000 -3.235294
v 5.000000 0.000000 -3.823529
v 5.000000 0.000000 -4.411765
v 5.000000 0.000000 -5.000000
s 1
f 2 1 19 20
f 3 2 20 21
f 4 3 21 22
f 5 4 22 23
f 6 5 23 24
f 7 6 24 25
f 8 7 25 26
f 9 8 26 27
f 10 9 27 28
f 11 10 28 29
f 12 11 29 30
f 13 12 30 31
f 14 13 31 32
f 15 14 32 33
f 16 15 33 34
f 17 16 34 35
f 18 17 35 36
f 20 19 37 38
f 21 20 38 39
f 22 21 39 40
f 23 22 40 41
f 24 23 41 42
f 25 24 42 43
f 26 25 43 44
f 27 26 44 45
f 28 27 45 46
f 29 28 46 47
f 30 29 47 48
f 31 30 48 49
f 32 31 49 50
f 33 32 50 51
f 34 33 51 52
f 35 34 52 53
f 36 35 53 54
f 38 37 55 56
f 39 38 56 57
f 40 39 57 58
f 41 40 58 59
f 42 41 59 60
f 43 42 60 61
f 44 43 61 62
f 45 44 62 63
f 46 45 63 64
f 47 46 64 65
f 48 47 65 66
f 49 48 66 67
f 50 49 67 68
f 51 50 68 69
f 52 51 69 70
f 53 52 70 71
f 54 53 71 72
f 56 55 73 74
f 57 56 74 75
f 58 57 75 76
f 59 58 76 77
f 60 59 77 78
f 61 60 78 79
f 62 61 79 80
f 63 62 80 81
f 64 63 81 82
f 65 64 82 83
f 66 65 83 84
f 67 66 84 85
f 68 67 85 86
f 69 68 86 87
f 70 69 87 88
f 71 70 88 89
f 72 71 89 90
f 74 73 91 92
f 75 74 92 93
f 76 75 93 94
f 77 76 94 95
f 78 77 95 96
f 79 78 96 97
f 80 79 97 98
f 81 80 98 99
f 82 81 99 100
f 83 82 100 101
f 84 83 101 102
f 85 84 102 103
f 86 85 103 104
f 87 86 104 105
f 88 87 105 106
f 89 88 106 107
f 90 89 107 108
f 92 91 109 110
f 93 92 110 111
f 94 93 111 112
f 95 94 112 113
f 96 95 113 114
f 97 96 114 115
f 98 97 115 116
f 99 98 116 117
f 100 99 117 118
f 101 100 118 119
f 102 101 119 120
f 103 102 120 121
f 104 103 121 122
f 105 104 122 123
f 106 105 123 124
f 107 106 124 125
f 108 107 125 126
f 110 109 127 128
f 111 110 128 129
f 112 111 129 130
f 113 112 130 131
f 114 113 131 132
f 115 114 132 133
f 116 115 133 134
f 117 116 134 135
f 118 117 135 136
f 119 118 136 137
f 120 119 137 138
f 121 120 138 139
f 122 121 139 140
f 123 122 140 141
f 124 123 141 142
f 125 124 142 143
f 126 125 143 144
f 128 127 145 146
f 129 128 146 147
f 130 129 147 148
f 131 130 148 149
f 132 131 149 150
f 133 132 150 151
f 134 133 151 152
f 135 134 152 153
f 136 135 153 154
f 137 136 154 155
f 138 137 155 156
f 139 138 156 157
f 140 139 157 158
f 141 140 158 159
f 142 141 159 160
f 143 142 160 161
f 144 143 161 162
f 146 145 163 164
f 147 146 164 165
f 148 147 165 166
f 149 148 166 167
f 150 149 167 168
f 151 150 168 169
f 152 151 169 170
f 153 152 170 171
f 154 153 171 172
f 155 154 172 173
f 156 155 173 174
f 157 156 174 175
f 158 157 175 176
f 159 158 176 177
f 160 159 177 178
f 161 160 178 179
f 162 161 179 180
f 164 163 181 182
f 165 164 182 183
f 166 165 183 184
f 167 166 184 185
f 168 167 185 186
f 169 168 186 187
f 170 169 187 188
f 171 170 188 189
f 172 171 189 190
f 173 172 190 191
f 174 173 191 192
f 175 174 192 193
f 176 175 193 194
f 177 176 194 195
f 178 177 195 196
f 179 178 196 197
f 180 179 197 198
f 182 181 199 200
f 183 182 200 201
f 184 183 201 202
f 185 184 202 203
f 186 185 203 204
f 187 186 204 205
f 188 187 205 206
f 189 188 206 207
f 190 189 207 208
f 191 190 208 209
f 192 191 209 210
f 193 192 210 211
f 194 193 211 212
f 195 194 212 213
f 196 195 213 214
f 197 196 214 215
f 198 197 215 216
f 200 199 217 218
f 201 200 218 219
f 202 201 219 220
f 203 202 220 221
f 204 203 221 222
f 205 204 222 223
f 206 205 223 224
f 207 206 224 225
f 208 207 225 226
f 209 208 226 227
f 210 209 227 228
f 211 210 228 229
f 212 211 229 230
f 213 212 230 231
f 214 213 231 232
f 215 214 232 233
f 216 215 233 234
f 218 217 235 236
f 219 218 236 237
f 220 219 237 238
f 221 220 238 239
f 222 221 239 240
f 223 222 240 241
f 224 223 241 242
f 225 224 242 243
f 226 225 243 244
f 227 226 244 245
f 228 227 245 246
f 229 228 246 247
f 230 229 247 248
f 231 230 248 249
f 232 231 249 250
f 233 232 250 251
f 234 233 251 252
f 236 235 253 254
f 237 236 254 255
f 238 237 255 256
f 239 238 256 257
f 240 239 257 258
f 241 240 258 259
f 242 241 259 260
f 243 242 260 261
f 244 243 261 262
f 245 244 262 263
f 246 245 263 264
f 247 246 264 265
f 248 247 265 266
f 249 248 266 267
f 250 249 267 268
f 251 250 268 269
f 252 251 269 270
f 254 253 271 272
f 255 254 272 273
f 256 255 273 274
f 257 256 274 275
f 258 257 275 276
f 259 258 276 277
f 260 259 277 278
f 261 260 278 279
f 262 261 279 280
f 263 262 280 281
f 264 263 281 282
f 265 264 282 283
f 266 265 283 284
f 267 266 284 285
f 268 267 285 286
f 269 268 286 287
f 270 269 287 288
f 272 271 289 290
f 273 272 290 291
f 274 273 291 292
f 275 274 292 293
f 276 275 293 294
f 277 276 294 295
f 278 277 295 296
f 279 278 296 297
f 280 279 297 298
f 281 280 298 299
f 282 281 299 300
f 283 282 300 301
f 284 283 301 302
f 285 284 302 303
f 286 285 303 304
f 287 286 304 305
f 288 287 305 306
f 290 289 307 308
f 291 290 308 309
f 292 291 309 310
f 293 292 310 311
f 294 293 311 312
f 295 294 312 313
f 296 295 313 314
f 297 296 314 315
f 298 297 315 316
f 299 298 316 317
f 300 299 317 318
f 301 300 318 319
f 302 301 319 320
f 303 302 320 321
f 304 303 321 322
f 305 304 322 323
f 306 305 323 324
