# Blender v2.79 (sub 0) OBJ File: ''
# www.blender.org
v -5.000000 0.000000 5.000000
v -5.000000 0.000000 4.714286
v -5.000000 0.000000 4.428571
v -5.000000 0.000000 4.142857
v -5.000000 0.000000 3.857143
v -5.000000 0.000000 3.571429
v -5.000000 0.000000 3.285714
v -5.000000 0.000000 3.000000
v -5.000000 0.000000 2.714286
v -5.000000 0.000000 2.428571
v -5.000000 0.000000 2.142857
v -5.000000 0.000000 1.857143
v -5.000000 0.000000 1.571429
v -5.000000 0.000000 1.285714
v -5.000000 0.000000 1.000000
v -5.000000 0.000000 0.714286
v -5.000000 0.000000 0.428571
v -5.000000 0.000000 0.142857
v -5.000000 0.000000 -0.142857
v -5.000000 0.000000 -0.428571
v -5.000000 0.000000 -0.714286
v -5.000000 0.000000 -1.000000
v -5.000000 0.000000 -1.285714
v -5.000000 0.000000 -1.571429
v -5.000000 0.000000 -1.857143
v -5.000000 0.000000 -2.142857
v -5.000000 0.000000 -2.428571
v -5.000000 0.000000 -2.714286
v -5.000000 0.000000 -3.000000
v -5.000000 0.000000 -3.285714
v -5.000000 0.000000 -3.571429
v -5.000000 0.000000 -3.857143
v -5.000000 0.000000 -4.142857
v -5.000000 0.000000 -4.428571
v -5.000000 0.000000 -4.714286
v -5.000000 0.000000 -5.000000
v -4.714286 0.000000 5.000000
v -4.714286 0.000000 4.714286
v -4.714286 0.000000 4.428571
v -4.714286 0.000000 4.142857
v -4.714286 0.000000 3.857143
v -4.714286 0.000000 3.571429
v -4.714286 -0.000010 3.285714
v -4.714286 0.001604 3.000000
v -4.714286 0.001455 2.714286
v -4.714286 0.004869 2.428571
v -4.714286 -0.002197 2.142857
v -4.714286 -0.000525 1.857143
v -4.714286 -0.004905 1.571429
v -4.714286 0.003378 1.285714
v -4.714286 0.000946 1.000000
v -4.714286 0.006846 0.714286
v -4.714286 -0.000990 0.428571
v -4.714286 0.002619 0.142857
v -4.714286 -0.005011 -0.142857
v -4.714286 0.001241 -0.428571
v -4.714286 -0.002547 -0.714286
v -4.714286 0.003977 -1.000000
v -4.714286 -0.011301 -1.285714
v -4.714286 -0.007906 -1.571429
v -4.714286 -0.010444 -1.857143
v -4.714286 -0.001042 -2.142857
v -4.714286 -0.002681 -2.428571
v -4.714286 -0.001960 -2.714286
v -4.714286 0.000196 -3.000000
v -4.714286 0.000078 -3.285714
v -4.714286 0.000000 -3.571429
v -4.714286 0.000000 -3.857143
v -4.714286 0.000000 -4.142857
v -4.714286 0.000000 -4.428571
v -4.714286 0.000000 -4.714286
v -4.714286 0.000000 -5.000000
v -4.428571 0.000000 5.000000
v -4.428571 0.000000 4.714286
v -4.428571 0.000000 4.428571
v -4.428571 0.000000 4.142857
v -4.428571 0.000005 3.857143
v -4.428571 0.001068 3.571429
v -4.428571 0.014040 3.285714
v -4.428571 0.016504 3.000000
v -4.428571 0.044628 2.714286
v -4.428571 0.009819 2.428571
v -4.428571 -0.025115 2.142857
v -4.428571 0.003857 1.857143
v -4.428571 0.016371 1.571429
v -4.428571 0.031732 1.285714
v -4.428571 -0.010887 1.000000
v -4.428571 0.003117 0.714286
v -4.428571 -0.031334 0.428571
v -4.428571 -0.042639 0.142857
v -4.428571 0.054765 -0.142857
v -4.428571 0.023667 -0.428571
v -4.428571 -0.029719 -0.714286
v -4.428571 -0.029646 -1.000000
v -4.428571 -0.019099 -1.285714
v -4.428571 0.013523 -1.571429
v -4.428571 -0.002637 -1.857143
v -4.428571 -0.005736 -2.142857
v -4.428571 0.020898 -2.428571
v -4.428571 -0.003236 -2.714286
v -4.428571 -0.001916 -3.000000
v -4.428571 0.008056 -3.285714
v -4.428571 -0.001019 -3.571429
v -4.428571 0.000062 -3.857143
v -4.428571 0.000000 -4.142857
v -4.428571 0.000000 -4.428571
v -4.428571 0.000000 -4.714286
v -4.428571 0.000000 -5.000000
v -4.142857 0.000000 5.000000
v -4.142857 0.000000 4.714286
v -4.142857 0.000000 4.428571
v -4.142857 -0.000652 4.142857
v -4.142857 -0.000119 3.857143
v -4.142857 0.004366 3.571429
v -4.142857 0.038186 3.285714
v -4.142857 0.084212 3.000000
v -4.142857 0.059109 2.714286
v -4.142857 0.032855 2.428571
v -4.142857 -0.040703 2.142857
v -4.142857 -0.033547 1.857143
v -4.142857 0.002789 1.571429
v -4.142857 0.089134 1.285714
v -4.142857 0.055943 1.000000
v -4.142857 0.001747 0.714286
v -4.142857 -0.020046 0.428571
v -4.142857 -0.067770 0.142857
v -4.142857 0.009275 -0.142857
v -4.142857 0.007785 -0.428571
v -4.142857 0.076299 -0.714286
v -4.142857 0.013047 -1.000000
v -4.142857 -0.074289 -1.285714
v -4.142857 -0.033811 -1.571429
v -4.142857 0.033860 -1.857143
v -4.142857 0.118903 -2.142857
v -4.142857 0.117205 -2.428571
v -4.142857 0.059232 -2.714286
v -4.142857 -0.000758 -3.000000
v -4.142857 0.012343 -3.285714
v -4.142857 0.005497 -3.571429
v -4.142857 0.005725 -3.857143
v -4.142857 -0.000991 -4.142857
v -4.142857 0.000000 -4.428571
v -4.142857 0.000000 -4.714286
v -4.142857 0.000000 -5.000000
v -3.857143 0.000000 5.000000
v -3.857143 0.000000 4.714286
v -3.857143 0.000153 4.428571
v -3.857143 -0.005610 4.142857
v -3.857143 0.002743 3.857143
v -3.857143 -0.008847 3.571429
v -3.857143 0.031864 3.285714
v -3.857143 0.084747 3.000000
v -3.857143 0.074694 2.714286
v -3.857143 0.093388 2.428571
v -3.857143 -0.056544 2.142857
v -3.857143 0.011295 1.857143
v -3.857143 0.014189 1.571429
v -3.857143 0.041968 1.285714
v -3.857143 0.116948 1.000000
v -3.857143 -0.057951 0.714286
v -3.857143 -0.045940 0.428571
v -3.857143 -0.019230 0.142857
v -3.857143 0.016480 -0.142857
v -3.857143 0.035015 -0.428571
v -3.857143 0.186634 -0.714286
v -3.857143 -0.005975 -1.000000
v -3.857143 0.019191 -1.285714
v -3.857143 -0.003090 -1.571429
v -3.857143 0.229181 -1.857143
v -3.857143 0.122672 -2.142857
v -3.857143 0.107798 -2.428571
v -3.857143 0.027447 -2.714286
v -3.857143 0.041523 -3.000000
v -3.857143 -0.025160 -3.285714
v -3.857143 -0.035388 -3.571429
v -3.857143 -0.004211 -3.857143
v -3.857143 -0.003146 -4.142857
v -3.857143 -0.000001 -4.428571
v -3.857143 0.000000 -4.714286
v -3.857143 0.000000 -5.000000
v -3.571429 0.000000 5.000000
v -3.571429 0.000000 4.714286
v -3.571429 -0.004831 4.428571
v -3.571429 -0.001097 4.142857
v -3.571429 -0.014602 3.857143
v -3.571429 0.000791 3.571429
v -3.571429 0.024821 3.285714
v -3.571429 0.064437 3.000000
v -3.571429 -0.044246 2.714286
v -3.571429 0.020928 2.428571
v -3.571429 0.003097 2.142857
v -3.571429 0.018032 1.857143
v -3.571429 0.096097 1.571429
v -3.571429 0.106621 1.285714
v -3.571429 0.013059 1.000000
v -3.571429 0.032094 0.714286
v -3.571429 -0.114439 0.428571
v -3.571429 -0.051607 0.142857
v -3.571429 0.077826 -0.142857
v -3.571429 0.094637 -0.428571
v -3.571429 0.220936 -0.714286
v -3.571429 0.146198 -1.000000
v -3.571429 -0.038673 -1.285714
v -3.571429 0.024681 -1.571429
v -3.571429 0.042833 -1.857143
v -3.571429 0.056842 -2.142857
v -3.571429 -0.049054 -2.428571
v -3.571429 -0.002471 -2.714286
v -3.571429 0.051004 -3.000000
v -3.571429 -0.051760 -3.285714
v -3.571429 -0.047417 -3.571429
v -3.571429 -0.072823 -3.857143
v -3.571429 -0.006442 -4.142857
v -3.571429 -0.001975 -4.428571
v -3.571429 0.000000 -4.714286
v -3.571429 0.000000 -5.000000
v -3.285714 0.000000 5.000000
v -3.285714 0.000009 4.714286
v -3.285714 -0.004478 4.428571
v -3.285714 0.010057 4.142857
v -3.285714 -0.018075 3.857143
v -3.285714 -0.057394 3.571429
v -3.285714 -0.002604 3.285714
v -3.285714 0.059642 3.000000
v -3.285714 0.041653 2.714286
v -3.285714 -0.023705 2.428571
v -3.285714 -0.129453 2.142857
v -3.285714 -0.104291 1.857143
v -3.285714 0.006603 1.571429
v -3.285714 0.174794 1.285714
v -3.285714 0.110395 1.000000
v -3.285714 0.126206 0.714286
v -3.285714 0.094887 0.428571
v -3.285714 0.104234 0.142857
v -3.285714 0.045107 -0.142857
v -3.285714 0.038711 -0.428571
v -3.285714 0.293546 -0.714286
v -3.285714 0.120170 -1.000000
v -3.285714 -0.066195 -1.285714
v -3.285714 0.109051 -1.571429
v -3.285714 0.141796 -1.857143
v -3.285714 0.050940 -2.142857
v -3.285714 0.085999 -2.428571
v -3.285714 -0.164102 -2.714286
v -3.285714 -0.052222 -3.000000
v -3.285714 0.015372 -3.285714
v -3.285714 -0.104102 -3.571429
v -3.285714 -0.040252 -3.857143
v -3.285714 -0.018727 -4.142857
v -3.285714 0.000070 -4.428571
v -3.285714 0.000040 -4.714286
v -3.285714 0.000000 -5.000000
v -3.000000 0.000000 5.000000
v -3.000000 -0.000506 4.714286
v -3.000000 0.001552 4.428571
v -3.000000 -0.068362 4.142857
v -3.000000 -0.088080 3.857143
v -3.000000 -0.130083 3.571429
v -3.000000 0.044957 3.285714
v -3.000000 0.091862 3.000000
v -3.000000 0.165599 2.714286
v -3.000000 -0.184078 2.428571
v -3.000000 -0.206566 2.142857
v -3.000000 -0.095512 1.857143
v -3.000000 -0.065226 1.571429
v -3.000000 0.008545 1.285714
v -3.000000 -0.061585 1.000000
v -3.000000 0.131248 0.714286
v -3.000000 0.052871 0.428571
v -3.000000 0.048542 0.142857
v -3.000000 -0.066920 -0.142857
v -3.000000 -0.025626 -0.428571
v -3.000000 0.038079 -0.714286
v -3.000000 -0.078631 -1.000000
v -3.000000 -0.132139 -1.285714
v -3.000000 -0.200881 -1.571429
v -3.000000 -0.157019 -1.857143
v -3.000000 -0.251859 -2.142857
v -3.000000 -0.068644 -2.428571
v -3.000000 0.023417 -2.714286
v -3.000000 -0.223772 -3.000000
v -3.000000 -0.108161 -3.285714
v -3.000000 -0.087851 -3.571429
v -3.000000 -0.131323 -3.857143
v -3.000000 -0.023616 -4.142857
v -3.000000 -0.010887 -4.428571
v -3.000000 -0.001413 -4.714286
v -3.000000 0.000000 -5.000000
v -2.714286 0.000000 5.000000
v -2.714286 0.005653 4.714286
v -2.714286 0.009299 4.428571
v -2.714286 -0.033374 4.142857
v -2.714286 -0.086342 3.857143
v -2.714286 -0.061283 3.571429
v -2.714286 0.005681 3.285714
v -2.714286 -0.045996 3.000000
v -2.714286 0.062918 2.714286
v -2.714286 -0.253444 2.428571
v -2.714286 -0.476810 2.142857
v -2.714286 -0.243745 1.857143
v -2.714286 -0.003740 1.571429
v -2.714286 0.157609 1.285714
v -2.714286 -0.001971 1.000000
v -2.714286 0.024000 0.714286
v -2.714286 0.100402 0.428571
v -2.714286 0.137167 0.142857
v -2.714286 0.046327 -0.142857
v -2.714286 -0.165903 -0.428571
v -2.714286 -0.277074 -0.714286
v -2.714286 -0.272937 -1.000000
v -2.714286 -0.176050 -1.285714
v -2.714286 -0.249327 -1.571429
v -2.714286 0.027910 -1.857143
v -2.714286 -0.293247 -2.142857
v -2.714286 -0.122990 -2.428571
v -2.714286 0.215589 -2.714286
v -2.714286 0.197424 -3.000000
v -2.714286 -0.030950 -3.285714
v -2.714286 0.006292 -3.571429
v -2.714286 -0.119008 -3.857143
v -2.714286 -0.041213 -4.142857
v -2.714286 0.005944 -4.428571
v -2.714286 -0.000187 -4.714286
v -2.714286 0.000000 -5.000000
v -2.428571 0.000000 5.000000
v -2.428571 0.000786 4.714286
v -2.428571 -0.008248 4.428571
v -2.428571 -0.023920 4.142857
v -2.428571 -0.023270 3.857143
v -2.428571 -0.054238 3.571429
v -2.428571 0.098863 3.285714
v -2.428571 0.068100 3.000000
v -2.428571 -0.172571 2.714286
v -2.428571 -0.300422 2.428571
v -2.428571 -0.093037 2.142857
v -2.428571 -0.381695 1.857143
v -2.428571 -0.022154 1.571429
v -2.428571 -0.049744 1.285714
v -2.428571 -0.092369 1.000000
v -2.428571 -0.113610 0.714286
v -2.428571 -0.124573 0.428571
v -2.428571 -0.024671 0.142857
v -2.428571 -0.122897 -0.142857
v -2.428571 -0.296903 -0.428571
v -2.428571 -0.284242 -0.714286
v -2.428571 -0.501676 -1.000000
v -2.428571 -0.026195 -1.285714
v -2.428571 0.127769 -1.571429
v -2.428571 -0.148697 -1.857143
v -2.428571 0.007339 -2.142857
v -2.428571 0.053587 -2.428571
v -2.428571 -0.057687 -2.714286
v -2.428571 0.074687 -3.000000
v -2.428571 -0.044443 -3.285714
v -2.428571 0.043701 -3.571429
v -2.428571 -0.010333 -3.857143
v -2.428571 0.027414 -4.142857
v -2.428571 0.006862 -4.428571
v -2.428571 -0.012748 -4.714286
v -2.428571 0.000000 -5.000000
v -2.142857 0.000000 5.000000
v -2.142857 0.005351 4.714286
v -2.142857 -0.025772 4.428571
v -2.142857 -0.019885 4.142857
v -2.142857 -0.082128 3.857143
v -2.142857 0.025771 3.571429
v -2.142857 0.102774 3.285714
v -2.142857 0.129116 3.000000
v -2.142857 -0.136905 2.714286
v -2.142857 -0.221106 2.428571
v -2.142857 -0.149616 2.142857
v -2.142857 -0.293376 1.857143
v -2.142857 -0.175310 1.571429
v -2.142857 0.024503 1.285714
v -2.142857 -0.051693 1.000000
v -2.142857 0.059019 0.714286
v -2.142857 0.381839 0.428571
v -2.142857 -0.082649 0.142857
v -2.142857 -0.403731 -0.142857
v -2.142857 0.033163 -0.428571
v -2.142857 -0.016232 -0.714286
v -2.142857 0.052703 -1.000000
v -2.142857 0.182157 -1.285714
v -2.142857 0.150957 -1.571429
v -2.142857 -0.021792 -1.857143
v -2.142857 0.345394 -2.142857
v -2.142857 0.244882 -2.428571
v -2.142857 0.181267 -2.714286
v -2.142857 0.057242 -3.000000
v -2.142857 -0.015822 -3.285714
v -2.142857 -0.050849 -3.571429
v -2.142857 -0.064472 -3.857143
v -2.142857 -0.008176 -4.142857
v -2.142857 0.000998 -4.428571
v -2.142857 -0.000422 -4.714286
v -2.142857 0.000000 -5.000000
v -1.857143 0.000000 5.000000
v -1.857143 -0.000418 4.714286
v -1.857143 -0.012069 4.428571
v -1.857143 0.070681 4.142857
v -1.857143 -0.019432 3.857143
v -1.857143 0.062762 3.571429
v -1.857143 -0.070571 3.285714
v -1.857143 0.008215 3.000000
v -1.857143 0.005518 2.714286
v -1.857143 -0.061287 2.428571
v -1.857143 -0.291933 2.142857
v -1.857143 -0.179914 1.857143
v -1.857143 -0.270607 1.571429
v -1.857143 0.124417 1.285714
v -1.857143 0.093360 1.000000
v -1.857143 0.199474 0.714286
v -1.857143 0.455147 0.428571
v -1.857143 -0.392813 0.142857
v -1.857143 -0.265305 -0.142857
v -1.857143 -0.256473 -0.428571
v -1.857143 0.041397 -0.714286
v -1.857143 0.008474 -1.000000
v -1.857143 -0.087498 -1.285714
v -1.857143 0.128992 -1.571429
v -1.857143 -0.186159 -1.857143
v -1.857143 0.171323 -2.142857
v -1.857143 0.190490 -2.428571
v -1.857143 0.183143 -2.714286
v -1.857143 -0.048263 -3.000000
v -1.857143 0.103922 -3.285714
v -1.857143 0.076578 -3.571429
v -1.857143 0.045760 -3.857143
v -1.857143 0.019998 -4.142857
v -1.857143 -0.000042 -4.428571
v -1.857143 0.001988 -4.714286
v -1.857143 0.000000 -5.000000
v -1.571429 0.000000 5.000000
v -1.571429 -0.005304 4.714286
v -1.571429 0.005024 4.428571
v -1.571429 -0.013080 4.142857
v -1.571429 0.030896 3.857143
v -1.571429 -0.058657 3.571429
v -1.571429 -0.089005 3.285714
v -1.571429 -0.009189 3.000000
v -1.571429 0.115545 2.714286
v -1.571429 0.160287 2.428571
v -1.571429 0.321604 2.142857
v -1.571429 0.220808 1.857143
v -1.571429 -0.157511 1.571429
v -1.571429 0.007227 1.285714
v -1.571429 0.106614 1.000000
v -1.571429 0.214278 0.714286
v -1.571429 0.134330 0.428571
v -1.571429 0.062359 0.142857
v -1.571429 -0.120209 -0.142857
v -1.571429 -0.730621 -0.428571
v -1.571429 -0.537872 -0.714286
v -1.571429 -0.138386 -1.000000
v -1.571429 -0.239965 -1.285714
v -1.571429 -0.118574 -1.571429
v -1.571429 0.079208 -1.857143
v -1.571429 0.380709 -2.142857
v -1.571429 0.332782 -2.428571
v -1.571429 0.149318 -2.714286
v -1.571429 -0.149160 -3.000000
v -1.571429 -0.007773 -3.285714
v -1.571429 -0.019867 -3.571429
v -1.571429 0.000286 -3.857143
v -1.571429 -0.053839 -4.142857
v -1.571429 -0.009171 -4.428571
v -1.571429 -0.006100 -4.714286
v -1.571429 0.000000 -5.000000
v -1.285714 0.000000 5.000000
v -1.285714 -0.016993 4.714286
v -1.285714 -0.021690 4.428571
v -1.285714 -0.053415 4.142857
v -1.285714 -0.092675 3.857143
v -1.285714 -0.080590 3.571429
v -1.285714 -0.126399 3.285714
v -1.285714 -0.056673 3.000000
v -1.285714 0.202707 2.714286
v -1.285714 -0.050458 2.428571
v -1.285714 0.094408 2.142857
v -1.285714 0.066702 1.857143
v -1.285714 -0.058078 1.571429
v -1.285714 -0.035443 1.285714
v -1.285714 -0.033462 1.000000
v -1.285714 -0.152227 0.714286
v -1.285714 -0.034849 0.428571
v -1.285714 -0.180855 0.142857
v -1.285714 -0.308889 -0.142857
v -1.285714 -0.426862 -0.428571
v -1.285714 -0.257781 -0.714286
v -1.285714 -0.375952 -1.000000
v -1.285714 -0.166993 -1.285714
v -1.285714 0.176654 -1.571429
v -1.285714 0.133922 -1.857143
v -1.285714 0.177874 -2.142857
v -1.285714 0.074891 -2.428571
v -1.285714 -0.109593 -2.714286
v -1.285714 -0.142109 -3.000000
v -1.285714 -0.200295 -3.285714
v -1.285714 -0.048389 -3.571429
v -1.285714 -0.065783 -3.857143
v -1.285714 -0.077448 -4.142857
v -1.285714 -0.006874 -4.428571
v -1.285714 -0.002310 -4.714286
v -1.285714 0.000000 -5.000000
v -1.000000 0.000000 5.000000
v -1.000000 -0.009508 4.714286
v -1.000000 -0.011825 4.428571
v -1.000000 -0.025303 4.142857
v -1.000000 -0.028717 3.857143
v -1.000000 -0.221293 3.571429
v -1.000000 -0.114300 3.285714
v -1.000000 0.132579 3.000000
v -1.000000 0.284537 2.714286
v -1.000000 -0.305413 2.428571
v -1.000000 -0.159982 2.142857
v -1.000000 -0.150217 1.857143
v -1.000000 -0.448228 1.571429
v -1.000000 -0.177257 1.285714
v -1.000000 -0.219616 1.000000
v -1.000000 -0.143403 0.714286
v -1.000000 -0.281775 0.428571
v -1.000000 -0.197573 0.142857
v -1.000000 0.096394 -0.142857
v -1.000000 -0.177536 -0.428571
v -1.000000 -0.131510 -0.714286
v -1.000000 -0.236804 -1.000000
v -1.000000 0.061058 -1.285714
v -1.000000 0.070222 -1.571429
v -1.000000 -0.175169 -1.857143
v -1.000000 0.197744 -2.142857
v -1.000000 -0.212199 -2.428571
v -1.000000 -0.059664 -2.714286
v -1.000000 0.064361 -3.000000
v -1.000000 0.112274 -3.285714
v -1.000000 -0.067319 -3.571429
v -1.000000 0.037128 -3.857143
v -1.000000 -0.037882 -4.142857
v -1.000000 -0.030021 -4.428571
v -1.000000 -0.000957 -4.714286
v -1.000000 0.000000 -5.000000
v -0.714286 0.000000 5.000000
v -0.714286 -0.004811 4.714286
v -0.714286 -0.034049 4.428571
v -0.714286 -0.019100 4.142857
v -0.714286 -0.068115 3.857143
v -0.714286 -0.125555 3.571429
v -0.714286 -0.118054 3.285714
v -0.714286 -0.121105 3.000000
v -0.714286 0.023775 2.714286
v -0.714286 -0.365220 2.428571
v -0.714286 -0.185208 2.142857
v -0.714286 -0.165792 1.857143
v -0.714286 -0.339712 1.571429
v -0.714286 0.097591 1.285714
v -0.714286 0.175817 1.000000
v -0.714286 0.373287 0.714286
v -0.714286 0.169467 0.428571
v -0.714286 -0.180017 0.142857
v -0.714286 0.135304 -0.142857
v -0.714286 0.013324 -0.428571
v -0.714286 -0.074288 -0.714286
v -0.714286 -0.300599 -1.000000
v -0.714286 -0.219278 -1.285714
v -0.714286 -0.227020 -1.571429
v -0.714286 -0.351093 -1.857143
v -0.714286 0.073232 -2.142857
v -0.714286 -0.243664 -2.428571
v -0.714286 -0.156141 -2.714286
v -0.714286 -0.184197 -3.000000
v -0.714286 -0.089113 -3.285714
v -0.714286 -0.042093 -3.571429
v -0.714286 -0.120934 -3.857143
v -0.714286 -0.088429 -4.142857
v -0.714286 -0.022056 -4.428571
v -0.714286 -0.003776 -4.714286
v -0.714286 0.000000 -5.000000
v -0.428571 0.000000 5.000000
v -0.428571 0.004047 4.714286
v -0.428571 0.004390 4.428571
v -0.428571 -0.005779 4.142857
v -0.428571 0.031110 3.857143
v -0.428571 0.173412 3.571429
v -0.428571 -0.246900 3.285714
v -0.428571 -0.001069 3.000000
v -0.428571 0.195589 2.714286
v -0.428571 -0.083074 2.428571
v -0.428571 -0.063356 2.142857
v -0.428571 0.119172 1.857143
v -0.428571 -0.157026 1.571429
v -0.428571 -0.375998 1.285714
v -0.428571 -0.125431 1.000000
v -0.428571 0.061088 0.714286
v -0.428571 0.003208 0.428571
v -0.428571 -0.237669 0.142857
v -0.428571 0.361367 -0.142857
v -0.428571 -0.169349 -0.428571
v -0.428571 -0.030419 -0.714286
v -0.428571 -0.230658 -1.000000
v -0.428571 0.132928 -1.285714
v -0.428571 0.125117 -1.571429
v -0.428571 -0.277488 -1.857143
v -0.428571 0.146301 -2.142857
v -0.428571 0.025483 -2.428571
v -0.428571 -0.041421 -2.714286
v -0.428571 -0.024003 -3.000000
v -0.428571 -0.006556 -3.285714
v -0.428571 -0.037580 -3.571429
v -0.428571 -0.143422 -3.857143
v -0.428571 -0.019971 -4.142857
v -0.428571 -0.016430 -4.428571
v -0.428571 0.000757 -4.714286
v -0.428571 0.000000 -5.000000
v -0.142857 0.000000 5.000000
v -0.142857 -0.005824 4.714286
v -0.142857 0.011074 4.428571
v -0.142857 -0.043194 4.142857
v -0.142857 0.105763 3.857143
v -0.142857 0.212304 3.571429
v -0.142857 0.273808 3.285714
v -0.142857 0.205377 3.000000
v -0.142857 0.180807 2.714286
v -0.142857 0.100624 2.428571
v -0.142857 0.014207 2.142857
v -0.142857 -0.043990 1.857143
v -0.142857 -0.102552 1.571429
v -0.142857 -0.414910 1.285714
v -0.142857 -0.192079 1.000000
v -0.142857 -0.140068 0.714286
v -0.142857 0.231327 0.428571
v -0.142857 -0.349600 0.142857
v -0.142857 -0.161161 -0.142857
v -0.142857 -0.234174 -0.428571
v -0.142857 -0.150938 -0.714286
v -0.142857 -0.189935 -1.000000
v -0.142857 0.166050 -1.285714
v -0.142857 0.078287 -1.571429
v -0.142857 -0.011982 -1.857143
v -0.142857 0.304548 -2.142857
v -0.142857 0.166045 -2.428571
v -0.142857 0.158914 -2.714286
v -0.142857 0.019790 -3.000000
v -0.142857 0.000498 -3.285714
v -0.142857 -0.128346 -3.571429
v -0.142857 -0.211326 -3.857143
v -0.142857 -0.012330 -4.142857
v -0.142857 -0.025055 -4.428571
v -0.142857 -0.000045 -4.714286
v -0.142857 0.000000 -5.000000
v 0.142857 0.000000 5.000000
v 0.142857 0.010724 4.714286
v 0.142857 0.007691 4.428571
v 0.142857 0.078854 4.142857
v 0.142857 0.124108 3.857143
v 0.142857 0.151973 3.571429
v 0.142857 0.048398 3.285714
v 0.142857 0.002059 3.000000
v 0.142857 -0.025615 2.714286
v 0.142857 0.086726 2.428571
v 0.142857 0.038846 2.142857
v 0.142857 0.292426 1.857143
v 0.142857 -0.047087 1.571429
v 0.142857 -0.408204 1.285714
v 0.142857 0.041811 1.000000
v 0.142857 -0.057206 0.714286
v 0.142857 0.190979 0.428571
v 0.142857 0.290065 0.142857
v 0.142857 -0.091817 -0.142857
v 0.142857 -0.326715 -0.428571
v 0.142857 -0.321208 -0.714286
v 0.142857 -0.114554 -1.000000
v 0.142857 -0.029487 -1.285714
v 0.142857 -0.165065 -1.571429
v 0.142857 -0.027251 -1.857143
v 0.142857 -0.020056 -2.142857
v 0.142857 0.224042 -2.428571
v 0.142857 0.007751 -2.714286
v 0.142857 0.007063 -3.000000
v 0.142857 0.104794 -3.285714
v 0.142857 0.043360 -3.571429
v 0.142857 0.017663 -3.857143
v 0.142857 -0.093088 -4.142857
v 0.142857 0.018492 -4.428571
v 0.142857 -0.001515 -4.714286
v 0.142857 0.000000 -5.000000
v 0.428571 0.000000 5.000000
v 0.428571 0.006681 4.714286
v 0.428571 0.012211 4.428571
v 0.428571 0.102296 4.142857
v 0.428571 0.146267 3.857143
v 0.428571 -0.146112 3.571429
v 0.428571 -0.165522 3.285714
v 0.428571 0.137308 3.000000
v 0.428571 -0.014325 2.714286
v 0.428571 -0.018596 2.428571
v 0.428571 -0.198937 2.142857
v 0.428571 -0.005307 1.857143
v 0.428571 -0.067698 1.571429
v 0.428571 -0.014467 1.285714
v 0.428571 0.394917 1.000000
v 0.428571 0.189195 0.714286
v 0.428571 0.335470 0.428571
v 0.428571 0.244976 0.142857
v 0.428571 -0.089407 -0.142857
v 0.428571 -0.655331 -0.428571
v 0.428571 -0.480680 -0.714286
v 0.428571 -0.089647 -1.000000
v 0.428571 -0.035730 -1.285714
v 0.428571 0.154718 -1.571429
v 0.428571 0.122140 -1.857143
v 0.428571 0.100998 -2.142857
v 0.428571 -0.160422 -2.428571
v 0.428571 -0.059694 -2.714286
v 0.428571 -0.037220 -3.000000
v 0.428571 0.080489 -3.285714
v 0.428571 -0.103527 -3.571429
v 0.428571 -0.049459 -3.857143
v 0.428571 -0.014384 -4.142857
v 0.428571 0.010025 -4.428571
v 0.428571 0.002576 -4.714286
v 0.428571 0.000000 -5.000000
v 0.714286 0.000000 5.000000
v 0.714286 0.000264 4.714286
v 0.714286 0.043957 4.428571
v 0.714286 0.054341 4.142857
v 0.714286 0.011081 3.857143
v 0.714286 -0.133922 3.571429
v 0.714286 -0.015355 3.285714
v 0.714286 -0.078504 3.000000
v 0.714286 -0.084491 2.714286
v 0.714286 -0.112500 2.428571
v 0.714286 -0.048347 2.142857
v 0.714286 -0.564468 1.857143
v 0.714286 -0.175961 1.571429
v 0.714286 -0.050956 1.285714
v 0.714286 -0.022753 1.000000
v 0.714286 0.020042 0.714286
v 0.714286 0.126435 0.428571
v 0.714286 0.534902 0.142857
v 0.714286 0.223766 -0.142857
v 0.714286 -0.078836 -0.428571
v 0.714286 0.309329 -0.714286
v 0.714286 0.046356 -1.000000
v 0.714286 0.022699 -1.285714
v 0.714286 0.140092 -1.571429
v 0.714286 0.418939 -1.857143
v 0.714286 -0.098404 -2.142857
v 0.714286 -0.158895 -2.428571
v 0.714286 0.052610 -2.714286
v 0.714286 -0.035080 -3.000000
v 0.714286 0.062680 -3.285714
v 0.714286 -0.017456 -3.571429
v 0.714286 -0.189343 -3.857143
v 0.714286 -0.052876 -4.142857
v 0.714286 -0.008652 -4.428571
v 0.714286 0.008554 -4.714286
v 0.714286 0.000000 -5.000000
v 1.000000 0.000000 5.000000
v 1.000000 -0.012537 4.714286
v 1.000000 0.021185 4.428571
v 1.000000 0.091245 4.142857
v 1.000000 -0.068196 3.857143
v 1.000000 -0.135215 3.571429
v 1.000000 0.096866 3.285714
v 1.000000 0.004513 3.000000
v 1.000000 -0.078413 2.714286
v 1.000000 -0.611621 2.428571
v 1.000000 -0.135198 2.142857
v 1.000000 -0.165949 1.857143
v 1.000000 -0.054877 1.571429
v 1.000000 0.184828 1.285714
v 1.000000 -0.421288 1.000000
v 1.000000 -0.468478 0.714286
v 1.000000 -0.233542 0.428571
v 1.000000 0.283933 0.142857
v 1.000000 0.680985 -0.142857
v 1.000000 0.213970 -0.428571
v 1.000000 -0.163860 -0.714286
v 1.000000 0.271543 -1.000000
v 1.000000 0.128343 -1.285714
v 1.000000 -0.130558 -1.571429
v 1.000000 0.212639 -1.857143
v 1.000000 -0.130220 -2.142857
v 1.000000 -0.114985 -2.428571
v 1.000000 0.069118 -2.714286
v 1.000000 0.137456 -3.000000
v 1.000000 -0.266518 -3.285714
v 1.000000 -0.105429 -3.571429
v 1.000000 -0.152009 -3.857143
v 1.000000 0.004914 -4.142857
v 1.000000 -0.009150 -4.428571
v 1.000000 -0.003790 -4.714286
v 1.000000 0.000000 -5.000000
v 1.285714 0.000000 5.000000
v 1.285714 -0.013003 4.714286
v 1.285714 0.001944 4.428571
v 1.285714 0.028247 4.142857
v 1.285714 0.030593 3.857143
v 1.285714 0.190046 3.571429
v 1.285714 0.143423 3.285714
v 1.285714 0.285569 3.000000
v 1.285714 0.103889 2.714286
v 1.285714 -0.054387 2.428571
v 1.285714 -0.301610 2.142857
v 1.285714 -0.193341 1.857143
v 1.285714 0.028678 1.571429
v 1.285714 0.047071 1.285714
v 1.285714 -0.114527 1.000000
v 1.285714 -0.409920 0.714286
v 1.285714 -0.001142 0.428571
v 1.285714 0.241459 0.142857
v 1.285714 0.120596 -0.142857
v 1.285714 -0.119859 -0.428571
v 1.285714 -0.345025 -0.714286
v 1.285714 0.185351 -1.000000
v 1.285714 0.330952 -1.285714
v 1.285714 0.242632 -1.571429
v 1.285714 0.299542 -1.857143
v 1.285714 -0.023921 -2.142857
v 1.285714 0.035988 -2.428571
v 1.285714 0.215190 -2.714286
v 1.285714 0.067786 -3.000000
v 1.285714 0.051053 -3.285714
v 1.285714 0.013549 -3.571429
v 1.285714 -0.075367 -3.857143
v 1.285714 0.009133 -4.142857
v 1.285714 -0.048632 -4.428571
v 1.285714 -0.005151 -4.714286
v 1.285714 0.000000 -5.000000
v 1.571429 0.000000 5.000000
v 1.571429 -0.009084 4.714286
v 1.571429 -0.055853 4.428571
v 1.571429 -0.061584 4.142857
v 1.571429 0.038753 3.857143
v 1.571429 0.076626 3.571429
v 1.571429 0.115237 3.285714
v 1.571429 0.084749 3.000000
v 1.571429 0.138768 2.714286
v 1.571429 0.118831 2.428571
v 1.571429 -0.221086 2.142857
v 1.571429 0.197630 1.857143
v 1.571429 0.184170 1.571429
v 1.571429 -0.071993 1.285714
v 1.571429 -0.166807 1.000000
v 1.571429 -0.093414 0.714286
v 1.571429 0.013477 0.428571
v 1.571429 -0.119622 0.142857
v 1.571429 -0.246162 -0.142857
v 1.571429 -0.303974 -0.428571
v 1.571429 -0.352942 -0.714286
v 1.571429 -0.163877 -1.000000
v 1.571429 0.119692 -1.285714
v 1.571429 0.130248 -1.571429
v 1.571429 0.265468 -1.857143
v 1.571429 0.234540 -2.142857
v 1.571429 -0.110536 -2.428571
v 1.571429 0.192318 -2.714286
v 1.571429 0.180616 -3.000000
v 1.571429 0.083728 -3.285714
v 1.571429 0.086150 -3.571429
v 1.571429 0.063805 -3.857143
v 1.571429 0.015584 -4.142857
v 1.571429 -0.028039 -4.428571
v 1.571429 -0.005524 -4.714286
v 1.571429 0.000000 -5.000000
v 1.857143 0.000000 5.000000
v 1.857143 -0.005094 4.714286
v 1.857143 -0.014791 4.428571
v 1.857143 0.035025 4.142857
v 1.857143 -0.007361 3.857143
v 1.857143 -0.015347 3.571429
v 1.857143 0.022085 3.285714
v 1.857143 -0.160006 3.000000
v 1.857143 -0.206672 2.714286
v 1.857143 -0.214269 2.428571
v 1.857143 -0.111518 2.142857
v 1.857143 -0.045778 1.857143
v 1.857143 0.220724 1.571429
v 1.857143 0.279748 1.285714
v 1.857143 -0.016801 1.000000
v 1.857143 0.011474 0.714286
v 1.857143 -0.205942 0.428571
v 1.857143 -0.443958 0.142857
v 1.857143 -0.203798 -0.142857
v 1.857143 -0.150719 -0.428571
v 1.857143 0.035456 -0.714286
v 1.857143 -0.271085 -1.000000
v 1.857143 0.133178 -1.285714
v 1.857143 -0.119186 -1.571429
v 1.857143 0.181876 -1.857143
v 1.857143 -0.061774 -2.142857
v 1.857143 0.174455 -2.428571
v 1.857143 0.013100 -2.714286
v 1.857143 -0.009581 -3.000000
v 1.857143 0.212676 -3.285714
v 1.857143 -0.027962 -3.571429
v 1.857143 -0.056471 -3.857143
v 1.857143 0.006054 -4.142857
v 1.857143 0.036231 -4.428571
v 1.857143 0.002300 -4.714286
v 1.857143 0.000000 -5.000000
v 2.142857 0.000000 5.000000
v 2.142857 0.002277 4.714286
v 2.142857 -0.009928 4.428571
v 2.142857 0.008697 4.142857
v 2.142857 0.010141 3.857143
v 2.142857 0.076513 3.571429
v 2.142857 -0.129782 3.285714
v 2.142857 -0.046171 3.000000
v 2.142857 -0.124443 2.714286
v 2.142857 -0.066650 2.428571
v 2.142857 -0.205810 2.142857
v 2.142857 0.238059 1.857143
v 2.142857 -0.128752 1.571429
v 2.142857 0.072674 1.285714
v 2.142857 -0.018068 1.000000
v 2.142857 0.051921 0.714286
v 2.142857 -0.032613 0.428571
v 2.142857 0.293289 0.142857
v 2.142857 -0.001244 -0.142857
v 2.142857 -0.383637 -0.428571
v 2.142857 -0.324167 -0.714286
v 2.142857 -0.025262 -1.000000
v 2.142857 0.018371 -1.285714
v 2.142857 0.038583 -1.571429
v 2.142857 -0.116759 -1.857143
v 2.142857 -0.190047 -2.142857
v 2.142857 -0.003654 -2.428571
v 2.142857 0.087210 -2.714286
v 2.142857 0.029949 -3.000000
v 2.142857 0.068746 -3.285714
v 2.142857 0.005373 -3.571429
v 2.142857 -0.048993 -3.857143
v 2.142857 0.020011 -4.142857
v 2.142857 0.032525 -4.428571
v 2.142857 -0.003358 -4.714286
v 2.142857 0.000000 -5.000000
v 2.428571 0.000000 5.000000
v 2.428571 -0.001946 4.714286
v 2.428571 -0.017842 4.428571
v 2.428571 -0.031221 4.142857
v 2.428571 0.055394 3.857143
v 2.428571 0.008706 3.571429
v 2.428571 -0.010737 3.285714
v 2.428571 -0.046893 3.000000
v 2.428571 -0.281238 2.714286
v 2.428571 0.167091 2.428571
v 2.428571 -0.395222 2.142857
v 2.428571 -0.275344 1.857143
v 2.428571 -0.143961 1.571429
v 2.428571 -0.318202 1.285714
v 2.428571 -0.179101 1.000000
v 2.428571 0.149208 0.714286
v 2.428571 0.008868 0.428571
v 2.428571 0.375863 0.142857
v 2.428571 0.164529 -0.142857
v 2.428571 -0.276259 -0.428571
v 2.428571 -0.191448 -0.714286
v 2.428571 -0.000007 -1.000000
v 2.428571 -0.135877 -1.285714
v 2.428571 -0.120812 -1.571429
v 2.428571 0.276304 -1.857143
v 2.428571 0.069094 -2.142857
v 2.428571 -0.081969 -2.428571
v 2.428571 -0.098461 -2.714286
v 2.428571 0.132058 -3.000000
v 2.428571 -0.093783 -3.285714
v 2.428571 0.052705 -3.571429
v 2.428571 -0.023226 -3.857143
v 2.428571 0.009953 -4.142857
v 2.428571 -0.006359 -4.428571
v 2.428571 -0.001386 -4.714286
v 2.428571 0.000000 -5.000000
v 2.714286 0.000000 5.000000
v 2.714286 0.003628 4.714286
v 2.714286 -0.002191 4.428571
v 2.714286 -0.010988 4.142857
v 2.714286 -0.044995 3.857143
v 2.714286 0.085540 3.571429
v 2.714286 -0.081452 3.285714
v 2.714286 -0.061222 3.000000
v 2.714286 -0.050186 2.714286
v 2.714286 0.139928 2.428571
v 2.714286 -0.074336 2.142857
v 2.714286 0.226548 1.857143
v 2.714286 -0.069982 1.571429
v 2.714286 -0.171906 1.285714
v 2.714286 -0.234568 1.000000
v 2.714286 -0.278112 0.714286
v 2.714286 0.028946 0.428571
v 2.714286 0.120640 0.142857
v 2.714286 -0.028229 -0.142857
v 2.714286 -0.034910 -0.428571
v 2.714286 0.244205 -0.714286
v 2.714286 0.092868 -1.000000
v 2.714286 0.024234 -1.285714
v 2.714286 0.273207 -1.571429
v 2.714286 0.446170 -1.857143
v 2.714286 0.177113 -2.142857
v 2.714286 0.057854 -2.428571
v 2.714286 0.051741 -2.714286
v 2.714286 -0.141874 -3.000000
v 2.714286 -0.040942 -3.285714
v 2.714286 0.131068 -3.571429
v 2.714286 0.079618 -3.857143
v 2.714286 0.007284 -4.142857
v 2.714286 0.007573 -4.428571
v 2.714286 0.001005 -4.714286
v 2.714286 0.000000 -5.000000
v 3.000000 0.000000 5.000000
v 3.000000 0.000150 4.714286
v 3.000000 0.008029 4.428571
v 3.000000 0.014926 4.142857
v 3.000000 -0.002448 3.857143
v 3.000000 -0.086080 3.571429
v 3.000000 -0.052777 3.285714
v 3.000000 0.045324 3.000000
v 3.000000 0.013519 2.714286
v 3.000000 -0.076467 2.428571
v 3.000000 0.206986 2.142857
v 3.000000 0.008759 1.857143
v 3.000000 -0.247199 1.571429
v 3.000000 -0.223810 1.285714
v 3.000000 -0.179347 1.000000
v 3.000000 -0.124063 0.714286
v 3.000000 -0.064735 0.428571
v 3.000000 -0.011768 0.142857
v 3.000000 -0.060257 -0.142857
v 3.000000 -0.243593 -0.428571
v 3.000000 -0.007588 -0.714286
v 3.000000 0.075627 -1.000000
v 3.000000 0.339237 -1.285714
v 3.000000 0.044667 -1.571429
v 3.000000 0.131533 -1.857143
v 3.000000 0.174689 -2.142857
v 3.000000 0.059982 -2.428571
v 3.000000 0.139672 -2.714286
v 3.000000 -0.066597 -3.000000
v 3.000000 0.152464 -3.285714
v 3.000000 0.124919 -3.571429
v 3.000000 0.007529 -3.857143
v 3.000000 0.036561 -4.142857
v 3.000000 -0.003982 -4.428571
v 3.000000 -0.001277 -4.714286
v 3.000000 0.000000 -5.000000
v 3.285714 0.000000 5.000000
v 3.285714 0.000064 4.714286
v 3.285714 -0.004688 4.428571
v 3.285714 -0.008424 4.142857
v 3.285714 -0.049154 3.857143
v 3.285714 0.046593 3.571429
v 3.285714 0.027790 3.285714
v 3.285714 0.141937 3.000000
v 3.285714 0.123203 2.714286
v 3.285714 -0.057271 2.428571
v 3.285714 -0.140257 2.142857
v 3.285714 0.056169 1.857143
v 3.285714 -0.207631 1.571429
v 3.285714 -0.146872 1.285714
v 3.285714 -0.172845 1.000000
v 3.285714 -0.019654 0.714286
v 3.285714 -0.006209 0.428571
v 3.285714 0.043843 0.142857
v 3.285714 0.086277 -0.142857
v 3.285714 -0.097346 -0.428571
v 3.285714 -0.291515 -0.714286
v 3.285714 -0.138277 -1.000000
v 3.285714 -0.003139 -1.285714
v 3.285714 0.156187 -1.571429
v 3.285714 0.055180 -1.857143
v 3.285714 0.277568 -2.142857
v 3.285714 0.142992 -2.428571
v 3.285714 -0.006764 -2.714286
v 3.285714 0.092813 -3.000000
v 3.285714 0.047491 -3.285714
v 3.285714 -0.003108 -3.571429
v 3.285714 -0.053695 -3.857143
v 3.285714 0.002833 -4.142857
v 3.285714 0.001302 -4.428571
v 3.285714 -0.000020 -4.714286
v 3.285714 0.000000 -5.000000
v 3.571429 0.000000 5.000000
v 3.571429 0.000000 4.714286
v 3.571429 -0.000419 4.428571
v 3.571429 -0.004515 4.142857
v 3.571429 0.001211 3.857143
v 3.571429 0.011158 3.571429
v 3.571429 0.070638 3.285714
v 3.571429 0.140449 3.000000
v 3.571429 0.014575 2.714286
v 3.571429 0.062828 2.428571
v 3.571429 -0.065612 2.142857
v 3.571429 0.097743 1.857143
v 3.571429 0.123486 1.571429
v 3.571429 -0.086123 1.285714
v 3.571429 -0.081971 1.000000
v 3.571429 -0.188445 0.714286
v 3.571429 -0.086180 0.428571
v 3.571429 -0.010510 0.142857
v 3.571429 0.164636 -0.142857
v 3.571429 0.182125 -0.428571
v 3.571429 -0.085520 -0.714286
v 3.571429 0.009577 -1.000000
v 3.571429 0.109707 -1.285714
v 3.571429 0.094412 -1.571429
v 3.571429 0.101522 -1.857143
v 3.571429 0.165109 -2.142857
v 3.571429 -0.058187 -2.428571
v 3.571429 -0.171168 -2.714286
v 3.571429 -0.060621 -3.000000
v 3.571429 0.035474 -3.285714
v 3.571429 -0.001842 -3.571429
v 3.571429 -0.014274 -3.857143
v 3.571429 0.020940 -4.142857
v 3.571429 0.001190 -4.428571
v 3.571429 0.000000 -4.714286
v 3.571429 0.000000 -5.000000
v 3.857143 0.000000 5.000000
v 3.857143 0.000000 4.714286
v 3.857143 -0.000073 4.428571
v 3.857143 -0.010719 4.142857
v 3.857143 -0.013289 3.857143
v 3.857143 -0.015155 3.571429
v 3.857143 0.014846 3.285714
v 3.857143 0.016743 3.000000
v 3.857143 -0.082094 2.714286
v 3.857143 -0.083221 2.428571
v 3.857143 0.021677 2.142857
v 3.857143 -0.014318 1.857143
v 3.857143 -0.039036 1.571429
v 3.857143 0.076792 1.285714
v 3.857143 0.100999 1.000000
v 3.857143 -0.008751 0.714286
v 3.857143 -0.020210 0.428571
v 3.857143 0.026525 0.142857
v 3.857143 0.198388 -0.142857
v 3.857143 0.118093 -0.428571
v 3.857143 0.066777 -0.714286
v 3.857143 0.035481 -1.000000
v 3.857143 0.028408 -1.285714
v 3.857143 -0.054883 -1.571429
v 3.857143 -0.076653 -1.857143
v 3.857143 -0.012164 -2.142857
v 3.857143 0.013265 -2.428571
v 3.857143 0.021599 -2.714286
v 3.857143 -0.013960 -3.000000
v 3.857143 -0.037657 -3.285714
v 3.857143 -0.012020 -3.571429
v 3.857143 -0.013803 -3.857143
v 3.857143 -0.004623 -4.142857
v 3.857143 -0.000031 -4.428571
v 3.857143 0.000000 -4.714286
v 3.857143 0.000000 -5.000000
v 4.142857 0.000000 5.000000
v 4.142857 0.000000 4.714286
v 4.142857 0.000000 4.428571
v 4.142857 0.001029 4.142857
v 4.142857 0.003112 3.857143
v 4.142857 0.019666 3.571429
v 4.142857 0.026931 3.285714
v 4.142857 0.024352 3.000000
v 4.142857 -0.047588 2.714286
v 4.142857 -0.022658 2.428571
v 4.142857 -0.023343 2.142857
v 4.142857 -0.033908 1.857143
v 4.142857 -0.021457 1.571429
v 4.142857 0.063066 1.285714
v 4.142857 0.066828 1.000000
v 4.142857 -0.007775 0.714286
v 4.142857 0.038175 0.428571
v 4.142857 -0.037568 0.142857
v 4.142857 0.149562 -0.142857
v 4.142857 0.135112 -0.428571
v 4.142857 0.119184 -0.714286
v 4.142857 -0.009860 -1.000000
v 4.142857 -0.007480 -1.285714
v 4.142857 -0.063948 -1.571429
v 4.142857 -0.048689 -1.857143
v 4.142857 -0.047050 -2.142857
v 4.142857 -0.034725 -2.428571
v 4.142857 -0.060002 -2.714286
v 4.142857 0.011017 -3.000000
v 4.142857 0.000867 -3.285714
v 4.142857 0.005475 -3.571429
v 4.142857 0.003265 -3.857143
v 4.142857 0.000982 -4.142857
v 4.142857 0.000000 -4.428571
v 4.142857 0.000000 -4.714286
v 4.142857 0.000000 -5.000000
v 4.428571 0.000000 5.000000
v 4.428571 0.000000 4.714286
v 4.428571 0.000000 4.428571
v 4.428571 0.000000 4.142857
v 4.428571 0.000243 3.857143
v 4.428571 0.001100 3.571429
v 4.428571 0.002317 3.285714
v 4.428571 0.030572 3.000000
v 4.428571 -0.003150 2.714286
v 4.428571 -0.018698 2.428571
v 4.428571 -0.004478 2.142857
v 4.428571 -0.017241 1.857143
v 4.428571 -0.029195 1.571429
v 4.428571 0.007422 1.285714
v 4.428571 0.033922 1.000000
v 4.428571 0.012880 0.714286
v 4.428571 0.015435 0.428571
v 4.428571 -0.017678 0.142857
v 4.428571 0.017213 -0.142857
v 4.428571 -0.008460 -0.428571
v 4.428571 0.015137 -0.714286
v 4.428571 -0.040851 -1.000000
v 4.428571 -0.030229 -1.285714
v 4.428571 -0.001255 -1.571429
v 4.428571 -0.023806 -1.857143
v 4.428571 -0.009746 -2.142857
v 4.428571 -0.005906 -2.428571
v 4.428571 -0.002096 -2.714286
v 4.428571 0.011805 -3.000000
v 4.428571 0.004549 -3.285714
v 4.428571 -0.000288 -3.571429
v 4.428571 0.000030 -3.857143
v 4.428571 0.000000 -4.142857
v 4.428571 0.000000 -4.428571
v 4.428571 0.000000 -4.714286
v 4.428571 0.000000 -5.000000
v 4.714286 0.000000 5.000000
v 4.714286 0.000000 4.714286
v 4.714286 0.000000 4.428571
v 4.714286 0.000000 4.142857
v 4.714286 0.000000 3.857143
v 4.714286 0.000000 3.571429
v 4.714286 0.000035 3.285714
v 4.714286 0.000307 3.000000
v 4.714286 -0.002577 2.714286
v 4.714286 0.001079 2.428571
v 4.714286 0.001908 2.142857
v 4.714286 -0.002327 1.857143
v 4.714286 0.003544 1.571429
v 4.714286 -0.005817 1.285714
v 4.714286 -0.003899 1.000000
v 4.714286 -0.004368 0.714286
v 4.714286 0.000187 0.428571
v 4.714286 0.002372 0.142857
v 4.714286 -0.004765 -0.142857
v 4.714286 0.000531 -0.428571
v 4.714286 0.006447 -0.714286
v 4.714286 0.005019 -1.000000
v 4.714286 -0.007751 -1.285714
v 4.714286 -0.001817 -1.571429
v 4.714286 0.003635 -1.857143
v 4.714286 0.000643 -2.142857
v 4.714286 -0.000868 -2.428571
v 4.714286 0.001028 -2.714286
v 4.714286 0.000653 -3.000000
v 4.714286 0.000041 -3.285714
v 4.714286 0.000000 -3.571429
v 4.714286 0.000000 -3.857143
v 4.714286 0.000000 -4.142857
v 4.714286 0.000000 -4.428571
v 4.714286 0.000000 -4.714286
v 4.714286 0.000000 -5.000000
v 5.000000 0.000000 5.000000
v 5.000000 0.000000 4.714286
v 5.000000 0.000000 4.428571
v 5.000000 0.000000 4.142857
v 5.000000 0.000000 3.857143
v 5.000000 0.000000 3.571429
v 5.000000 0.000000 3.285714
v 5.000000 0.000000 3.000000
v 5.000000 0.000000 2.714286
v 5.000000 0.000000 2.428571
v 5.000000 0.000000 2.142857
v 5.000000 0.000000 1.857143
v 5.000000 0.000000 1.571429
v 5.000000 0.000000 1.285714
v 5.000000 0.000000 1.000000
v 5.000000 0.000000 0.714286
v 5.000000 0.000000 0.428571
v 5.000000 0.000000 0.142857
v 5.000000 0.000000 -0.142857
v 5.000000 0.000000 -0.428571
v 5.000000 0.000000 -0.714286
v 5.000000 0.000000 -1.000000
v 5.000000 0.000000 -1.285714
v 5.000000 0.000000 -1.571429
v 5.000000 0.000000 -1.857143
v 5.000000 0.000000 -2.142857
v 5.000000 0.000000 -2.428571
v 5.000000 0.000000 -2.714286
v 5.000000 0.000000 -3.000000
v 5.000000 0.000000 -3.285714
v 5.000000 0.000000 -3.571429
v 5.000000 0.000000 -3.857143
v 5.000000 0.000000 -4.142857
v 5.000000 0.000000 -4.428571
v 5.000000 0.000000 -4.714286
v 5.000000 0.000000 -5.000000
s 1
f 2 1 37 38
f 3 2 38 39
f 4 3 39 40
f 5 4 40 41
f 6 5 41 42
f 7 6 42 43
f 8 7 43 44
f 9 8 44 45
f 10 9 45 46
f 11 10 46 47
f 12 11 47 48
f 13 12 48 49
f 14 13 49 50
f 15 14 50 51
f 16 15 51 52
f 17 16 52 53
f 18 17 53 54
f 19 18 54 55
f 20 19 55 56
f 21 20 56 57
f 22 21 57 58
f 23 22 58 59
f 24 23 59 60
f 25 24 60 61
f 26 25 61 62
f 27 26 62 63
f 28 27 63 64
f 29 28 64 65
f 30 29 65 66
f 31 30 66 67
f 32 31 67 68
f 33 32 68 69
f 34 33 69 70
f 35 34 70 71
f 36 35 71 72
f 38 37 73 74
f 39 38 74 75
f 40 39 75 76
f 41 40 76 77
f 42 41 77 78
f 43 42 78 79
f 44 43 79 80
f 45 44 80 81
f 46 45 81 82
f 47 46 82 83
f 48 47 83 84
f 49 48 84 85
f 50 49 85 86
f 51 50 86 87
f 52 51 87 88
f 53 52 88 89
f 54 53 89 90
f 55 54 90 91
f 56 55 91 92
f 57 56 92 93
f 58 57 93 94
f 59 58 94 95
f 60 59 95 96
f 61 60 96 97
f 62 61 97 98
f 63 62 98 99
f 64 63 99 100
f 65 64 100 101
f 66 65 101 102
f 67 66 102 103
f 68 67 103 104
f 69 68 104 105
f 70 69 105 106
f 71 70 106 107
f 72 71 107 108
f 74 73 109 110
f 75 74 110 111
f 76 75 111 112
f 77 76 112 113
f 78 77 113 114
f 79 78 114 115
f 80 79 115 116
f 81 80 116 117
f 82 81 117 118
f 83 82 118 119
f 84 83 119 120
f 85 84 120 121
f 86 85 121 122
f 87 86 122 123
f 88 87 123 124
f 89 88 124 125
f 90 89 125 126
f 91 90 126 127
f 92 91 127 128
f 93 92 128 129
f 94 93 129 130
f 95 94 130 131
f 96 95 131 132
f 97 96 132 133
f 98 97 133 134
f 99 98 134 135
f 100 99 135 136
f 101 100 136 137
f 102 101 137 138
f 103 102 138 139
f 104 103 139 140
f 105 104 140 141
f 106 105 141 142
f 107 106 142 143
f 108 107 143 144
f 110 109 145 146
f 111 110 146 147
f 112 111 147 148
f 113 112 148 149
f 114 113 149 150
f 115 114 150 151
f 116 115 151 152
f 117 116 152 153
f 118 117 153 154
f 119 118 154 155
f 120 119 155 156
f 121 120 156 157
f 122 121 157 158
f 123 122 158 159
f 124 123 159 160
f 125 124 160 161
f 126 125 161 162
f 127 126 162 163
f 128 127 163 164
f 129 128 164 165
f 130 129 165 166
f 131 130 166 167
f 132 131 167 168
f 133 132 168 169
f 134 133 169 170
f 135 134 170 171
f 136 135 171 172
f 137 136 172 173
f 138 137 173 174
f 139 138 174 175
f 140 139 175 176
f 141 140 176 177
f 142 141 177 178
f 143 142 178 179
f 144 143 179 180
f 146 145 181 182
f 147 146 182 183
f 148 147 183 184
f 149 148 184 185
f 150 149 185 186
f 151 150 186 187
f 152 151 187 188
f 153 152 188 189
f 154 153 189 190
f 155 154 190 191
f 156 155 191 192
f 157 156 192 193
f 158 157 193 194
f 159 158 194 195
f 160 159 195 196
f 161 160 196 197
f 162 161 197 198
f 163 162 198 199
f 164 163 199 200
f 165 164 200 201
f 166 165 201 202
f 167 166 202 203
f 168 167 203 204
f 169 168 204 205
f 170 169 205 206
f 171 170 206 207
f 172 171 207 208
f 173 172 208 209
f 174 173 209 210
f 175 174 210 211
f 176 175 211 212
f 177 176 212 213
f 178 177 213 214
f 179 178 214 215
f 180 179 215 216
f 182 181 217 218
f 183 182 218 219
f 184 183 219 220
f 185 184 220 221
f 186 185 221 222
f 187 186 222 223
f 188 187 223 224
f 189 188 224 225
f 190 189 225 226
f 191 190 226 227
f 192 191 227 228
f 193 192 228 229
f 194 193 229 230
f 195 194 230 231
f 196 195 231 232
f 197 196 232 233
f 198 197 233 234
f 199 198 234 235
f 200 199 235 236
f 201 200 236 237
f 202 201 237 238
f 203 202 238 239
f 204 203 239 240
f 205 204 240 241
f 206 205 241 242
f 207 206 242 243
f 208 207 243 244
f 209 208 244 245
f 210 209 245 246
f 211 210 246 247
f 212 211 247 248
f 213 212 248 249
f 214 213 249 250
f 215 214 250 251
f 216 215 251 252
f 218 217 253 254
f 219 218 254 255
f 220 219 255 256
f 221 220 256 257
f 222 221 257 258
f 223 222 258 259
f 224 223 259 260
f 225 224 260 261
f 226 225 261 262
f 227 226 262 263
f 228 227 263 264
f 229 228 264 265
f 230 229 265 266
f 231 230 266 267
f 232 231 267 268
f 233 232 268 269
f 234 233 269 270
f 235 234 270 271
f 236 235 271 272
f 237 236 272 273
f 238 237 273 274
f 239 238 274 275
f 240 239 275 276
f 241 240 276 277
f 242 241 277 278
f 243 242 278 279
f 244 243 279 280
f 245 244 280 281
f 246 245 281 282
f 247 246 282 283
f 248 247 283 284
f 249 248 284 285
f 250 249 285 286
f 251 250 286 287
f 252 251 287 288
f 254 253 289 290
f 255 254 290 291
f 256 255 291 292
f 257 256 292 293
f 258 257 293 294
f 259 258 294 295
f 260 259 295 296
f 261 260 296 297
f 262 261 297 298
f 263 262 298 299
f 264 263 299 300
f 265 264 300 301
f 266 265 301 302
f 267 266 302 303
f 268 267 303 304
f 269 268 304 305
f 270 269 305 306
f 271 270 306 307
f 272 271 307 308
f 273 272 308 309
f 274 273 309 310
f 275 274 310 311
f 276 275 311 312
f 277 276 312 313
f 278 277 313 314
f 279 278 314 315
f 280 279 315 316
f 281 280 316 317
f 282 281 317 318
f 283 282 318 319
f 284 283 319 320
f 285 284 320 321
f 286 285 321 322
f 287 286 322 323
f 288 287 323 324
f 290 289 325 326
f 291 290 326 327
f 292 291 327 328
f 293 292 328 329
f 294 293 329 330
f 295 294 330 331
f 296 295 331 332
f 297 296 332 333
f 298 297 333 334
f 299 298 334 335
f 300 299 335 336
f 301 300 336 337
f 302 301 337 338
f 303 302 338 339
f 304 303 339 340
f 305 304 340 341
f 306 305 341 342
f 307 306 342 343
f 308 307 343 344
f 309 308 344 345
f 310 309 345 346
f 311 310 346 347
f 312 311 347 348
f 313 312 348 349
f 314 313 349 350
f 315 314 350 351
f 316 315 351 352
f 317 316 352 353
f 318 317 353 354
f 319 318 354 355
f 320 319 355 356
f 321 320 356 357
f 322 321 357 358
f 323 322 358 359
f 324 323 359 360
f 326 325 361 362
f 327 326 362 363
f 328 327 363 364
f 329 328 364 365
f 330 329 365 366
f 331 330 366 367
f 332 331 367 368
f 333 332 368 369
f 334 333 369 370
f 335 334 370 371
f 336 335 371 372
f 337 336 372 373
f 338 337 373 374
f 339 338 374 375
f 340 339 375 376
f 341 340 376 377
f 342 341 377 378
f 343 342 378 379
f 344 343 379 380
f 345 344 380 381
f 346 345 381 382
f 347 346 382 383
f 348 347 383 384
f 349 348 384 385
f 350 349 385 386
f 351 350 386 387
f 352 351 387 388
f 353 352 388 389
f 354 353 389 390
f 355 354 390 391
f 356 355 391 392
f 357 356 392 393
f 358 357 393 394
f 359 358 394 395
f 360 359 395 396
f 362 361 397 398
f 363 362 398 399
f 364 363 399 400
f 365 364 400 401
f 366 365 401 402
f 367 366 402 403
f 368 367 403 404
f 369 368 404 405
f 370 369 405 406
f 371 370 406 407
f 372 371 407 408
f 373 372 408 409
f 374 373 409 410
f 375 374 410 411
f 376 375 411 412
f 377 376 412 413
f 378 377 413 414
f 379 378 414 415
f 380 379 415 416
f 381 380 416 417
f 382 381 417 418
f 383 382 418 419
f 384 383 419 420
f 385 384 420 421
f 386 385 421 422
f 387 386 422 423
f 388 387 423 424
f 389 388 424 425
f 390 389 425 426
f 391 390 426 427
f 392 391 427 428
f 393 392 428 429
f 394 393 429 430
f 395 394 430 431
f 396 395 431 432
f 398 397 433 434
f 399 398 434 435
f 400 399 435 436
f 401 400 436 437
f 402 401 437 438
f 403 402 438 439
f 404 403 439 440
f 405 404 440 441
f 406 405 441 442
f 407 406 442 443
f 408 407 443 444
f 409 408 444 445
f 410 409 445 446
f 411 410 446 447
f 412 411 447 448
f 413 412 448 449
f 414 413 449 450
f 415 414 450 451
f 416 415 451 452
f 417 416 452 453
f 418 417 453 454
f 419 418 454 455
f 420 419 455 456
f 421 420 456 457
f 422 421 457 458
f 423 422 458 459
f 424 423 459 460
f 425 424 460 461
f 426 425 461 462
f 427 426 462 463
f 428 427 463 464
f 429 428 464 465
f 430 429 465 466
f 431 430 466 467
f 432 431 467 468
f 434 433 469 470
f 435 434 470 471
f 436 435 471 472
f 437 436 472 473
f 438 437 473 474
f 439 438 474 475
f 440 439 475 476
f 441 440 476 477
f 442 441 477 478
f 443 442 478 479
f 444 443 479 480
f 445 444 480 481
f 446 445 481 482
f 447 446 482 483
f 448 447 483 484
f 449 448 484 485
f 450 449 485 486
f 451 450 486 487
f 452 451 487 488
f 453 452 488 489
f 454 453 489 490
f 455 454 490 491
f 456 455 491 492
f 457 456 492 493
f 458 457 493 494
f 459 458 494 495
f 460 459 495 496
f 461 460 496 497
f 462 461 497 498
f 463 462 498 499
f 464 463 499 500
f 465 464 500 501
f 466 465 501 502
f 467 466 502 503
f 468 467 503 504
f 470 469 505 506
f 471 470 506 507
f 472 471 507 508
f 473 472 508 509
f 474 473 509 510
f 475 474 510 511
f 476 475 511 512
f 477 476 512 513
f 478 477 513 514
f 479 478 514 515
f 480 479 515 516
f 481 480 516 517
f 482 481 517 518
f 483 482 518 519
f 484 483 519 520
f 485 484 520 521
f 486 485 521 522
f 487 486 522 523
f 488 487 523 524
f 489 488 524 525
f 490 489 525 526
f 491 490 526 527
f 492 491 527 528
f 493 492 528 529
f 494 493 529 530
f 495 494 530 531
f 496 495 531 532
f 497 496 532 533
f 498 497 533 534
f 499 498 534 535
f 500 499 535 536
f 501 500 536 537
f 502 501 537 538
f 503 502 538 539
f 504 503 539 540
f 506 505 541 542
f 507 506 542 543
f 508 507 543 544
f 509 508 544 545
f 510 509 545 546
f 511 510 546 547
f 512 511 547 548
f 513 512 548 549
f 514 513 549 550
f 515 514 550 551
f 516 515 551 552
f 517 516 552 553
f 518 517 553 554
f 519 518 554 555
f 520 519 555 556
f 521 520 556 557
f 522 521 557 558
f 523 522 558 559
f 524 523 559 560
f 525 524 560 561
f 526 525 561 562
f 527 526 562 563
f 528 527 563 564
f 529 528 564 565
f 530 529 565 566
f 531 530 566 567
f 532 531 567 568
f 533 532 568 569
f 534 533 569 570
f 535 534 570 571
f 536 535 571 572
f 537 536 572 573
f 538 537 573 574
f 539 538 574 575
f 540 539 575 576
f 542 541 577 578
f 543 542 578 579
f 544 543 579 580
f 545 544 580 581
f 546 545 581 582
f 547 546 582 583
f 548 547 583 584
f 549 548 584 585
f 550 549 585 586
f 551 550 586 587
f 552 551 587 588
f 553 552 588 589
f 554 553 589 590
f 555 554 590 591
f 556 555 591 592
f 557 556 592 593
f 558 557 593 594
f 559 558 594 595
f 560 559 595 596
f 561 560 596 597
f 562 561 597 598
f 563 562 598 599
f 564 563 599 600
f 565 564 600 601
f 566 565 601 602
f 567 566 602 603
f 568 567 603 604
f 569 568 604 605
f 570 569 605 606
f 571 570 606 607
f 572 571 607 608
f 573 572 608 609
f 574 573 609 610
f 575 574 610 611
f 576 575 611 612
f 578 577 613 614
f 579 578 614 615
f 580 579 615 616
f 581 580 616 617
f 582 581 617 618
f 583 582 618 619
f 584 583 619 620
f 585 584 620 621
f 586 585 621 622
f 587 586 622 623
f 588 587 623 624
f 589 588 624 625
f 590 589 625 626
f 591 590 626 627
f 592 591 627 628
f 593 592 628 629
f 594 593 629 630
f 595 594 630 631
f 596 595 631 632
f 597 596 632 633
f 598 597 633 634
f 599 598 634 635
f 600 599 635 636
f 601 600 636 637
f 602 601 637 638
f 603 602 638 639
f 604 603 639 640
f 605 604 640 641
f 606 605 641 642
f 607 606 642 643
f 608 607 643 644
f 609 608 644 645
f 610 609 645 646
f 611 610 646 647
f 612 611 647 648
f 614 613 649 650
f 615 614 650 651
f 616 615 651 652
f 617 616 652 653
f 618 617 653 654
f 619 618 654 655
f 620 619 655 656
f 621 620 656 657
f 622 621 657 658
f 623 622 658 659
f 624 623 659 660
f 625 624 660 661
f 626 625 661 662
f 627 626 662 663
f 628 627 663 664
f 629 628 664 665
f 630 629 665 666
f 631 630 666 667
f 632 631 667 668
f 633 632 668 669
f 634 633 669 670
f 635 634 670 671
f 636 635 671 672
f 637 636 672 673
f 638 637 673 674
f 639 638 674 675
f 640 639 675 676
f 641 640 676 677
f 642 641 677 678
f 643 642 678 679
f 644 643 679 680
f 645 644 680 681
f 646 645 681 682
f 647 646 682 683
f 648 647 683 684
f 650 649 685 686
f 651 650 686 687
f 652 651 687 688
f 653 652 688 689
f 654 653 689 690
f 655 654 690 691
f 656 655 691 692
f 657 656 692 693
f 658 657 693 694
f 659 658 694 695
f 660 659 695 696
f 661 660 696 697
f 662 661 697 698
f 663 662 698 699
f 664 663 699 700
f 665 664 700 701
f 666 665 701 702
f 667 666 702 703
f 668 667 703 704
f 669 668 704 705
f 670 669 705 706
f 671 670 706 707
f 672 671 707 708
f 673 672 708 709
f 674 673 709 710
f 675 674 710 711
f 676 675 711 712
f 677 676 712 713
f 678 677 713 714
f 679 678 714 715
f 680 679 715 716
f 681 680 716 717
f 682 681 717 718
f 683 682 718 719
f 684 683 719 720
f 686 685 721 722
f 687 686 722 723
f 688 687 723 724
f 689 688 724 725
f 690 689 725 726
f 691 690 726 727
f 692 691 727 728
f 693 692 728 729
f 694 693 729 730
f 695 694 730 731
f 696 695 731 732
f 697 696 732 733
f 698 697 733 734
f 699 698 734 735
f 700 699 735 736
f 701 700 736 737
f 702 701 737 738
f 703 702 738 739
f 704 703 739 740
f 705 704 740 741
f 706 705 741 742
f 707 706 742 743
f 708 707 743 744
f 709 708 744 745
f 710 709 745 746
f 711 710 746 747
f 712 711 747 748
f 713 712 748 749
f 714 713 749 750
f 715 714 750 751
f 716 715 751 752
f 717 716 752 753
f 718 717 753 754
f 719 718 754 755
f 720 719 755 756
f 722 721 757 758
f 723 722 758 759
f 724 723 759 760
f 725 724 760 761
f 726 725 761 762
f 727 726 762 763
f 728 727 763 764
f 729 728 764 765
f 730 729 765 766
f 731 730 766 767
f 732 731 767 768
f 733 732 768 769
f 734 733 769 770
f 735 734 770 771
f 736 735 771 772
f 737 736 772 773
f 738 737 773 774
f 739 738 774 775
f 740 739 775 776
f 741 740 776 777
f 742 741 777 778
f 743 742 778 779
f 744 743 779 780
f 745 744 780 781
f 746 745 781 782
f 747 746 782 783
f 748 747 783 784
f 749 748 784 785
f 750 749 785 786
f 751 750 786 787
f 752 751 787 788
f 753 752 788 789
f 754 753 789 790
f 755 754 790 791
f 756 755 791 792
f 758 757 793 794
f 759 758 794 795
f 760 759 795 796
f 761 760 796 797
f 762 761 797 798
f 763 762 798 799
f 764 763 799 800
f 765 764 800 801
f 766 765 801 802
f 767 766 802 803
f 768 767 803 804
f 769 768 804 805
f 770 769 805 806
f 771 770 806 807
f 772 771 807 808
f 773 772 808 809
f 774 773 809 810
f 775 774 810 811
f 776 775 811 812
f 777 776 812 813
f 778 777 813 814
f 779 778 814 815
f 780 779 815 816
f 781 780 816 817
f 782 781 817 818
f 783 782 818 819
f 784 783 819 820
f 785 784 820 821
f 786 785 821 822
f 787 786 822 823
f 788 787 823 824
f 789 788 824 825
f 790 789 825 826
f 791 790 826 827
f 792 791 827 828
f 794 793 829 830
f 795 794 830 831
f 796 795 831 832
f 797 796 832 833
f 798 797 833 834
f 799 798 834 835
f 800 799 835 836
f 801 800 836 837
f 802 801 837 838
f 803 802 838 839
f 804 803 839 840
f 805 804 840 841
f 806 805 841 842
f 807 806 842 843
f 808 807 843 844
f 809 808 844 845
f 810 809 845 846
f 811 810 846 847
f 812 811 847 848
f 813 812 848 849
f 814 813 849 850
f 815 814 850 851
f 816 815 851 852
f 817 816 852 853
f 818 817 853 854
f 819 818 854 855
f 820 819 855 856
f 821 820 856 857
f 822 821 857 858
f 823 822 858 859
f 824 823 859 860
f 825 824 860 861
f 826 825 861 862
f 827 826 862 863
f 828 827 863 864
f 830 829 865 866
f 831 830 866 867
f 832 831 867 868
f 833 832 868 869
f 834 833 869 870
f 835 834 870 871
f 836 835 871 872
f 837 836 872 873
f 838 837 873 874
f 839 838 874 875
f 840 839 875 876
f 841 840 876 877
f 842 841 877 878
f 843 842 878 879
f 844 843 879 880
f 845 844 880 881
f 846 845 881 882
f 847 846 882 883
f 848 847 883 884
f 849 848 884 885
f 850 849 885 886
f 851 850 886 887
f 852 851 887 888
f 853 852 888 889
f 854 853 889 890
f 855 854 890 891
f 856 855 891 892
f 857 856 892 893
f 858 857 893 894
f 859 858 894 895
f 860 859 895 896
f 861 860 896 897
f 862 861 897 898
f 863 862 898 899
f 864 863 899 900
f 866 865 901 902
f 867 866 902 903
f 868 867 903 904
f 869 868 904 905
f 870 869 905 906
f 871 870 906 907
f 872 871 907 908
f 873 872 908 909
f 874 873 909 910
f 875 874 910 911
f 876 875 911 912
f 877 876 912 913
f 878 877 913 914
f 879 878 914 915
f 880 879 915 916
f 881 880 916 917
f 882 881 917 918
f 883 882 918 919
f 884 883 919 920
f 885 884 920 921
f 886 885 921 922
f 887 886 922 923
f 888 887 923 924
f 889 888 924 925
f 890 889 925 926
f 891 890 926 927
f 892 891 927 928
f 893 892 928 929
f 894 893 929 930
f 895 894 930 931
f 896 895 931 932
f 897 896 932 933
f 898 897 933 934
f 899 898 934 935
f 900 899 935 936
f 902 901 937 938
f 903 902 938 939
f 904 903 939 940
f 905 904 940 941
f 906 905 941 942
f 907 906 942 943
f 908 907 943 944
f 909 908 944 945
f 910 909 945 946
f 911 910 946 947
f 912 911 947 948
f 913 912 948 949
f 914 913 949 950
f 915 914 950 951
f 916 915 951 952
f 917 916 952 953
f 918 917 953 954
f 919 918 954 955
f 920 919 955 956
f 921 920 956 957
f 922 921 957 958
f 923 922 958 959
f 924 923 959 960
f 925 924 960 961
f 926 925 961 962
f 927 926 962 963
f 928 927 963 964
f 929 928 964 965
f 930 929 965 966
f 931 930 966 967
f 932 931 967 968
f 933 932 968 969
f 934 933 969 970
f 935 934 970 971
f 936 935 971 972
f 938 937 973 974
f 939 938 974 975
f 940 939 975 976
f 941 940 976 977
f 942 941 977 978
f 943 942 978 979
f 944 943 979 980
f 945 944 980 981
f 946 945 981 982
f 947 946 982 983
f 948 947 983 984
f 949 948 984 985
f 950 949 985 986
f 951 950 986 987
f 952 951 987 988
f 953 952 988 989
f 954 953 989 990
f 955 954 990 991
f 956 955 991 992
f 957 956 992 993
f 958 957 993 994
f 959 958 994 995
f 960 959 995 996
f 961 960 996 997
f 962 961 997 998
f 963 962 998 999
f 964 963 999 1000
f 965 964 1000 1001
f 966 965 1001 1002
f 967 966 1002 1003
f 968 967 1003 1004
f 969 968 1004 1005
f 970 969 1005 1006
f 971 970 1006 1007
f 972 971 1007 1008
f 974 973 1009 1010
f 975 974 1010 1011
f 976 975 1011 1012
f 977 976 1012 1013
f 978 977 1013 1014
f 979 978 1014 1015
f 980 979 1015 1016
f 981 980 1016 1017
f 982 981 1017 1018
f 983 982 1018 1019
f 984 983 1019 1020
f 985 984 1020 1021
f 986 985 1021 1022
f 987 986 1022 1023
f 988 987 1023 1024
f 989 988 1024 1025
f 990 989 1025 1026
f 991 990 1026 1027
f 992 991 1027 1028
f 993 992 1028 1029
f 994 993 1029 1030
f 995 994 1030 1031
f 996 995 1031 1032
f 997 996 1032 1033
f 998 997 1033 1034
f 999 998 1034 1035
f 1000 999 1035 1036
f 1001 1000 1036 1037
f 1002 1001 1037 1038
f 1003 1002 1038 1039
f 1004 1003 1039 1040
f 1005 1004 1040 1041
f 1006 1005 1041 1042
f 1007 1006 1042 1043
f 1008 1007 1043 1044
f 1010 1009 1045 1046
f 1011 1010 1046 1047
f 1012 1011 1047 1048
f 1013 1012 1048 1049
f 1014 1013 1049 1050
f 1015 1014 1050 1051
f 1016 1015 1051 1052
f 1017 1016 1052 1053
f 1018 1017 1053 1054
f 1019 1018 1054 1055
f 1020 1019 1055 1056
f 1021 1020 1056 1057
f 1022 1021 1057 1058
f 1023 1022 1058 1059
f 1024 1023 1059 1060
f 1025 1024 1060 1061
f 1026 1025 1061 1062
f 1027 1026 1062 1063
f 1028 1027 1063 1064
f 1029 1028 1064 1065
f 1030 1029 1065 1066
f 1031 1030 1066 1067
f 1032 1031 1067 1068
f 1033 1032 1068 1069
f 1034 1033 1069 1070
f 1035 1034 1070 1071
f 1036 1035 1071 1072
f 1037 1036 1072 1073
f 1038 1037 1073 1074
f 1039 1038 1074 1075
f 1040 1039 1075 1076
f 1041 1040 1076 1077
f 1042 1041 1077 1078
f 1043 1042 1078 1079
f 1044 1043 1079 1080
f 1046 1045 1081 1082
f 1047 1046 1082 1083
f 1048 1047 1083 1084
f 1049 1048 1084 1085
f 1050 1049 1085 1086
f 1051 1050 1086 1087
f 1052 1051 1087 1088
f 1053 1052 1088 1089
f 1054 1053 1089 1090
f 1055 1054 1090 1091
f 1056 1055 1091 1092
f 1057 1056 1092 1093
f 1058 1057 1093 1094
f 1059 1058 1094 1095
f 1060 1059 1095 1096
f 1061 1060 1096 1097
f 1062 1061 1097 1098
f 1063 1062 1098 1099
f 1064 1063 1099 1100
f 1065 1064 1100 1101
f 1066 1065 1101 1102
f 1067 1066 1102 1103
f 1068 1067 1103 1104
f 1069 1068 1104 1105
f 1070 1069 1105 1106
f 1071 1070 1106 1107
f 1072 1071 1107 1108
f 1073 1072 1108 1109
f 1074 1073 1109 1110
f 1075 1074 1110 1111
f 1076 1075 1111 1112
f 1077 1076 1112 1113
f 1078 1077 1113 1114
f 1079 1078 1114 1115
f 1080 1079 1115 1116
f 1082 1081 1117 1118
f 1083 1082 1118 1119
f 1084 1083 1119 1120
f 1085 1084 1120 1121
f 1086 1085 1121 1122
f 1087 1086 1122 1123
f 1088 1087 1123 1124
f 1089 1088 1124 1125
f 1090 1089 1125 1126
f 1091 1090 1126 1127
f 1092 1091 1127 1128
f 1093 1092 1128 1129
f 1094 1093 1129 1130
f 1095 1094 1130 1131
f 1096 1095 1131 1132
f 1097 1096 1132 1133
f 1098 1097 1133 1134
f 1099 1098 1134 1135
f 1100 1099 1135 1136
f 1101 1100 1136 1137
f 1102 1101 1137 1138
f 1103 1102 1138 1139
f 1104 1103 1139 1140
f 1105 1104 1140 1141
f 1106 1105 1141 1142
f 1107 1106 1142 1143
f 1108 1107 1143 1144
f 1109 1108 1144 1145
f 1110 1109 1145 1146
f 1111 1110 1146 1147
f 1112 1111 1147 1148
f 1113 1112 1148 1149
f 1114 1113 1149 1150
f 1115 1114 1150 1151
f 1116 1115 1151 1152
f 1118 1117 1153 1154
f 1119 1118 1154 1155
f 1120 1119 1155 1156
f 1121 1120 1156 1157
f 1122 1121 1157 1158
f 1123 1122 1158 1159
f 1124 1123 1159 1160
f 1125 1124 1160 1161
f 1126 1125 1161 1162
f 1127 1126 1162 1163
f 1128 1127 1163 1164
f 1129 1128 1164 1165
f 1130 1129 1165 1166
f 1131 1130 1166 1167
f 1132 1131 1167 1168
f 1133 1132 1168 1169
f 1134 1133 1169 1170
f 1135 1134 1170 1171
f 1136 1135 1171 1172
f 1137 1136 1172 1173
f 1138 1137 1173 1174
f 1139 1138 1174 1175
f 1140 1139 1175 1176
f 1141 1140 1176 1177
f 1142 1141 1177 1178
f 1143 1142 1178 1179
f 1144 1143 1179 1180
f 1145 1144 1180 1181
f 1146 1145 1181 1182
f 1147 1146 1182 1183
f 1148 1147 1183 1184
f 1149 1148 1184 1185
f 1150 1149 1185 1186
f 1151 1150 1186 1187
f 1152 1151 1187 1188
f 1154 1153 1189 1190
f 1155 1154 1190 1191
f 1156 1155 1191 1192
f 1157 1156 1192 1193
f 1158 1157 1193 1194
f 1159 1158 1194 1195
f 1160 1159 1195 1196
f 1161 1160 1196 1197
f 1162 1161 1197 1198
f 1163 1162 1198 1199
f 1164 1163 1199 1200
f 1165 1164 1200 1201
f 1166 1165 1201 1202
f 1167 1166 1202 1203
f 1168 1167 1203 1204
f 1169 1168 1204 1205
f 1170 1169 1205 1206
f 1171 1170 1206 1207
f 1172 1171 1207 1208
f 1173 1172 1208 1209
f 1174 1173 1209 1210
f 1175 1174 1210 1211
f 1176 1175 1211 1212
f 1177 1176 1212 1213
f 1178 1177 1213 1214
f 1179 1178 1214 1215
f 1180 1179 1215 1216
f 1181 1180 1216 1217
f 1182 1181 1217 1218
f 1183 1182 1218 1219
f 1184 1183 1219 1220
f 1185 1184 1220 1221
f 1186 1185 1221 1222
f 1187 1186 1222 1223
f 1188 1187 1223 1224
f 1190 1189 1225 1226
f 1191 1190 1226 1227
f 1192 1191 1227 1228
f 1193 1192 1228 1229
f 1194 1193 1229 1230
f 1195 1194 1230 1231
f 1196 1195 1231 1232
f 1197 1196 1232 1233
f 1198 1197 1233 1234
f 1199 1198 1234 1235
f 1200 1199 1235 1236
f 1201 1200 1236 1237
f 1202 1201 1237 1238
f 1203 1202 1238 1239
f 1204 1203 1239 1240
f 1205 1204 1240 1241
f 1206 1205 1241 1242
f 1207 1206 1242 1243
f 1208 1207 1243 1244
f 1209 1208 1244 1245
f 1210 1209 1245 1246
f 1211 1210 1246 1247
f 1212 1211 1247 1248
f 1213 1212 1248 1249
f 1214 1213 1249 1250
f 1215 1214 1250 1251
f 1216 1215 1251 1252
f 1217 1216 1252 1253
f 1218 1217 1253 1254
f 1219 1218 1254 1255
f 1220 1219 1255 1256
f 1221 1220 1256 1257
f 1222 1221 1257 1258
f 1223 1222 1258 1259
f 1224 1223 1259 1260
f 1226 1225 1261 1262
f 1227 1226 1262 1263
f 1228 1227 1263 1264
f 1229 1228 1264 1265
f 1230 1229 1265 1266
f 1231 1230 1266 1267
f 1232 1231 1267 1268
f 1233 1232 1268 1269
f 1234 1233 1269 1270
f 1235 1234 1270 1271
f 1236 1235 1271 1272
f 1237 1236 1272 1273
f 1238 1237 1273 1274
f 1239 1238 1274 1275
f 1240 1239 1275 1276
f 1241 1240 1276 1277
f 1242 1241 1277 1278
f 1243 1242 1278 1279
f 1244 1243 1279 1280
f 1245 1244 1280 1281
f 1246 1245 1281 1282
f 1247 1246 1282 1283
f 1248 1247 1283 1284
f 1249 1248 1284 1285
f 1250 1249 1285 1286
f 1251 1250 1286 1287
f 1252 1251 1287 1288
f 1253 1252 1288 1289
f 1254 1253 1289 1290
f 1255 1254 1290 1291
f 1256 1255 1291 1292
f 1257 1256 1292 1293
f 1258 1257 1293 1294
f 1259 1258 1294 1295
f 1260 1259 1295 1296
