# Blender v2.79 (sub 0) OBJ File: ''
# www.blender.org
v -5.000000 0.000000 5.000000
v -5.000000 0.000000 3.888889
v -5.000000 0.000000 2.777778
v -5.000000 0.000000 1.666667
v -5.000000 0.000000 0.555556
v -5.000000 0.000000 -0.555556
v -5.000000 0.000000 -1.666667
v -5.000000 0.000000 -2.777778
v -5.000000 0.000000 -3.888889
v -5.000000 0.000000 -5.000000
v -3.888889 0.000000 5.000000
v -3.888889 -0.005395 3.888889
v -3.888889 0.148771 2.777778
v -3.888889 0.590900 1.666667
v -3.888889 0.793756 0.555556
v -3.888889 0.654151 -0.555556
v -3.888889 0.128092 -1.666667
v -3.888889 -0.046404 -2.777778
v -3.888889 -0.061962 -3.888889
v -3.888889 0.000000 -5.000000
v -2.777778 0.000000 5.000000
v -2.777778 -0.308729 3.888889
v -2.777778 -0.381001 2.777778
v -2.777778 0.402589 1.666667
v -2.777778 1.507947 0.555556
v -2.777778 0.979686 -0.555556
v -2.777778 -0.162887 -1.666667
v -2.777778 -0.465970 -2.777778
v -2.777778 -0.325684 -3.888889
v -2.777778 0.000000 -5.000000
v -1.666667 0.000000 5.000000
v -1.666667 -0.380158 3.888889
v -1.666667 -0.366091 2.777778
v -1.666667 0.242236 1.666667
v -1.666667 1.217317 0.555556
v -1.666667 0.764967 -0.555556
v -1.666667 -0.634958 -1.666667
v -1.666667 -0.356039 -2.777778
v -1.666667 -0.417347 -3.888889
v -1.666667 0.000000 -5.000000
v -0.555556 0.000000 5.000000
v -0.555556 -0.285634 3.888889
v -0.555556 -0.516677 2.777778
v -0.555556 0.188888 1.666667
v -0.555556 0.004830 0.555556
v -0.555556 -0.551966 -0.555556
v -0.555556 -0.852580 -1.666667
v -0.555556 -0.639558 -2.777778
v -0.555556 -0.434888 -3.888889
v -0.555556 0.000000 -5.000000
v 0.555556 0.000000 5.000000
v 0.555556 -0.039123 3.888889
v 0.555556 -0.316938 2.777778
v 0.555556 -0.127682 1.666667
v 0.555556 0.225050 0.555556
v 0.555556 -0.904163 -0.555556
v 0.555556 -1.172735 -1.666667
v 0.555556 -0.659342 -2.777778
v 0.555556 -0.375587 -3.888889
v 0.555556 0.000000 -5.000000
v 1.666667 0.000000 5.000000
v 1.666667 0.199620 3.888889
v 1.666667 0.662773 2.777778
v 1.666667 1.445217 1.666667
v 1.666667 1.058800 0.555556
v 1.666667 0.240794 -0.555556
v 1.666667 -0.508992 -1.666667
v 1.666667 -0.798895 -2.777778
v 1.666667 -0.151280 -3.888889
v 1.666667 0.000000 -5.000000
v 2.777778 0.000000 5.000000
v 2.777778 0.484962 3.888889
v 2.777778 1.007622 2.777778
v 2.777778 1.660776 1.666667
v 2.777778 0.933526 0.555556
v 2.777778 0.812866 -0.555556
v 2.777778 0.191352 -1.666667
v 2.777778 -0.304665 -2.777778
v 2.777778 -0.109365 -3.888889
v 2.777778 0.000000 -5.000000
v 3.888889 0.000000 5.000000
v 3.888889 0.153183 3.888889
v 3.888889 0.799831 2.777778
v 3.888889 0.654974 1.666667
v 3.888889 0.570464 0.555556
v 3.888889 0.189273 -0.555556
v 3.888889 -0.050881 -1.666667
v 3.888889 -0.192325 -2.777778
v 3.888889 -0.046188 -3.888889
v 3.888889 0.000000 -5.000000
v 5.000000 0.000000 5.000000
v 5.000000 0.000000 3.888889
v 5.000000 0.000000 2.777778
v 5.000000 0.000000 1.666667
v 5.000000 0.000000 0.555556
v 5.000000 0.000000 -0.555556
v 5.000000 0.000000 -1.666667
v 5.000000 0.000000 -2.777778
v 5.000000 0.000000 -3.888889
v 5.000000 0.000000 -5.000000
s 1
f 2 1 11 12
f 3 2 12 13
f 4 3 13 14
f 5 4 14 15
f 6 5 15 16
f 7 6 16 17
f 8 7 17 18
f 9 8 18 19
f 10 9 19 20
f 12 11 21 22
f 13 12 22 23
f 14 13 23 24
f 15 14 24 25
f 16 15 25 26
f 17 16 26 27
f 18 17 27 28
f 19 18 28 29
f 20 19 29 30
f 22 21 31 32
f 23 22 32 33
f 24 23 33 34
f 25 24 34 35
f 26 25 35 36
f 27 26 36 37
f 28 27 37 38
f 29 28 38 39
f 30 29 39 40
f 32 31 41 42
f 33 32 42 43
f 34 33 43 44
f 35 34 44 45
f 36 35 45 46
f 37 36 46 47
f 38 37 47 48
f 39 38 48 49
f 40 39 49 50
f 42 41 51 52
f 43 42 52 53
f 44 43 53 54
f 45 44 54 55
f 46 45 55 56
f 47 46 56 57
f 48 47 57 58
f 49 48 58 59
f 50 49 59 60
f 52 51 61 62
f 53 52 62 63
f 54 53 63 64
f 55 54 64 65
f 56 55 65 66
f 57 56 66 67
f 58 57 67 68
f 59 58 68 69
f 60 59 69 70
f 62 61 71 72
f 63 62 72 73
f 64 63 73 74
f 65 64 74 75
f 66 65 75 76
f 67 66 76 77
f 68 67 77 78
f 69 68 78 79
f 70 69 79 80
f 72 71 81 82
f 73 72 82 83
f 74 73 83 84
f 75 74 84 85
f 76 75 85 86
f 77 76 86 87
f 78 77 87 88
f 79 78 88 89
f 80 79 89 90
f 82 81 91 92
f 83 82 92 93
f 84 83 93 94
f 85 84 94 95
f 86 85 95 96
f 87 86 96 97
f 88 87 97 98
f 89 88 98 99
f 90 89 99 100
