# Blender v2.79 (sub 0) OBJ File: ''
# www.blender.org
v -5.000000 0.000000 5.000000
v -5.000000 0.000000 4.756097
v -5.000000 0.000000 4.512195
v -5.000000 0.000000 4.268293
v -5.000000 0.000000 4.024390
v -5.000000 0.000000 3.780488
v -5.000000 0.000000 3.536585
v -5.000000 0.000000 3.292683
v -5.000000 0.000000 3.048780
v -5.000000 0.000000 2.804878
v -5.000000 0.000000 2.560976
v -5.000000 0.000000 2.317073
v -5.000000 0.000000 2.073171
v -5.000000 0.000000 1.829268
v -5.000000 0.000000 1.585366
v -5.000000 0.000000 1.341463
v -5.000000 0.000000 1.097561
v -5.000000 0.000000 0.853659
v -5.000000 0.000000 0.609756
v -5.000000 0.000000 0.365854
v -5.000000 0.000000 0.121951
v -5.000000 0.000000 -0.121951
v -5.000000 0.000000 -0.365854
v -5.000000 0.000000 -0.609756
v -5.000000 0.000000 -0.853659
v -5.000000 0.000000 -1.097561
v -5.000000 0.000000 -1.341463
v -5.000000 0.000000 -1.585366
v -5.000000 0.000000 -1.829268
v -5.000000 0.000000 -2.073171
v -5.000000 0.000000 -2.317073
v -5.000000 0.000000 -2.560976
v -5.000000 0.000000 -2.804878
v -5.000000 0.000000 -3.048780
v -5.000000 0.000000 -3.292683
v -5.000000 0.000000 -3.536585
v -5.000000 0.000000 -3.780488
v -5.000000 0.000000 -4.024390
v -5.000000 0.000000 -4.268293
v -5.000000 0.000000 -4.512195
v -5.000000 0.000000 -4.756097
v -5.000000 0.000000 -5.000000
v -4.756097 0.000000 5.000000
v -4.756097 0.000000 4.756097
v -4.756097 0.000000 4.512195
v -4.756097 0.000000 4.268293
v -4.756097 0.000000 4.024390
v -4.756097 0.000000 3.780488
v -4.756097 0.000000 3.536585
v -4.756097 0.000000 3.292683
v -4.756097 0.002294 3.048780
v -4.756097 0.009592 2.804878
v -4.756097 0.018522 2.560976
v -4.756097 0.028760 2.317073
v -4.756097 0.037686 2.073171
v -4.756097 0.044491 1.829268
v -4.756097 0.046900 1.585366
v -4.756097 0.051823 1.341463
v -4.756097 0.059064 1.097561
v -4.756097 0.060481 0.853659
v -4.756097 0.053468 0.609756
v -4.756097 0.046602 0.365854
v -4.756097 0.045486 0.121951
v -4.756097 0.051052 -0.121951
v -4.756097 0.058821 -0.365854
v -4.756097 0.053150 -0.609756
v -4.756097 0.045580 -0.853659
v -4.756097 0.035443 -1.097561
v -4.756097 0.030607 -1.341463
v -4.756097 0.021798 -1.585366
v -4.756097 0.018776 -1.829268
v -4.756097 0.016202 -2.073171
v -4.756097 0.013452 -2.317073
v -4.756097 0.006075 -2.560976
v -4.756097 0.001210 -2.804878
v -4.756097 -0.000041 -3.048780
v -4.756097 0.000000 -3.292683
v -4.756097 0.000000 -3.536585
v -4.756097 0.000000 -3.780488
v -4.756097 0.000000 -4.024390
v -4.756097 0.000000 -4.268293
v -4.756097 0.000000 -4.512195
v -4.756097 0.000000 -4.756097
v -4.756097 0.000000 -5.000000
v -4.512195 0.000000 5.000000
v -4.512195 0.000000 4.756097
v -4.512195 0.000000 4.512195
v -4.512195 0.000000 4.268293
v -4.512195 0.000000 4.024390
v -4.512195 0.000048 3.780488
v -4.512195 0.004746 3.536585
v -4.512195 0.018160 3.292683
v -4.512195 0.044420 3.048780
v -4.512195 0.072279 2.804878
v -4.512195 0.086231 2.560976
v -4.512195 0.113023 2.317073
v -4.512195 0.137030 2.073171
v -4.512195 0.164040 1.829268
v -4.512195 0.172601 1.585366
v -4.512195 0.172825 1.341463
v -4.512195 0.204613 1.097561
v -4.512195 0.215113 0.853659
v -4.512195 0.200571 0.609756
v -4.512195 0.188168 0.365854
v -4.512195 0.182470 0.121951
v -4.512195 0.198559 -0.121951
v -4.512195 0.208026 -0.365854
v -4.512195 0.183363 -0.609756
v -4.512195 0.157348 -0.853659
v -4.512195 0.120874 -1.097561
v -4.512195 0.097413 -1.341463
v -4.512195 0.061215 -1.585366
v -4.512195 0.061019 -1.829268
v -4.512195 0.057926 -2.073171
v -4.512195 0.052771 -2.317073
v -4.512195 0.031914 -2.560976
v -4.512195 0.009620 -2.804878
v -4.512195 -0.001387 -3.048780
v -4.512195 -0.005253 -3.292683
v -4.512195 -0.002824 -3.536585
v -4.512195 -0.000049 -3.780488
v -4.512195 0.000000 -4.024390
v -4.512195 0.000000 -4.268293
v -4.512195 0.000000 -4.512195
v -4.512195 0.000000 -4.756097
v -4.512195 0.000000 -5.000000
v -4.268293 0.000000 5.000000
v -4.268293 0.000000 4.756097
v -4.268293 0.000000 4.512195
v -4.268293 0.000000 4.268293
v -4.268293 0.000510 4.024390
v -4.268293 0.007612 3.780488
v -4.268293 0.020979 3.536585
v -4.268293 0.046388 3.292683
v -4.268293 0.098597 3.048780
v -4.268293 0.143366 2.804878
v -4.268293 0.171586 2.560976
v -4.268293 0.217279 2.317073
v -4.268293 0.228464 2.073171
v -4.268293 0.282734 1.829268
v -4.268293 0.333252 1.585366
v -4.268293 0.360519 1.341463
v -4.268293 0.393812 1.097561
v -4.268293 0.422903 0.853659
v -4.268293 0.413082 0.609756
v -4.268293 0.394411 0.365854
v -4.268293 0.406615 0.121951
v -4.268293 0.421750 -0.121951
v -4.268293 0.403101 -0.365854
v -4.268293 0.335119 -0.609756
v -4.268293 0.292982 -0.853659
v -4.268293 0.214389 -1.097561
v -4.268293 0.168743 -1.341463
v -4.268293 0.113946 -1.585366
v -4.268293 0.100678 -1.829268
v -4.268293 0.127833 -2.073171
v -4.268293 0.084438 -2.317073
v -4.268293 0.045410 -2.560976
v -4.268293 0.007813 -2.804878
v -4.268293 -0.013057 -3.048780
v -4.268293 -0.026618 -3.292683
v -4.268293 -0.019615 -3.536585
v -4.268293 -0.010588 -3.780488
v -4.268293 -0.001477 -4.024390
v -4.268293 0.000000 -4.268293
v -4.268293 0.000000 -4.512195
v -4.268293 0.000000 -4.756097
v -4.268293 0.000000 -5.000000
v -4.024390 0.000000 5.000000
v -4.024390 0.000000 4.756097
v -4.024390 0.000000 4.512195
v -4.024390 -0.000281 4.268293
v -4.024390 0.003240 4.024390
v -4.024390 0.009636 3.780488
v -4.024390 0.017280 3.536585
v -4.024390 0.035303 3.292683
v -4.024390 0.085483 3.048780
v -4.024390 0.150931 2.804878
v -4.024390 0.230061 2.560976
v -4.024390 0.293889 2.317073
v -4.024390 0.367070 2.073171
v -4.024390 0.438170 1.829268
v -4.024390 0.510571 1.585366
v -4.024390 0.529689 1.341463
v -4.024390 0.604816 1.097561
v -4.024390 0.619775 0.853659
v -4.024390 0.638443 0.609756
v -4.024390 0.654771 0.365854
v -4.024390 0.661480 0.121951
v -4.024390 0.630093 -0.121951
v -4.024390 0.567399 -0.365854
v -4.024390 0.554569 -0.609756
v -4.024390 0.419367 -0.853659
v -4.024390 0.318616 -1.097561
v -4.024390 0.204953 -1.341463
v -4.024390 0.144390 -1.585366
v -4.024390 0.136954 -1.829268
v -4.024390 0.167056 -2.073171
v -4.024390 0.121489 -2.317073
v -4.024390 0.013980 -2.560976
v -4.024390 -0.028659 -2.804878
v -4.024390 -0.042556 -3.048780
v -4.024390 -0.062064 -3.292683
v -4.024390 -0.061127 -3.536585
v -4.024390 -0.045879 -3.780488
v -4.024390 -0.017902 -4.024390
v -4.024390 -0.001958 -4.268293
v -4.024390 0.000000 -4.512195
v -4.024390 0.000000 -4.756097
v -4.024390 0.000000 -5.000000
v -3.780488 0.000000 5.000000
v -3.780488 0.000000 4.756097
v -3.780488 -0.000031 4.512195
v -3.780488 -0.005307 4.268293
v -3.780488 -0.012268 4.024390
v -3.780488 -0.019649 3.780488
v -3.780488 -0.025400 3.536585
v -3.780488 -0.017485 3.292683
v -3.780488 0.015398 3.048780
v -3.780488 0.134186 2.804878
v -3.780488 0.263974 2.560976
v -3.780488 0.395392 2.317073
v -3.780488 0.480374 2.073171
v -3.780488 0.617527 1.829268
v -3.780488 0.684910 1.585366
v -3.780488 0.712370 1.341463
v -3.780488 0.828635 1.097561
v -3.780488 0.895541 0.853659
v -3.780488 0.863323 0.609756
v -3.780488 0.892094 0.365854
v -3.780488 0.900114 0.121951
v -3.780488 0.876312 -0.121951
v -3.780488 0.819602 -0.365854
v -3.780488 0.690124 -0.609756
v -3.780488 0.562911 -0.853659
v -3.780488 0.376945 -1.097561
v -3.780488 0.269757 -1.341463
v -3.780488 0.138701 -1.585366
v -3.780488 0.144800 -1.829268
v -3.780488 0.139283 -2.073171
v -3.780488 0.074247 -2.317073
v -3.780488 -0.047618 -2.560976
v -3.780488 -0.072232 -2.804878
v -3.780488 -0.087206 -3.048780
v -3.780488 -0.162739 -3.292683
v -3.780488 -0.141258 -3.536585
v -3.780488 -0.101645 -3.780488
v -3.780488 -0.064034 -4.024390
v -3.780488 -0.018625 -4.268293
v -3.780488 -0.000102 -4.512195
v -3.780488 0.000000 -4.756097
v -3.780488 0.000000 -5.000000
v -3.536585 0.000000 5.000000
v -3.536585 0.000000 4.756097
v -3.536585 -0.002967 4.512195
v -3.536585 -0.013914 4.268293
v -3.536585 -0.031814 4.024390
v -3.536585 -0.029831 3.780488
v -3.536585 -0.062496 3.536585
v -3.536585 -0.037339 3.292683
v -3.536585 0.021926 3.048780
v -3.536585 0.047156 2.804878
v -3.536585 0.226675 2.560976
v -3.536585 0.373822 2.317073
v -3.536585 0.445138 2.073171
v -3.536585 0.591119 1.829268
v -3.536585 0.717724 1.585366
v -3.536585 0.783088 1.341463
v -3.536585 0.949941 1.097561
v -3.536585 1.007947 0.853659
v -3.536585 1.052141 0.609756
v -3.536585 1.097191 0.365854
v -3.536585 1.164047 0.121951
v -3.536585 1.186024 -0.121951
v -3.536585 1.077281 -0.365854
v -3.536585 0.863367 -0.609756
v -3.536585 0.671013 -0.853659
v -3.536585 0.454511 -1.097561
v -3.536585 0.308213 -1.341463
v -3.536585 0.193488 -1.585366
v -3.536585 0.125219 -1.829268
v -3.536585 0.085625 -2.073171
v -3.536585 -0.003567 -2.317073
v -3.536585 -0.129663 -2.560976
v -3.536585 -0.172032 -2.804878
v -3.536585 -0.200224 -3.048780
v -3.536585 -0.249728 -3.292683
v -3.536585 -0.240801 -3.536585
v -3.536585 -0.196438 -3.780488
v -3.536585 -0.116147 -4.024390
v -3.536585 -0.051801 -4.268293
v -3.536585 -0.008085 -4.512195
v -3.536585 0.000000 -4.756097
v -3.536585 0.000000 -5.000000
v -3.292683 0.000000 5.000000
v -3.292683 0.000000 4.756097
v -3.292683 -0.010304 4.512195
v -3.292683 -0.030041 4.268293
v -3.292683 -0.071436 4.024390
v -3.292683 -0.116738 3.780488
v -3.292683 -0.115849 3.536585
v -3.292683 -0.164045 3.292683
v -3.292683 -0.103489 3.048780
v -3.292683 -0.078202 2.804878
v -3.292683 0.113150 2.560976
v -3.292683 0.225554 2.317073
v -3.292683 0.318377 2.073171
v -3.292683 0.552025 1.829268
v -3.292683 0.692438 1.585366
v -3.292683 0.848117 1.341463
v -3.292683 1.045812 1.097561
v -3.292683 1.080893 0.853659
v -3.292683 1.163665 0.609756
v -3.292683 1.335499 0.365854
v -3.292683 1.445061 0.121951
v -3.292683 1.470383 -0.121951
v -3.292683 1.223188 -0.365854
v -3.292683 1.000314 -0.609756
v -3.292683 0.736713 -0.853659
v -3.292683 0.547571 -1.097561
v -3.292683 0.298068 -1.341463
v -3.292683 0.126204 -1.585366
v -3.292683 -0.012349 -1.829268
v -3.292683 -0.040981 -2.073171
v -3.292683 -0.101354 -2.317073
v -3.292683 -0.195933 -2.560976
v -3.292683 -0.240468 -2.804878
v -3.292683 -0.335937 -3.048780
v -3.292683 -0.365330 -3.292683
v -3.292683 -0.330776 -3.536585
v -3.292683 -0.270553 -3.780488
v -3.292683 -0.191884 -4.024390
v -3.292683 -0.095823 -4.268293
v -3.292683 -0.029364 -4.512195
v -3.292683 0.000000 -4.756097
v -3.292683 0.000000 -5.000000
v -3.048780 0.000000 5.000000
v -3.048780 -0.001494 4.756097
v -3.048780 -0.026764 4.512195
v -3.048780 -0.077297 4.268293
v -3.048780 -0.126853 4.024390
v -3.048780 -0.212657 3.780488
v -3.048780 -0.239044 3.536585
v -3.048780 -0.305325 3.292683
v -3.048780 -0.311155 3.048780
v -3.048780 -0.234535 2.804878
v -3.048780 0.018075 2.560976
v -3.048780 0.150357 2.317073
v -3.048780 0.321588 2.073171
v -3.048780 0.513917 1.829268
v -3.048780 0.607105 1.585366
v -3.048780 0.735987 1.341463
v -3.048780 0.992212 1.097561
v -3.048780 1.108855 0.853659
v -3.048780 1.318037 0.609756
v -3.048780 1.565380 0.365854
v -3.048780 1.656556 0.121951
v -3.048780 1.660301 -0.121951
v -3.048780 1.219670 -0.365854
v -3.048780 0.976056 -0.609756
v -3.048780 0.719239 -0.853659
v -3.048780 0.462223 -1.097561
v -3.048780 0.173771 -1.341463
v -3.048780 0.080812 -1.585366
v -3.048780 -0.133191 -1.829268
v -3.048780 -0.231889 -2.073171
v -3.048780 -0.260925 -2.317073
v -3.048780 -0.292397 -2.560976
v -3.048780 -0.366960 -2.804878
v -3.048780 -0.422639 -3.048780
v -3.048780 -0.435870 -3.292683
v -3.048780 -0.422711 -3.536585
v -3.048780 -0.339804 -3.780488
v -3.048780 -0.264075 -4.024390
v -3.048780 -0.142303 -4.268293
v -3.048780 -0.053092 -4.512195
v -3.048780 -0.002501 -4.756097
v -3.048780 0.000000 -5.000000
v -2.804878 0.000000 5.000000
v -2.804878 -0.006361 4.756097
v -2.804878 -0.050067 4.512195
v -2.804878 -0.139100 4.268293
v -2.804878 -0.247289 4.024390
v -2.804878 -0.363650 3.780488
v -2.804878 -0.425629 3.536585
v -2.804878 -0.492765 3.292683
v -2.804878 -0.452198 3.048780
v -2.804878 -0.367766 2.804878
v -2.804878 -0.201131 2.560976
v -2.804878 0.028255 2.317073
v -2.804878 0.138152 2.073171
v -2.804878 0.327036 1.829268
v -2.804878 0.434027 1.585366
v -2.804878 0.617632 1.341463
v -2.804878 0.843302 1.097561
v -2.804878 1.024303 0.853659
v -2.804878 1.364980 0.609756
v -2.804878 1.613044 0.365854
v -2.804878 1.654698 0.121951
v -2.804878 1.520529 -0.121951
v -2.804878 1.226710 -0.365854
v -2.804878 0.954149 -0.609756
v -2.804878 0.705081 -0.853659
v -2.804878 0.358126 -1.097561
v -2.804878 0.055192 -1.341463
v -2.804878 -0.089827 -1.585366
v -2.804878 -0.338541 -1.829268
v -2.804878 -0.395133 -2.073171
v -2.804878 -0.488585 -2.317073
v -2.804878 -0.393270 -2.560976
v -2.804878 -0.458037 -2.804878
v -2.804878 -0.453024 -3.048780
v -2.804878 -0.465188 -3.292683
v -2.804878 -0.357257 -3.536585
v -2.804878 -0.331929 -3.780488
v -2.804878 -0.276042 -4.024390
v -2.804878 -0.168417 -4.268293
v -2.804878 -0.078484 -4.512195
v -2.804878 -0.009315 -4.756097
v -2.804878 0.000000 -5.000000
v -2.560976 0.000000 5.000000
v -2.560976 -0.013785 4.756097
v -2.560976 -0.086819 4.512195
v -2.560976 -0.205704 4.268293
v -2.560976 -0.357783 4.024390
v -2.560976 -0.470122 3.780488
v -2.560976 -0.593154 3.536585
v -2.560976 -0.641054 3.292683
v -2.560976 -0.543945 3.048780
v -2.560976 -0.466451 2.804878
v -2.560976 -0.299450 2.560976
v -2.560976 -0.142623 2.317073
v -2.560976 -0.075871 2.073171
v -2.560976 0.015921 1.829268
v -2.560976 0.185277 1.585366
v -2.560976 0.450337 1.341463
v -2.560976 0.668187 1.097561
v -2.560976 1.133393 0.853659
v -2.560976 1.723152 0.609756
v -2.560976 1.903509 0.365854
v -2.560976 1.752906 0.121951
v -2.560976 1.468892 -0.121951
v -2.560976 1.050043 -0.365854
v -2.560976 0.870357 -0.609756
v -2.560976 0.665512 -0.853659
v -2.560976 0.336581 -1.097561
v -2.560976 0.063319 -1.341463
v -2.560976 -0.204423 -1.585366
v -2.560976 -0.382624 -1.829268
v -2.560976 -0.462646 -2.073171
v -2.560976 -0.571572 -2.317073
v -2.560976 -0.545623 -2.560976
v -2.560976 -0.524678 -2.804878
v -2.560976 -0.486402 -3.048780
v -2.560976 -0.463976 -3.292683
v -2.560976 -0.360338 -3.536585
v -2.560976 -0.289591 -3.780488
v -2.560976 -0.235046 -4.024390
v -2.560976 -0.163785 -4.268293
v -2.560976 -0.079168 -4.512195
v -2.560976 -0.016286 -4.756097
v -2.560976 0.000000 -5.000000
v -2.317073 0.000000 5.000000
v -2.317073 -0.023265 4.756097
v -2.317073 -0.106159 4.512195
v -2.317073 -0.239914 4.268293
v -2.317073 -0.394182 4.024390
v -2.317073 -0.523822 3.780488
v -2.317073 -0.596361 3.536585
v -2.317073 -0.670297 3.292683
v -2.317073 -0.599461 3.048780
v -2.317073 -0.454510 2.804878
v -2.317073 -0.275483 2.560976
v -2.317073 -0.245171 2.317073
v -2.317073 -0.202251 2.073171
v -2.317073 0.050240 1.829268
v -2.317073 0.215247 1.585366
v -2.317073 0.458002 1.341463
v -2.317073 0.756392 1.097561
v -2.317073 1.246136 0.853659
v -2.317073 1.846505 0.609756
v -2.317073 2.003851 0.365854
v -2.317073 1.764600 0.121951
v -2.317073 1.552844 -0.121951
v -2.317073 1.121573 -0.365854
v -2.317073 0.931375 -0.609756
v -2.317073 0.665685 -0.853659
v -2.317073 0.275193 -1.097561
v -2.317073 -0.086863 -1.341463
v -2.317073 -0.321466 -1.585366
v -2.317073 -0.371797 -1.829268
v -2.317073 -0.422256 -2.073171
v -2.317073 -0.464596 -2.317073
v -2.317073 -0.441213 -2.560976
v -2.317073 -0.480112 -2.804878
v -2.317073 -0.508966 -3.048780
v -2.317073 -0.355864 -3.292683
v -2.317073 -0.310393 -3.536585
v -2.317073 -0.319053 -3.780488
v -2.317073 -0.250843 -4.024390
v -2.317073 -0.163414 -4.268293
v -2.317073 -0.079005 -4.512195
v -2.317073 -0.020079 -4.756097
v -2.317073 0.000000 -5.000000
v -2.073171 0.000000 5.000000
v -2.073171 -0.026785 4.756097
v -2.073171 -0.108973 4.512195
v -2.073171 -0.234900 4.268293
v -2.073171 -0.381612 4.024390
v -2.073171 -0.497525 3.780488
v -2.073171 -0.522284 3.536585
v -2.073171 -0.619625 3.292683
v -2.073171 -0.507875 3.048780
v -2.073171 -0.327882 2.804878
v -2.073171 -0.320974 2.560976
v -2.073171 -0.206671 2.317073
v -2.073171 -0.317393 2.073171
v -2.073171 -0.053230 1.829268
v -2.073171 0.269730 1.585366
v -2.073171 0.626493 1.341463
v -2.073171 0.951475 1.097561
v -2.073171 1.317796 0.853659
v -2.073171 1.695046 0.609756
v -2.073171 1.872919 0.365854
v -2.073171 1.808883 0.121951
v -2.073171 1.542282 -0.121951
v -2.073171 1.230573 -0.365854
v -2.073171 0.964422 -0.609756
v -2.073171 0.596049 -0.853659
v -2.073171 0.226949 -1.097561
v -2.073171 -0.185946 -1.341463
v -2.073171 -0.468691 -1.585366
v -2.073171 -0.569784 -1.829268
v -2.073171 -0.550949 -2.073171
v -2.073171 -0.423899 -2.317073
v -2.073171 -0.410054 -2.560976
v -2.073171 -0.347605 -2.804878
v -2.073171 -0.392612 -3.048780
v -2.073171 -0.362377 -3.292683
v -2.073171 -0.297405 -3.536585
v -2.073171 -0.291882 -3.780488
v -2.073171 -0.238795 -4.024390
v -2.073171 -0.187568 -4.268293
v -2.073171 -0.093850 -4.512195
v -2.073171 -0.023553 -4.756097
v -2.073171 0.000000 -5.000000
v -1.829268 0.000000 5.000000
v -1.829268 -0.025399 4.756097
v -1.829268 -0.100293 4.512195
v -1.829268 -0.219190 4.268293
v -1.829268 -0.373141 4.024390
v -1.829268 -0.430733 3.780488
v -1.829268 -0.391594 3.536585
v -1.829268 -0.440769 3.292683
v -1.829268 -0.440786 3.048780
v -1.829268 -0.347865 2.804878
v -1.829268 -0.290622 2.560976
v -1.829268 -0.360861 2.317073
v -1.829268 -0.161930 2.073171
v -1.829268 -0.154205 1.829268
v -1.829268 0.289381 1.585366
v -1.829268 0.840874 1.341463
v -1.829268 1.080077 1.097561
v -1.829268 1.249992 0.853659
v -1.829268 1.418172 0.609756
v -1.829268 1.421019 0.365854
v -1.829268 1.409232 0.121951
v -1.829268 1.327967 -0.121951
v -1.829268 1.176352 -0.365854
v -1.829268 0.848615 -0.609756
v -1.829268 0.453766 -0.853659
v -1.829268 0.061739 -1.097561
v -1.829268 -0.322510 -1.341463
v -1.829268 -0.501086 -1.585366
v -1.829268 -0.578089 -1.829268
v -1.829268 -0.502285 -2.073171
v -1.829268 -0.463613 -2.317073
v -1.829268 -0.439584 -2.560976
v -1.829268 -0.372204 -2.804878
v -1.829268 -0.411951 -3.048780
v -1.829268 -0.428585 -3.292683
v -1.829268 -0.353734 -3.536585
v -1.829268 -0.344967 -3.780488
v -1.829268 -0.299783 -4.024390
v -1.829268 -0.174860 -4.268293
v -1.829268 -0.077067 -4.512195
v -1.829268 -0.022048 -4.756097
v -1.829268 0.000000 -5.000000
v -1.585366 0.000000 5.000000
v -1.585366 -0.023355 4.756097
v -1.585366 -0.091823 4.512195
v -1.585366 -0.215945 4.268293
v -1.585366 -0.325270 4.024390
v -1.585366 -0.410464 3.780488
v -1.585366 -0.348965 3.536585
v -1.585366 -0.426551 3.292683
v -1.585366 -0.515468 3.048780
v -1.585366 -0.387600 2.804878
v -1.585366 -0.335941 2.560976
v -1.585366 -0.396675 2.317073
v -1.585366 -0.148527 2.073171
v -1.585366 0.104196 1.829268
v -1.585366 0.415184 1.585366
v -1.585366 0.956744 1.341463
v -1.585366 1.028371 1.097561
v -1.585366 0.953266 0.853659
v -1.585366 1.128641 0.609756
v -1.585366 1.024442 0.365854
v -1.585366 0.862089 0.121951
v -1.585366 0.959275 -0.121951
v -1.585366 0.816140 -0.365854
v -1.585366 0.587444 -0.609756
v -1.585366 0.245122 -0.853659
v -1.585366 -0.175856 -1.097561
v -1.585366 -0.431066 -1.341463
v -1.585366 -0.670004 -1.585366
v -1.585366 -0.647028 -1.829268
v -1.585366 -0.716654 -2.073171
v -1.585366 -0.705846 -2.317073
v -1.585366 -0.560558 -2.560976
v -1.585366 -0.355947 -2.804878
v -1.585366 -0.444257 -3.048780
v -1.585366 -0.479583 -3.292683
v -1.585366 -0.510438 -3.536585
v -1.585366 -0.469683 -3.780488
v -1.585366 -0.374161 -4.024390
v -1.585366 -0.205073 -4.268293
v -1.585366 -0.078520 -4.512195
v -1.585366 -0.021648 -4.756097
v -1.585366 0.000000 -5.000000
v -1.341463 0.000000 5.000000
v -1.341463 -0.024893 4.756097
v -1.341463 -0.082250 4.512195
v -1.341463 -0.183233 4.268293
v -1.341463 -0.314570 4.024390
v -1.341463 -0.398953 3.780488
v -1.341463 -0.462204 3.536585
v -1.341463 -0.605893 3.292683
v -1.341463 -0.574694 3.048780
v -1.341463 -0.470008 2.804878
v -1.341463 -0.426359 2.560976
v -1.341463 -0.453300 2.317073
v -1.341463 -0.182781 2.073171
v -1.341463 0.222248 1.829268
v -1.341463 0.509286 1.585366
v -1.341463 0.957287 1.341463
v -1.341463 1.056316 1.097561
v -1.341463 0.985992 0.853659
v -1.341463 0.807750 0.609756
v -1.341463 0.467125 0.365854
v -1.341463 0.326473 0.121951
v -1.341463 0.404149 -0.121951
v -1.341463 0.534567 -0.365854
v -1.341463 0.419662 -0.609756
v -1.341463 0.192052 -0.853659
v -1.341463 -0.378931 -1.097561
v -1.341463 -0.634892 -1.341463
v -1.341463 -0.729928 -1.585366
v -1.341463 -0.739575 -1.829268
v -1.341463 -0.785334 -2.073171
v -1.341463 -0.849293 -2.317073
v -1.341463 -0.694991 -2.560976
v -1.341463 -0.602454 -2.804878
v -1.341463 -0.549470 -3.048780
v -1.341463 -0.481651 -3.292683
v -1.341463 -0.511628 -3.536585
v -1.341463 -0.498342 -3.780488
v -1.341463 -0.413535 -4.024390
v -1.341463 -0.224556 -4.268293
v -1.341463 -0.104846 -4.512195
v -1.341463 -0.024560 -4.756097
v -1.341463 0.000000 -5.000000
v -1.097561 0.000000 5.000000
v -1.097561 -0.019856 4.756097
v -1.097561 -0.076333 4.512195
v -1.097561 -0.141677 4.268293
v -1.097561 -0.264791 4.024390
v -1.097561 -0.328903 3.780488
v -1.097561 -0.488078 3.536585
v -1.097561 -0.594966 3.292683
v -1.097561 -0.576832 3.048780
v -1.097561 -0.440940 2.804878
v -1.097561 -0.331880 2.560976
v -1.097561 -0.351349 2.317073
v -1.097561 -0.111915 2.073171
v -1.097561 0.205683 1.829268
v -1.097561 0.560660 1.585366
v -1.097561 0.729800 1.341463
v -1.097561 0.881918 1.097561
v -1.097561 0.761850 0.853659
v -1.097561 0.510897 0.609756
v -1.097561 0.170404 0.365854
v -1.097561 -0.113829 0.121951
v -1.097561 0.085233 -0.121951
v -1.097561 0.194611 -0.365854
v -1.097561 -0.027594 -0.609756
v -1.097561 -0.173377 -0.853659
v -1.097561 -0.629561 -1.097561
v -1.097561 -0.570687 -1.341463
v -1.097561 -0.534149 -1.585366
v -1.097561 -0.580682 -1.829268
v -1.097561 -0.713941 -2.073171
v -1.097561 -0.821405 -2.317073
v -1.097561 -0.754167 -2.560976
v -1.097561 -0.802217 -2.804878
v -1.097561 -0.682827 -3.048780
v -1.097561 -0.669278 -3.292683
v -1.097561 -0.615413 -3.536585
v -1.097561 -0.542258 -3.780488
v -1.097561 -0.439875 -4.024390
v -1.097561 -0.245782 -4.268293
v -1.097561 -0.105311 -4.512195
v -1.097561 -0.028249 -4.756097
v -1.097561 0.000000 -5.000000
v -0.853659 0.000000 5.000000
v -0.853659 -0.022350 4.756097
v -0.853659 -0.064543 4.512195
v -0.853659 -0.151908 4.268293
v -0.853659 -0.255870 4.024390
v -0.853659 -0.348587 3.780488
v -0.853659 -0.395556 3.536585
v -0.853659 -0.544372 3.292683
v -0.853659 -0.590315 3.048780
v -0.853659 -0.546262 2.804878
v -0.853659 -0.377310 2.560976
v -0.853659 -0.295152 2.317073
v -0.853659 -0.107720 2.073171
v -0.853659 0.239765 1.829268
v -0.853659 0.563184 1.585366
v -0.853659 0.454249 1.341463
v -0.853659 0.458559 1.097561
v -0.853659 0.481604 0.853659
v -0.853659 0.292268 0.609756
v -0.853659 -0.067991 0.365854
v -0.853659 -0.263601 0.121951
v -0.853659 -0.197741 -0.121951
v -0.853659 -0.015026 -0.365854
v -0.853659 -0.226122 -0.609756
v -0.853659 -0.484922 -0.853659
v -0.853659 -0.710294 -1.097561
v -0.853659 -0.708407 -1.341463
v -0.853659 -0.580210 -1.585366
v -0.853659 -0.570462 -1.829268
v -0.853659 -0.630071 -2.073171
v -0.853659 -0.653643 -2.317073
v -0.853659 -0.604895 -2.560976
v -0.853659 -0.799373 -2.804878
v -0.853659 -0.876274 -3.048780
v -0.853659 -0.728282 -3.292683
v -0.853659 -0.631536 -3.536585
v -0.853659 -0.603374 -3.780488
v -0.853659 -0.410848 -4.024390
v -0.853659 -0.218952 -4.268293
v -0.853659 -0.100926 -4.512195
v -0.853659 -0.025095 -4.756097
v -0.853659 0.000000 -5.000000
v -0.609756 0.000000 5.000000
v -0.609756 -0.012583 4.756097
v -0.609756 -0.046626 4.512195
v -0.609756 -0.132850 4.268293
v -0.609756 -0.249026 4.024390
v -0.609756 -0.336144 3.780488
v -0.609756 -0.344142 3.536585
v -0.609756 -0.523208 3.292683
v -0.609756 -0.568001 3.048780
v -0.609756 -0.536756 2.804878
v -0.609756 -0.478351 2.560976
v -0.609756 -0.361185 2.317073
v -0.609756 -0.037004 2.073171
v -0.609756 0.118940 1.829268
v -0.609756 0.176215 1.585366
v -0.609756 0.254445 1.341463
v -0.609756 0.205160 1.097561
v -0.609756 0.067372 0.853659
v -0.609756 0.092421 0.609756
v -0.609756 -0.188295 0.365854
v -0.609756 -0.464307 0.121951
v -0.609756 -0.335625 -0.121951
v -0.609756 -0.267774 -0.365854
v -0.609756 -0.524094 -0.609756
v -0.609756 -0.753404 -0.853659
v -0.609756 -0.807244 -1.097561
v -0.609756 -0.909903 -1.341463
v -0.609756 -0.788879 -1.585366
v -0.609756 -0.700331 -1.829268
v -0.609756 -0.598370 -2.073171
v -0.609756 -0.521076 -2.317073
v -0.609756 -0.560275 -2.560976
v -0.609756 -0.693500 -2.804878
v -0.609756 -0.741131 -3.048780
v -0.609756 -0.698311 -3.292683
v -0.609756 -0.616930 -3.536585
v -0.609756 -0.501742 -3.780488
v -0.609756 -0.350882 -4.024390
v -0.609756 -0.189567 -4.268293
v -0.609756 -0.083696 -4.512195
v -0.609756 -0.023768 -4.756097
v -0.609756 0.000000 -5.000000
v -0.365854 0.000000 5.000000
v -0.365854 -0.006814 4.756097
v -0.365854 -0.044220 4.512195
v -0.365854 -0.108230 4.268293
v -0.365854 -0.204180 4.024390
v -0.365854 -0.234121 3.780488
v -0.365854 -0.256691 3.536585
v -0.365854 -0.380123 3.292683
v -0.365854 -0.533716 3.048780
v -0.365854 -0.504667 2.804878
v -0.365854 -0.415396 2.560976
v -0.365854 -0.246515 2.317073
v -0.365854 -0.233011 2.073171
v -0.365854 -0.080957 1.829268
v -0.365854 0.027539 1.585366
v -0.365854 -0.033325 1.341463
v -0.365854 -0.028491 1.097561
v -0.365854 -0.309180 0.853659
v -0.365854 -0.256145 0.609756
v -0.365854 -0.392874 0.365854
v -0.365854 -0.483219 0.121951
v -0.365854 -0.439575 -0.121951
v -0.365854 -0.465357 -0.365854
v -0.365854 -0.640222 -0.609756
v -0.365854 -0.653834 -0.853659
v -0.365854 -1.028633 -1.097561
v -0.365854 -1.068910 -1.341463
v -0.365854 -0.962772 -1.585366
v -0.365854 -0.814610 -1.829268
v -0.365854 -0.733135 -2.073171
v -0.365854 -0.644760 -2.317073
v -0.365854 -0.644659 -2.560976
v -0.365854 -0.656728 -2.804878
v -0.365854 -0.621662 -3.048780
v -0.365854 -0.577604 -3.292683
v -0.365854 -0.467292 -3.536585
v -0.365854 -0.420419 -3.780488
v -0.365854 -0.291133 -4.024390
v -0.365854 -0.192400 -4.268293
v -0.365854 -0.072883 -4.512195
v -0.365854 -0.024528 -4.756097
v -0.365854 0.000000 -5.000000
v -0.121951 0.000000 5.000000
v -0.121951 -0.002177 4.756097
v -0.121951 -0.036512 4.512195
v -0.121951 -0.128018 4.268293
v -0.121951 -0.219421 4.024390
v -0.121951 -0.212923 3.780488
v -0.121951 -0.280355 3.536585
v -0.121951 -0.415894 3.292683
v -0.121951 -0.425389 3.048780
v -0.121951 -0.503491 2.804878
v -0.121951 -0.452924 2.560976
v -0.121951 -0.375269 2.317073
v -0.121951 -0.403285 2.073171
v -0.121951 -0.313653 1.829268
v -0.121951 -0.312453 1.585366
v -0.121951 0.003359 1.341463
v -0.121951 0.005865 1.097561
v -0.121951 -0.217326 0.853659
v -0.121951 -0.380267 0.609756
v -0.121951 -0.443954 0.365854
v -0.121951 -0.571851 0.121951
v -0.121951 -0.491667 -0.121951
v -0.121951 -0.465545 -0.365854
v -0.121951 -0.606958 -0.609756
v -0.121951 -0.784038 -0.853659
v -0.121951 -1.076137 -1.097561
v -0.121951 -1.119557 -1.341463
v -0.121951 -1.039815 -1.585366
v -0.121951 -0.809995 -1.829268
v -0.121951 -0.806108 -2.073171
v -0.121951 -0.663163 -2.317073
v -0.121951 -0.704599 -2.560976
v -0.121951 -0.569178 -2.804878
v -0.121951 -0.426722 -3.048780
v -0.121951 -0.419666 -3.292683
v -0.121951 -0.385234 -3.536585
v -0.121951 -0.373106 -3.780488
v -0.121951 -0.258668 -4.024390
v -0.121951 -0.158050 -4.268293
v -0.121951 -0.065626 -4.512195
v -0.121951 -0.022359 -4.756097
v -0.121951 0.000000 -5.000000
v 0.121951 0.000000 5.000000
v 0.121951 -0.002246 4.756097
v 0.121951 -0.027763 4.512195
v 0.121951 -0.081657 4.268293
v 0.121951 -0.165361 4.024390
v 0.121951 -0.255590 3.780488
v 0.121951 -0.315880 3.536585
v 0.121951 -0.459624 3.292683
v 0.121951 -0.402085 3.048780
v 0.121951 -0.403676 2.804878
v 0.121951 -0.471578 2.560976
v 0.121951 -0.442259 2.317073
v 0.121951 -0.438840 2.073171
v 0.121951 -0.279287 1.829268
v 0.121951 -0.198910 1.585366
v 0.121951 -0.001791 1.341463
v 0.121951 0.084041 1.097561
v 0.121951 0.045054 0.853659
v 0.121951 -0.263771 0.609756
v 0.121951 -0.418517 0.365854
v 0.121951 -0.426002 0.121951
v 0.121951 -0.429758 -0.121951
v 0.121951 -0.480780 -0.365854
v 0.121951 -0.611019 -0.609756
v 0.121951 -0.972549 -0.853659
v 0.121951 -1.051851 -1.097561
v 0.121951 -1.152347 -1.341463
v 0.121951 -1.087721 -1.585366
v 0.121951 -0.999467 -1.829268
v 0.121951 -0.846991 -2.073171
v 0.121951 -0.714205 -2.317073
v 0.121951 -0.567897 -2.560976
v 0.121951 -0.462758 -2.804878
v 0.121951 -0.392309 -3.048780
v 0.121951 -0.439199 -3.292683
v 0.121951 -0.400811 -3.536585
v 0.121951 -0.366934 -3.780488
v 0.121951 -0.292504 -4.024390
v 0.121951 -0.158152 -4.268293
v 0.121951 -0.076514 -4.512195
v 0.121951 -0.021128 -4.756097
v 0.121951 0.000000 -5.000000
v 0.365854 0.000000 5.000000
v 0.365854 0.003911 4.756097
v 0.365854 -0.000512 4.512195
v 0.365854 -0.010128 4.268293
v 0.365854 -0.069912 4.024390
v 0.365854 -0.139995 3.780488
v 0.365854 -0.230332 3.536585
v 0.365854 -0.415104 3.292683
v 0.365854 -0.428293 3.048780
v 0.365854 -0.327769 2.804878
v 0.365854 -0.362306 2.560976
v 0.365854 -0.466977 2.317073
v 0.365854 -0.491714 2.073171
v 0.365854 -0.256260 1.829268
v 0.365854 -0.217468 1.585366
v 0.365854 0.053620 1.341463
v 0.365854 0.131863 1.097561
v 0.365854 0.216542 0.853659
v 0.365854 -0.000804 0.609756
v 0.365854 -0.209742 0.365854
v 0.365854 -0.405332 0.121951
v 0.365854 -0.503696 -0.121951
v 0.365854 -0.567587 -0.365854
v 0.365854 -0.909773 -0.609756
v 0.365854 -1.108691 -0.853659
v 0.365854 -1.015130 -1.097561
v 0.365854 -1.121802 -1.341463
v 0.365854 -1.138234 -1.585366
v 0.365854 -1.144980 -1.829268
v 0.365854 -0.963420 -2.073171
v 0.365854 -0.818962 -2.317073
v 0.365854 -0.554468 -2.560976
v 0.365854 -0.522530 -2.804878
v 0.365854 -0.415793 -3.048780
v 0.365854 -0.430570 -3.292683
v 0.365854 -0.421840 -3.536585
v 0.365854 -0.367751 -3.780488
v 0.365854 -0.330371 -4.024390
v 0.365854 -0.189158 -4.268293
v 0.365854 -0.085129 -4.512195
v 0.365854 -0.023197 -4.756097
v 0.365854 0.000000 -5.000000
v 0.609756 0.000000 5.000000
v 0.609756 0.010649 4.756097
v 0.609756 0.023852 4.512195
v 0.609756 0.044618 4.268293
v 0.609756 -0.028381 4.024390
v 0.609756 -0.075462 3.780488
v 0.609756 -0.092987 3.536585
v 0.609756 -0.178459 3.292683
v 0.609756 -0.336405 3.048780
v 0.609756 -0.311478 2.804878
v 0.609756 -0.289264 2.560976
v 0.609756 -0.457025 2.317073
v 0.609756 -0.370201 2.073171
v 0.609756 -0.166468 1.829268
v 0.609756 0.051698 1.585366
v 0.609756 0.169049 1.341463
v 0.609756 0.247525 1.097561
v 0.609756 0.328985 0.853659
v 0.609756 0.279462 0.609756
v 0.609756 0.103083 0.365854
v 0.609756 -0.348684 0.121951
v 0.609756 -0.440924 -0.121951
v 0.609756 -0.690852 -0.365854
v 0.609756 -0.927497 -0.609756
v 0.609756 -1.097749 -0.853659
v 0.609756 -1.156733 -1.097561
v 0.609756 -1.177908 -1.341463
v 0.609756 -1.154189 -1.585366
v 0.609756 -1.194047 -1.829268
v 0.609756 -1.033044 -2.073171
v 0.609756 -0.922048 -2.317073
v 0.609756 -0.688028 -2.560976
v 0.609756 -0.707489 -2.804878
v 0.609756 -0.565044 -3.048780
v 0.609756 -0.461329 -3.292683
v 0.609756 -0.470822 -3.536585
v 0.609756 -0.403746 -3.780488
v 0.609756 -0.336605 -4.024390
v 0.609756 -0.182094 -4.268293
v 0.609756 -0.089281 -4.512195
v 0.609756 -0.020735 -4.756097
v 0.609756 0.000000 -5.000000
v 0.853659 0.000000 5.000000
v 0.853659 0.010934 4.756097
v 0.853659 0.028637 4.512195
v 0.853659 0.021410 4.268293
v 0.853659 -0.050190 4.024390
v 0.853659 -0.064576 3.780488
v 0.853659 -0.044146 3.536585
v 0.853659 -0.043721 3.292683
v 0.853659 -0.125663 3.048780
v 0.853659 -0.114616 2.804878
v 0.853659 -0.247638 2.560976
v 0.853659 -0.178959 2.317073
v 0.853659 0.057857 2.073171
v 0.853659 0.312510 1.829268
v 0.853659 0.481280 1.585366
v 0.853659 0.472302 1.341463
v 0.853659 0.324797 1.097561
v 0.853659 0.417358 0.853659
v 0.853659 0.418554 0.609756
v 0.853659 0.242509 0.365854
v 0.853659 -0.271012 0.121951
v 0.853659 -0.528421 -0.121951
v 0.853659 -0.839281 -0.365854
v 0.853659 -1.066592 -0.609756
v 0.853659 -1.052516 -0.853659
v 0.853659 -1.136258 -1.097561
v 0.853659 -1.186056 -1.341463
v 0.853659 -1.139967 -1.585366
v 0.853659 -1.104034 -1.829268
v 0.853659 -1.026372 -2.073171
v 0.853659 -0.949550 -2.317073
v 0.853659 -0.915991 -2.560976
v 0.853659 -0.839215 -2.804878
v 0.853659 -0.588760 -3.048780
v 0.853659 -0.467940 -3.292683
v 0.853659 -0.493854 -3.536585
v 0.853659 -0.449833 -3.780488
v 0.853659 -0.349356 -4.024390
v 0.853659 -0.218140 -4.268293
v 0.853659 -0.084219 -4.512195
v 0.853659 -0.017605 -4.756097
v 0.853659 0.000000 -5.000000
v 1.097561 0.000000 5.000000
v 1.097561 0.011019 4.756097
v 1.097561 0.025649 4.512195
v 1.097561 0.000875 4.268293
v 1.097561 0.015031 4.024390
v 1.097561 0.038755 3.780488
v 1.097561 0.101284 3.536585
v 1.097561 0.110993 3.292683
v 1.097561 0.088383 3.048780
v 1.097561 0.099511 2.804878
v 1.097561 0.068236 2.560976
v 1.097561 0.027047 2.317073
v 1.097561 0.305377 2.073171
v 1.097561 0.586850 1.829268
v 1.097561 0.726347 1.585366
v 1.097561 0.731888 1.341463
v 1.097561 0.491362 1.097561
v 1.097561 0.663798 0.853659
v 1.097561 0.627231 0.609756
v 1.097561 0.366606 0.365854
v 1.097561 -0.015363 0.121951
v 1.097561 -0.244323 -0.121951
v 1.097561 -0.597238 -0.365854
v 1.097561 -0.847935 -0.609756
v 1.097561 -0.959719 -0.853659
v 1.097561 -1.215895 -1.097561
v 1.097561 -1.218231 -1.341463
v 1.097561 -1.101152 -1.585366
v 1.097561 -1.145507 -1.829268
v 1.097561 -1.069743 -2.073171
v 1.097561 -1.087914 -2.317073
v 1.097561 -1.076592 -2.560976
v 1.097561 -0.894412 -2.804878
v 1.097561 -0.643520 -3.048780
v 1.097561 -0.452169 -3.292683
v 1.097561 -0.413029 -3.536585
v 1.097561 -0.410591 -3.780488
v 1.097561 -0.342715 -4.024390
v 1.097561 -0.202079 -4.268293
v 1.097561 -0.070158 -4.512195
v 1.097561 -0.014464 -4.756097
v 1.097561 0.000000 -5.000000
v 1.341463 0.000000 5.000000
v 1.341463 0.013699 4.756097
v 1.341463 0.038275 4.512195
v 1.341463 0.022599 4.268293
v 1.341463 0.070489 4.024390
v 1.341463 0.099563 3.780488
v 1.341463 0.142507 3.536585
v 1.341463 0.206651 3.292683
v 1.341463 0.315627 3.048780
v 1.341463 0.336037 2.804878
v 1.341463 0.323240 2.560976
v 1.341463 0.444266 2.317073
v 1.341463 0.587347 2.073171
v 1.341463 0.821899 1.829268
v 1.341463 1.033942 1.585366
v 1.341463 1.049024 1.341463
v 1.341463 0.853603 1.097561
v 1.341463 0.935942 0.853659
v 1.341463 0.850775 0.609756
v 1.341463 0.763488 0.365854
v 1.341463 0.418016 0.121951
v 1.341463 0.256979 -0.121951
v 1.341463 0.005133 -0.365854
v 1.341463 -0.306414 -0.609756
v 1.341463 -0.602149 -0.853659
v 1.341463 -0.974637 -1.097561
v 1.341463 -1.030007 -1.341463
v 1.341463 -0.933993 -1.585366
v 1.341463 -1.036563 -1.829268
v 1.341463 -1.088864 -2.073171
v 1.341463 -0.992068 -2.317073
v 1.341463 -0.974000 -2.560976
v 1.341463 -0.836711 -2.804878
v 1.341463 -0.587571 -3.048780
v 1.341463 -0.499222 -3.292683
v 1.341463 -0.435339 -3.536585
v 1.341463 -0.350352 -3.780488
v 1.341463 -0.228535 -4.024390
v 1.341463 -0.136149 -4.268293
v 1.341463 -0.052203 -4.512195
v 1.341463 -0.011304 -4.756097
v 1.341463 0.000000 -5.000000
v 1.585366 0.000000 5.000000
v 1.585366 0.022288 4.756097
v 1.585366 0.059391 4.512195
v 1.585366 0.064463 4.268293
v 1.585366 0.121139 4.024390
v 1.585366 0.217006 3.780488
v 1.585366 0.272928 3.536585
v 1.585366 0.357434 3.292683
v 1.585366 0.529028 3.048780
v 1.585366 0.568150 2.804878
v 1.585366 0.638948 2.560976
v 1.585366 0.809118 2.317073
v 1.585366 0.958726 2.073171
v 1.585366 1.120549 1.829268
v 1.585366 1.384677 1.585366
v 1.585366 1.288961 1.341463
v 1.585366 1.113772 1.097561
v 1.585366 1.067728 0.853659
v 1.585366 1.075197 0.609756
v 1.585366 0.889617 0.365854
v 1.585366 0.771709 0.121951
v 1.585366 0.617155 -0.121951
v 1.585366 0.393925 -0.365854
v 1.585366 0.049381 -0.609756
v 1.585366 -0.193141 -0.853659
v 1.585366 -0.449273 -1.097561
v 1.585366 -0.611081 -1.341463
v 1.585366 -0.562658 -1.585366
v 1.585366 -0.792963 -1.829268
v 1.585366 -0.958642 -2.073171
v 1.585366 -0.872897 -2.317073
v 1.585366 -0.840000 -2.560976
v 1.585366 -0.807852 -2.804878
v 1.585366 -0.669049 -3.048780
v 1.585366 -0.556321 -3.292683
v 1.585366 -0.360624 -3.536585
v 1.585366 -0.232387 -3.780488
v 1.585366 -0.132807 -4.024390
v 1.585366 -0.077307 -4.268293
v 1.585366 -0.025997 -4.512195
v 1.585366 -0.006702 -4.756097
v 1.585366 0.000000 -5.000000
v 1.829268 0.000000 5.000000
v 1.829268 0.023911 4.756097
v 1.829268 0.088981 4.512195
v 1.829268 0.129930 4.268293
v 1.829268 0.209026 4.024390
v 1.829268 0.298640 3.780488
v 1.829268 0.455325 3.536585
v 1.829268 0.594547 3.292683
v 1.829268 0.749697 3.048780
v 1.829268 0.819934 2.804878
v 1.829268 0.918307 2.560976
v 1.829268 1.189225 2.317073
v 1.829268 1.326476 2.073171
v 1.829268 1.510105 1.829268
v 1.829268 1.717124 1.585366
v 1.829268 1.534407 1.341463
v 1.829268 1.334585 1.097561
v 1.829268 1.217953 0.853659
v 1.829268 1.148656 0.609756
v 1.829268 1.048881 0.365854
v 1.829268 0.941707 0.121951
v 1.829268 0.824307 -0.121951
v 1.829268 0.661105 -0.365854
v 1.829268 0.396329 -0.609756
v 1.829268 0.035874 -0.853659
v 1.829268 -0.311783 -1.097561
v 1.829268 -0.299915 -1.341463
v 1.829268 -0.311427 -1.585366
v 1.829268 -0.482877 -1.829268
v 1.829268 -0.633750 -2.073171
v 1.829268 -0.889548 -2.317073
v 1.829268 -0.796476 -2.560976
v 1.829268 -0.782192 -2.804878
v 1.829268 -0.603052 -3.048780
v 1.829268 -0.429372 -3.292683
v 1.829268 -0.246537 -3.536585
v 1.829268 -0.149187 -3.780488
v 1.829268 -0.096848 -4.024390
v 1.829268 -0.042895 -4.268293
v 1.829268 -0.015399 -4.512195
v 1.829268 0.000753 -4.756097
v 1.829268 0.000000 -5.000000
v 2.073171 0.000000 5.000000
v 2.073171 0.025379 4.756097
v 2.073171 0.101123 4.512195
v 2.073171 0.171663 4.268293
v 2.073171 0.293381 4.024390
v 2.073171 0.521798 3.780488
v 2.073171 0.726542 3.536585
v 2.073171 0.858977 3.292683
v 2.073171 0.901016 3.048780
v 2.073171 0.949996 2.804878
v 2.073171 1.037457 2.560976
v 2.073171 1.180190 2.317073
v 2.073171 1.454235 2.073171
v 2.073171 1.583997 1.829268
v 2.073171 1.644180 1.585366
v 2.073171 1.672987 1.341463
v 2.073171 1.431636 1.097561
v 2.073171 1.326015 0.853659
v 2.073171 1.309867 0.609756
v 2.073171 1.146130 0.365854
v 2.073171 0.999445 0.121951
v 2.073171 0.948196 -0.121951
v 2.073171 0.752751 -0.365854
v 2.073171 0.477901 -0.609756
v 2.073171 0.267951 -0.853659
v 2.073171 -0.093881 -1.097561
v 2.073171 -0.223236 -1.341463
v 2.073171 -0.275245 -1.585366
v 2.073171 -0.423428 -1.829268
v 2.073171 -0.596597 -2.073171
v 2.073171 -0.824739 -2.317073
v 2.073171 -0.704077 -2.560976
v 2.073171 -0.621788 -2.804878
v 2.073171 -0.495022 -3.048780
v 2.073171 -0.357056 -3.292683
v 2.073171 -0.174270 -3.536585
v 2.073171 -0.112144 -3.780488
v 2.073171 -0.093844 -4.024390
v 2.073171 -0.019263 -4.268293
v 2.073171 0.000278 -4.512195
v 2.073171 0.000363 -4.756097
v 2.073171 0.000000 -5.000000
v 2.317073 0.000000 5.000000
v 2.317073 0.024661 4.756097
v 2.317073 0.111990 4.512195
v 2.317073 0.216574 4.268293
v 2.317073 0.363934 4.024390
v 2.317073 0.570381 3.780488
v 2.317073 0.790017 3.536585
v 2.317073 0.937380 3.292683
v 2.317073 0.965436 3.048780
v 2.317073 0.928486 2.804878
v 2.317073 0.945731 2.560976
v 2.317073 1.071275 2.317073
v 2.317073 1.285666 2.073171
v 2.317073 1.534775 1.829268
v 2.317073 1.707812 1.585366
v 2.317073 1.670069 1.341463
v 2.317073 1.386733 1.097561
v 2.317073 1.209935 0.853659
v 2.317073 1.210268 0.609756
v 2.317073 0.964158 0.365854
v 2.317073 0.831180 0.121951
v 2.317073 0.871397 -0.121951
v 2.317073 0.744963 -0.365854
v 2.317073 0.553700 -0.609756
v 2.317073 0.295328 -0.853659
v 2.317073 0.228237 -1.097561
v 2.317073 0.096138 -1.341463
v 2.317073 -0.117727 -1.585366
v 2.317073 -0.339764 -1.829268
v 2.317073 -0.460174 -2.073171
v 2.317073 -0.613972 -2.317073
v 2.317073 -0.542533 -2.560976
v 2.317073 -0.461929 -2.804878
v 2.317073 -0.394551 -3.048780
v 2.317073 -0.319610 -3.292683
v 2.317073 -0.160680 -3.536585
v 2.317073 -0.098070 -3.780488
v 2.317073 -0.073934 -4.024390
v 2.317073 -0.023401 -4.268293
v 2.317073 -0.012039 -4.512195
v 2.317073 -0.002522 -4.756097
v 2.317073 0.000000 -5.000000
v 2.560976 0.000000 5.000000
v 2.560976 0.020106 4.756097
v 2.560976 0.108342 4.512195
v 2.560976 0.240364 4.268293
v 2.560976 0.387723 4.024390
v 2.560976 0.602039 3.780488
v 2.560976 0.774937 3.536585
v 2.560976 1.017801 3.292683
v 2.560976 1.117648 3.048780
v 2.560976 1.028900 2.804878
v 2.560976 1.042701 2.560976
v 2.560976 1.106628 2.317073
v 2.560976 1.256397 2.073171
v 2.560976 1.531670 1.829268
v 2.560976 1.685088 1.585366
v 2.560976 1.612764 1.341463
v 2.560976 1.333849 1.097561
v 2.560976 1.086797 0.853659
v 2.560976 0.939676 0.609756
v 2.560976 0.934381 0.365854
v 2.560976 0.906672 0.121951
v 2.560976 0.886787 -0.121951
v 2.560976 0.725481 -0.365854
v 2.560976 0.679243 -0.609756
v 2.560976 0.551513 -0.853659
v 2.560976 0.405351 -1.097561
v 2.560976 0.380073 -1.341463
v 2.560976 0.126179 -1.585366
v 2.560976 -0.010312 -1.829268
v 2.560976 -0.188634 -2.073171
v 2.560976 -0.485138 -2.317073
v 2.560976 -0.499412 -2.560976
v 2.560976 -0.404680 -2.804878
v 2.560976 -0.359849 -3.048780
v 2.560976 -0.236889 -3.292683
v 2.560976 -0.147331 -3.536585
v 2.560976 -0.101129 -3.780488
v 2.560976 -0.073911 -4.024390
v 2.560976 -0.032302 -4.268293
v 2.560976 -0.014114 -4.512195
v 2.560976 -0.002757 -4.756097
v 2.560976 0.000000 -5.000000
v 2.804878 0.000000 5.000000
v 2.804878 0.010789 4.756097
v 2.804878 0.085775 4.512195
v 2.804878 0.224959 4.268293
v 2.804878 0.386873 4.024390
v 2.804878 0.576014 3.780488
v 2.804878 0.792336 3.536585
v 2.804878 0.987809 3.292683
v 2.804878 1.062950 3.048780
v 2.804878 1.046545 2.804878
v 2.804878 1.088163 2.560976
v 2.804878 1.241478 2.317073
v 2.804878 1.422828 2.073171
v 2.804878 1.586969 1.829268
v 2.804878 1.712091 1.585366
v 2.804878 1.635034 1.341463
v 2.804878 1.322692 1.097561
v 2.804878 1.082470 0.853659
v 2.804878 0.965397 0.609756
v 2.804878 0.940001 0.365854
v 2.804878 1.044408 0.121951
v 2.804878 1.024704 -0.121951
v 2.804878 0.943256 -0.365854
v 2.804878 0.753157 -0.609756
v 2.804878 0.655809 -0.853659
v 2.804878 0.620380 -1.097561
v 2.804878 0.353169 -1.341463
v 2.804878 0.216536 -1.585366
v 2.804878 0.059526 -1.829268
v 2.804878 -0.114334 -2.073171
v 2.804878 -0.312004 -2.317073
v 2.804878 -0.399386 -2.560976
v 2.804878 -0.284317 -2.804878
v 2.804878 -0.316539 -3.048780
v 2.804878 -0.220156 -3.292683
v 2.804878 -0.060273 -3.536585
v 2.804878 -0.092217 -3.780488
v 2.804878 -0.092761 -4.024390
v 2.804878 -0.050074 -4.268293
v 2.804878 -0.020040 -4.512195
v 2.804878 -0.002381 -4.756097
v 2.804878 0.000000 -5.000000
v 3.048780 0.000000 5.000000
v 3.048780 0.003235 4.756097
v 3.048780 0.065495 4.512195
v 3.048780 0.198384 4.268293
v 3.048780 0.354899 4.024390
v 3.048780 0.527403 3.780488
v 3.048780 0.752497 3.536585
v 3.048780 1.008684 3.292683
v 3.048780 1.084757 3.048780
v 3.048780 1.125622 2.804878
v 3.048780 1.284598 2.560976
v 3.048780 1.473926 2.317073
v 3.048780 1.530209 2.073171
v 3.048780 1.639972 1.829268
v 3.048780 1.585662 1.585366
v 3.048780 1.510764 1.341463
v 3.048780 1.340602 1.097561
v 3.048780 1.136755 0.853659
v 3.048780 1.065437 0.609756
v 3.048780 1.006751 0.365854
v 3.048780 1.008144 0.121951
v 3.048780 1.015159 -0.121951
v 3.048780 0.976692 -0.365854
v 3.048780 0.708908 -0.609756
v 3.048780 0.613114 -0.853659
v 3.048780 0.478724 -1.097561
v 3.048780 0.337272 -1.341463
v 3.048780 0.198558 -1.585366
v 3.048780 -0.008516 -1.829268
v 3.048780 -0.068058 -2.073171
v 3.048780 -0.268876 -2.317073
v 3.048780 -0.198450 -2.560976
v 3.048780 -0.150325 -2.804878
v 3.048780 -0.184479 -3.048780
v 3.048780 -0.080231 -3.292683
v 3.048780 -0.045086 -3.536585
v 3.048780 -0.092975 -3.780488
v 3.048780 -0.110453 -4.024390
v 3.048780 -0.055865 -4.268293
v 3.048780 -0.018537 -4.512195
v 3.048780 -0.000815 -4.756097
v 3.048780 0.000000 -5.000000
v 3.292683 0.000000 5.000000
v 3.292683 0.000000 4.756097
v 3.292683 0.042024 4.512195
v 3.292683 0.157148 4.268293
v 3.292683 0.303100 4.024390
v 3.292683 0.487748 3.780488
v 3.292683 0.726851 3.536585
v 3.292683 0.952638 3.292683
v 3.292683 1.120056 3.048780
v 3.292683 1.228298 2.804878
v 3.292683 1.328511 2.560976
v 3.292683 1.493628 2.317073
v 3.292683 1.522462 2.073171
v 3.292683 1.502794 1.829268
v 3.292683 1.391710 1.585366
v 3.292683 1.233308 1.341463
v 3.292683 1.203089 1.097561
v 3.292683 1.077282 0.853659
v 3.292683 0.959183 0.609756
v 3.292683 0.858684 0.365854
v 3.292683 0.805068 0.121951
v 3.292683 0.842555 -0.121951
v 3.292683 0.816619 -0.365854
v 3.292683 0.640239 -0.609756
v 3.292683 0.521301 -0.853659
v 3.292683 0.433422 -1.097561
v 3.292683 0.268184 -1.341463
v 3.292683 0.085745 -1.585366
v 3.292683 -0.024827 -1.829268
v 3.292683 -0.139487 -2.073171
v 3.292683 -0.174888 -2.317073
v 3.292683 -0.089559 -2.560976
v 3.292683 -0.078398 -2.804878
v 3.292683 -0.113012 -3.048780
v 3.292683 -0.059097 -3.292683
v 3.292683 -0.072003 -3.536585
v 3.292683 -0.100213 -3.780488
v 3.292683 -0.103452 -4.024390
v 3.292683 -0.053707 -4.268293
v 3.292683 -0.011465 -4.512195
v 3.292683 0.000000 -4.756097
v 3.292683 0.000000 -5.000000
v 3.536585 0.000000 5.000000
v 3.536585 0.000000 4.756097
v 3.536585 0.014149 4.512195
v 3.536585 0.091806 4.268293
v 3.536585 0.220666 4.024390
v 3.536585 0.398188 3.780488
v 3.536585 0.635293 3.536585
v 3.536585 0.850288 3.292683
v 3.536585 1.016861 3.048780
v 3.536585 1.159363 2.804878
v 3.536585 1.154852 2.560976
v 3.536585 1.195874 2.317073
v 3.536585 1.221942 2.073171
v 3.536585 1.193283 1.829268
v 3.536585 1.125845 1.585366
v 3.536585 0.970433 1.341463
v 3.536585 0.979229 1.097561
v 3.536585 0.917837 0.853659
v 3.536585 0.838836 0.609756
v 3.536585 0.767331 0.365854
v 3.536585 0.662580 0.121951
v 3.536585 0.641243 -0.121951
v 3.536585 0.576672 -0.365854
v 3.536585 0.519674 -0.609756
v 3.536585 0.406007 -0.853659
v 3.536585 0.307298 -1.097561
v 3.536585 0.217081 -1.341463
v 3.536585 0.089252 -1.585366
v 3.536585 -0.048189 -1.829268
v 3.536585 -0.128343 -2.073171
v 3.536585 -0.148669 -2.317073
v 3.536585 -0.131378 -2.560976
v 3.536585 -0.131437 -2.804878
v 3.536585 -0.110727 -3.048780
v 3.536585 -0.089850 -3.292683
v 3.536585 -0.084989 -3.536585
v 3.536585 -0.096706 -3.780488
v 3.536585 -0.078476 -4.024390
v 3.536585 -0.032647 -4.268293
v 3.536585 -0.003982 -4.512195
v 3.536585 0.000000 -4.756097
v 3.536585 0.000000 -5.000000
v 3.780488 0.000000 5.000000
v 3.780488 0.000000 4.756097
v 3.780488 0.000203 4.512195
v 3.780488 0.040374 4.268293
v 3.780488 0.133457 4.024390
v 3.780488 0.271415 3.780488
v 3.780488 0.452765 3.536585
v 3.780488 0.631786 3.292683
v 3.780488 0.821540 3.048780
v 3.780488 0.917406 2.804878
v 3.780488 0.959212 2.560976
v 3.780488 0.982399 2.317073
v 3.780488 0.945269 2.073171
v 3.780488 0.829556 1.829268
v 3.780488 0.738826 1.585366
v 3.780488 0.781926 1.341463
v 3.780488 0.763479 1.097561
v 3.780488 0.697051 0.853659
v 3.780488 0.660645 0.609756
v 3.780488 0.574262 0.365854
v 3.780488 0.506409 0.121951
v 3.780488 0.416951 -0.121951
v 3.780488 0.347244 -0.365854
v 3.780488 0.255325 -0.609756
v 3.780488 0.175708 -0.853659
v 3.780488 0.115003 -1.097561
v 3.780488 0.065738 -1.341463
v 3.780488 -0.042950 -1.585366
v 3.780488 -0.028477 -1.829268
v 3.780488 -0.062517 -2.073171
v 3.780488 -0.112606 -2.317073
v 3.780488 -0.154083 -2.560976
v 3.780488 -0.168006 -2.804878
v 3.780488 -0.147288 -3.048780
v 3.780488 -0.099417 -3.292683
v 3.780488 -0.075642 -3.536585
v 3.780488 -0.071352 -3.780488
v 3.780488 -0.051758 -4.024390
v 3.780488 -0.015347 -4.268293
v 3.780488 -0.000055 -4.512195
v 3.780488 0.000000 -4.756097
v 3.780488 0.000000 -5.000000
v 4.024390 0.000000 5.000000
v 4.024390 0.000000 4.756097
v 4.024390 0.000000 4.512195
v 4.024390 0.004881 4.268293
v 4.024390 0.051915 4.024390
v 4.024390 0.141026 3.780488
v 4.024390 0.252589 3.536585
v 4.024390 0.391505 3.292683
v 4.024390 0.526809 3.048780
v 4.024390 0.614870 2.804878
v 4.024390 0.660810 2.560976
v 4.024390 0.682690 2.317073
v 4.024390 0.643594 2.073171
v 4.024390 0.564448 1.829268
v 4.024390 0.543403 1.585366
v 4.024390 0.552443 1.341463
v 4.024390 0.561131 1.097561
v 4.024390 0.505615 0.853659
v 4.024390 0.485834 0.609756
v 4.024390 0.443739 0.365854
v 4.024390 0.375754 0.121951
v 4.024390 0.298390 -0.121951
v 4.024390 0.203693 -0.365854
v 4.024390 0.120802 -0.609756
v 4.024390 0.008950 -0.853659
v 4.024390 -0.024154 -1.097561
v 4.024390 -0.012644 -1.341463
v 4.024390 -0.048593 -1.585366
v 4.024390 -0.109417 -1.829268
v 4.024390 -0.110264 -2.073171
v 4.024390 -0.113567 -2.317073
v 4.024390 -0.157535 -2.560976
v 4.024390 -0.166389 -2.804878
v 4.024390 -0.142328 -3.048780
v 4.024390 -0.092868 -3.292683
v 4.024390 -0.048118 -3.536585
v 4.024390 -0.037325 -3.780488
v 4.024390 -0.015849 -4.024390
v 4.024390 -0.001412 -4.268293
v 4.024390 0.000000 -4.512195
v 4.024390 0.000000 -4.756097
v 4.024390 0.000000 -5.000000
v 4.268293 0.000000 5.000000
v 4.268293 0.000000 4.756097
v 4.268293 0.000000 4.512195
v 4.268293 0.000000 4.268293
v 4.268293 0.004584 4.024390
v 4.268293 0.040711 3.780488
v 4.268293 0.105834 3.536585
v 4.268293 0.180510 3.292683
v 4.268293 0.263493 3.048780
v 4.268293 0.322338 2.804878
v 4.268293 0.373079 2.560976
v 4.268293 0.394718 2.317073
v 4.268293 0.382787 2.073171
v 4.268293 0.361419 1.829268
v 4.268293 0.332791 1.585366
v 4.268293 0.324998 1.341463
v 4.268293 0.326408 1.097561
v 4.268293 0.330377 0.853659
v 4.268293 0.313937 0.609756
v 4.268293 0.257080 0.365854
v 4.268293 0.239161 0.121951
v 4.268293 0.177935 -0.121951
v 4.268293 0.081681 -0.365854
v 4.268293 0.011565 -0.609756
v 4.268293 -0.005157 -0.853659
v 4.268293 -0.066642 -1.097561
v 4.268293 -0.095536 -1.341463
v 4.268293 -0.116533 -1.585366
v 4.268293 -0.123589 -1.829268
v 4.268293 -0.108356 -2.073171
v 4.268293 -0.097295 -2.317073
v 4.268293 -0.118628 -2.560976
v 4.268293 -0.115398 -2.804878
v 4.268293 -0.082856 -3.048780
v 4.268293 -0.048789 -3.292683
v 4.268293 -0.021976 -3.536585
v 4.268293 -0.010276 -3.780488
v 4.268293 -0.001316 -4.024390
v 4.268293 0.000000 -4.268293
v 4.268293 0.000000 -4.512195
v 4.268293 0.000000 -4.756097
v 4.268293 0.000000 -5.000000
v 4.512195 0.000000 5.000000
v 4.512195 0.000000 4.756097
v 4.512195 0.000000 4.512195
v 4.512195 0.000000 4.268293
v 4.512195 0.000000 4.024390
v 4.512195 0.000181 3.780488
v 4.512195 0.014867 3.536585
v 4.512195 0.048195 3.292683
v 4.512195 0.088178 3.048780
v 4.512195 0.126094 2.804878
v 4.512195 0.150116 2.560976
v 4.512195 0.169737 2.317073
v 4.512195 0.178169 2.073171
v 4.512195 0.169497 1.829268
v 4.512195 0.151421 1.585366
v 4.512195 0.148808 1.341463
v 4.512195 0.162064 1.097561
v 4.512195 0.170332 0.853659
v 4.512195 0.137842 0.609756
v 4.512195 0.113924 0.365854
v 4.512195 0.093456 0.121951
v 4.512195 0.071885 -0.121951
v 4.512195 0.029486 -0.365854
v 4.512195 -0.002972 -0.609756
v 4.512195 -0.021699 -0.853659
v 4.512195 -0.044633 -1.097561
v 4.512195 -0.072138 -1.341463
v 4.512195 -0.078504 -1.585366
v 4.512195 -0.075642 -1.829268
v 4.512195 -0.061711 -2.073171
v 4.512195 -0.050605 -2.317073
v 4.512195 -0.045114 -2.560976
v 4.512195 -0.043439 -2.804878
v 4.512195 -0.029341 -3.048780
v 4.512195 -0.014690 -3.292683
v 4.512195 -0.004233 -3.536585
v 4.512195 -0.000046 -3.780488
v 4.512195 0.000000 -4.024390
v 4.512195 0.000000 -4.268293
v 4.512195 0.000000 -4.512195
v 4.512195 0.000000 -4.756097
v 4.512195 0.000000 -5.000000
v 4.756097 0.000000 5.000000
v 4.756097 0.000000 4.756097
v 4.756097 0.000000 4.512195
v 4.756097 0.000000 4.268293
v 4.756097 0.000000 4.024390
v 4.756097 0.000000 3.780488
v 4.756097 0.000000 3.536585
v 4.756097 0.000000 3.292683
v 4.756097 0.003814 3.048780
v 4.756097 0.014058 2.804878
v 4.756097 0.027614 2.560976
v 4.756097 0.035584 2.317073
v 4.756097 0.040967 2.073171
v 4.756097 0.040340 1.829268
v 4.756097 0.038658 1.585366
v 4.756097 0.038047 1.341463
v 4.756097 0.039511 1.097561
v 4.756097 0.039788 0.853659
v 4.756097 0.033824 0.609756
v 4.756097 0.028187 0.365854
v 4.756097 0.024278 0.121951
v 4.756097 0.017025 -0.121951
v 4.756097 0.007989 -0.365854
v 4.756097 0.001863 -0.609756
v 4.756097 -0.007169 -0.853659
v 4.756097 -0.015882 -1.097561
v 4.756097 -0.020415 -1.341463
v 4.756097 -0.023091 -1.585366
v 4.756097 -0.022828 -1.829268
v 4.756097 -0.015408 -2.073171
v 4.756097 -0.011060 -2.317073
v 4.756097 -0.008830 -2.560976
v 4.756097 -0.005521 -2.804878
v 4.756097 -0.001551 -3.048780
v 4.756097 0.000000 -3.292683
v 4.756097 0.000000 -3.536585
v 4.756097 0.000000 -3.780488
v 4.756097 0.000000 -4.024390
v 4.756097 0.000000 -4.268293
v 4.756097 0.000000 -4.512195
v 4.756097 0.000000 -4.756097
v 4.756097 0.000000 -5.000000
v 5.000000 0.000000 5.000000
v 5.000000 0.000000 4.756097
v 5.000000 0.000000 4.512195
v 5.000000 0.000000 4.268293
v 5.000000 0.000000 4.024390
v 5.000000 0.000000 3.780488
v 5.000000 0.000000 3.536585
v 5.000000 0.000000 3.292683
v 5.000000 0.000000 3.048780
v 5.000000 0.000000 2.804878
v 5.000000 0.000000 2.560976
v 5.000000 0.000000 2.317073
v 5.000000 0.000000 2.073171
v 5.000000 0.000000 1.829268
v 5.000000 0.000000 1.585366
v 5.000000 0.000000 1.341463
v 5.000000 0.000000 1.097561
v 5.000000 0.000000 0.853659
v 5.000000 0.000000 0.609756
v 5.000000 0.000000 0.365854
v 5.000000 0.000000 0.121951
v 5.000000 0.000000 -0.121951
v 5.000000 0.000000 -0.365854
v 5.000000 0.000000 -0.609756
v 5.000000 0.000000 -0.853659
v 5.000000 0.000000 -1.097561
v 5.000000 0.000000 -1.341463
v 5.000000 0.000000 -1.585366
v 5.000000 0.000000 -1.829268
v 5.000000 0.000000 -2.073171
v 5.000000 0.000000 -2.317073
v 5.000000 0.000000 -2.560976
v 5.000000 0.000000 -2.804878
v 5.000000 0.000000 -3.048780
v 5.000000 0.000000 -3.292683
v 5.000000 0.000000 -3.536585
v 5.000000 0.000000 -3.780488
v 5.000000 0.000000 -4.024390
v 5.000000 0.000000 -4.268293
v 5.000000 0.000000 -4.512195
v 5.000000 0.000000 -4.756097
v 5.000000 0.000000 -5.000000
s 1
f 2 1 43 44
f 3 2 44 45
f 4 3 45 46
f 5 4 46 47
f 6 5 47 48
f 7 6 48 49
f 8 7 49 50
f 9 8 50 51
f 10 9 51 52
f 11 10 52 53
f 12 11 53 54
f 13 12 54 55
f 14 13 55 56
f 15 14 56 57
f 16 15 57 58
f 17 16 58 59
f 18 17 59 60
f 19 18 60 61
f 20 19 61 62
f 21 20 62 63
f 22 21 63 64
f 23 22 64 65
f 24 23 65 66
f 25 24 66 67
f 26 25 67 68
f 27 26 68 69
f 28 27 69 70
f 29 28 70 71
f 30 29 71 72
f 31 30 72 73
f 32 31 73 74
f 33 32 74 75
f 34 33 75 76
f 35 34 76 77
f 36 35 77 78
f 37 36 78 79
f 38 37 79 80
f 39 38 80 81
f 40 39 81 82
f 41 40 82 83
f 42 41 83 84
f 44 43 85 86
f 45 44 86 87
f 46 45 87 88
f 47 46 88 89
f 48 47 89 90
f 49 48 90 91
f 50 49 91 92
f 51 50 92 93
f 52 51 93 94
f 53 52 94 95
f 54 53 95 96
f 55 54 96 97
f 56 55 97 98
f 57 56 98 99
f 58 57 99 100
f 59 58 100 101
f 60 59 101 102
f 61 60 102 103
f 62 61 103 104
f 63 62 104 105
f 64 63 105 106
f 65 64 106 107
f 66 65 107 108
f 67 66 108 109
f 68 67 109 110
f 69 68 110 111
f 70 69 111 112
f 71 70 112 113
f 72 71 113 114
f 73 72 114 115
f 74 73 115 116
f 75 74 116 117
f 76 75 117 118
f 77 76 118 119
f 78 77 119 120
f 79 78 120 121
f 80 79 121 122
f 81 80 122 123
f 82 81 123 124
f 83 82 124 125
f 84 83 125 126
f 86 85 127 128
f 87 86 128 129
f 88 87 129 130
f 89 88 130 131
f 90 89 131 132
f 91 90 132 133
f 92 91 133 134
f 93 92 134 135
f 94 93 135 136
f 95 94 136 137
f 96 95 137 138
f 97 96 138 139
f 98 97 139 140
f 99 98 140 141
f 100 99 141 142
f 101 100 142 143
f 102 101 143 144
f 103 102 144 145
f 104 103 145 146
f 105 104 146 147
f 106 105 147 148
f 107 106 148 149
f 108 107 149 150
f 109 108 150 151
f 110 109 151 152
f 111 110 152 153
f 112 111 153 154
f 113 112 154 155
f 114 113 155 156
f 115 114 156 157
f 116 115 157 158
f 117 116 158 159
f 118 117 159 160
f 119 118 160 161
f 120 119 161 162
f 121 120 162 163
f 122 121 163 164
f 123 122 164 165
f 124 123 165 166
f 125 124 166 167
f 126 125 167 168
f 128 127 169 170
f 129 128 170 171
f 130 129 171 172
f 131 130 172 173
f 132 131 173 174
f 133 132 174 175
f 134 133 175 176
f 135 134 176 177
f 136 135 177 178
f 137 136 178 179
f 138 137 179 180
f 139 138 180 181
f 140 139 181 182
f 141 140 182 183
f 142 141 183 184
f 143 142 184 185
f 144 143 185 186
f 145 144 186 187
f 146 145 187 188
f 147 146 188 189
f 148 147 189 190
f 149 148 190 191
f 150 149 191 192
f 151 150 192 193
f 152 151 193 194
f 153 152 194 195
f 154 153 195 196
f 155 154 196 197
f 156 155 197 198
f 157 156 198 199
f 158 157 199 200
f 159 158 200 201
f 160 159 201 202
f 161 160 202 203
f 162 161 203 204
f 163 162 204 205
f 164 163 205 206
f 165 164 206 207
f 166 165 207 208
f 167 166 208 209
f 168 167 209 210
f 170 169 211 212
f 171 170 212 213
f 172 171 213 214
f 173 172 214 215
f 174 173 215 216
f 175 174 216 217
f 176 175 217 218
f 177 176 218 219
f 178 177 219 220
f 179 178 220 221
f 180 179 221 222
f 181 180 222 223
f 182 181 223 224
f 183 182 224 225
f 184 183 225 226
f 185 184 226 227
f 186 185 227 228
f 187 186 228 229
f 188 187 229 230
f 189 188 230 231
f 190 189 231 232
f 191 190 232 233
f 192 191 233 234
f 193 192 234 235
f 194 193 235 236
f 195 194 236 237
f 196 195 237 238
f 197 196 238 239
f 198 197 239 240
f 199 198 240 241
f 200 199 241 242
f 201 200 242 243
f 202 201 243 244
f 203 202 244 245
f 204 203 245 246
f 205 204 246 247
f 206 205 247 248
f 207 206 248 249
f 208 207 249 250
f 209 208 250 251
f 210 209 251 252
f 212 211 253 254
f 213 212 254 255
f 214 213 255 256
f 215 214 256 257
f 216 215 257 258
f 217 216 258 259
f 218 217 259 260
f 219 218 260 261
f 220 219 261 262
f 221 220 262 263
f 222 221 263 264
f 223 222 264 265
f 224 223 265 266
f 225 224 266 267
f 226 225 267 268
f 227 226 268 269
f 228 227 269 270
f 229 228 270 271
f 230 229 271 272
f 231 230 272 273
f 232 231 273 274
f 233 232 274 275
f 234 233 275 276
f 235 234 276 277
f 236 235 277 278
f 237 236 278 279
f 238 237 279 280
f 239 238 280 281
f 240 239 281 282
f 241 240 282 283
f 242 241 283 284
f 243 242 284 285
f 244 243 285 286
f 245 244 286 287
f 246 245 287 288
f 247 246 288 289
f 248 247 289 290
f 249 248 290 291
f 250 249 291 292
f 251 250 292 293
f 252 251 293 294
f 254 253 295 296
f 255 254 296 297
f 256 255 297 298
f 257 256 298 299
f 258 257 299 300
f 259 258 300 301
f 260 259 301 302
f 261 260 302 303
f 262 261 303 304
f 263 262 304 305
f 264 263 305 306
f 265 264 306 307
f 266 265 307 308
f 267 266 308 309
f 268 267 309 310
f 269 268 310 311
f 270 269 311 312
f 271 270 312 313
f 272 271 313 314
f 273 272 314 315
f 274 273 315 316
f 275 274 316 317
f 276 275 317 318
f 277 276 318 319
f 278 277 319 320
f 279 278 320 321
f 280 279 321 322
f 281 280 322 323
f 282 281 323 324
f 283 282 324 325
f 284 283 325 326
f 285 284 326 327
f 286 285 327 328
f 287 286 328 329
f 288 287 329 330
f 289 288 330 331
f 290 289 331 332
f 291 290 332 333
f 292 291 333 334
f 293 292 334 335
f 294 293 335 336
f 296 295 337 338
f 297 296 338 339
f 298 297 339 340
f 299 298 340 341
f 300 299 341 342
f 301 300 342 343
f 302 301 343 344
f 303 302 344 345
f 304 303 345 346
f 305 304 346 347
f 306 305 347 348
f 307 306 348 349
f 308 307 349 350
f 309 308 350 351
f 310 309 351 352
f 311 310 352 353
f 312 311 353 354
f 313 312 354 355
f 314 313 355 356
f 315 314 356 357
f 316 315 357 358
f 317 316 358 359
f 318 317 359 360
f 319 318 360 361
f 320 319 361 362
f 321 320 362 363
f 322 321 363 364
f 323 322 364 365
f 324 323 365 366
f 325 324 366 367
f 326 325 367 368
f 327 326 368 369
f 328 327 369 370
f 329 328 370 371
f 330 329 371 372
f 331 330 372 373
f 332 331 373 374
f 333 332 374 375
f 334 333 375 376
f 335 334 376 377
f 336 335 377 378
f 338 337 379 380
f 339 338 380 381
f 340 339 381 382
f 341 340 382 383
f 342 341 383 384
f 343 342 384 385
f 344 343 385 386
f 345 344 386 387
f 346 345 387 388
f 347 346 388 389
f 348 347 389 390
f 349 348 390 391
f 350 349 391 392
f 351 350 392 393
f 352 351 393 394
f 353 352 394 395
f 354 353 395 396
f 355 354 396 397
f 356 355 397 398
f 357 356 398 399
f 358 357 399 400
f 359 358 400 401
f 360 359 401 402
f 361 360 402 403
f 362 361 403 404
f 363 362 404 405
f 364 363 405 406
f 365 364 406 407
f 366 365 407 408
f 367 366 408 409
f 368 367 409 410
f 369 368 410 411
f 370 369 411 412
f 371 370 412 413
f 372 371 413 414
f 373 372 414 415
f 374 373 415 416
f 375 374 416 417
f 376 375 417 418
f 377 376 418 419
f 378 377 419 420
f 380 379 421 422
f 381 380 422 423
f 382 381 423 424
f 383 382 424 425
f 384 383 425 426
f 385 384 426 427
f 386 385 427 428
f 387 386 428 429
f 388 387 429 430
f 389 388 430 431
f 390 389 431 432
f 391 390 432 433
f 392 391 433 434
f 393 392 434 435
f 394 393 435 436
f 395 394 436 437
f 396 395 437 438
f 397 396 438 439
f 398 397 439 440
f 399 398 440 441
f 400 399 441 442
f 401 400 442 443
f 402 401 443 444
f 403 402 444 445
f 404 403 445 446
f 405 404 446 447
f 406 405 447 448
f 407 406 448 449
f 408 407 449 450
f 409 408 450 451
f 410 409 451 452
f 411 410 452 453
f 412 411 453 454
f 413 412 454 455
f 414 413 455 456
f 415 414 456 457
f 416 415 457 458
f 417 416 458 459
f 418 417 459 460
f 419 418 460 461
f 420 419 461 462
f 422 421 463 464
f 423 422 464 465
f 424 423 465 466
f 425 424 466 467
f 426 425 467 468
f 427 426 468 469
f 428 427 469 470
f 429 428 470 471
f 430 429 471 472
f 431 430 472 473
f 432 431 473 474
f 433 432 474 475
f 434 433 475 476
f 435 434 476 477
f 436 435 477 478
f 437 436 478 479
f 438 437 479 480
f 439 438 480 481
f 440 439 481 482
f 441 440 482 483
f 442 441 483 484
f 443 442 484 485
f 444 443 485 486
f 445 444 486 487
f 446 445 487 488
f 447 446 488 489
f 448 447 489 490
f 449 448 490 491
f 450 449 491 492
f 451 450 492 493
f 452 451 493 494
f 453 452 494 495
f 454 453 495 496
f 455 454 496 497
f 456 455 497 498
f 457 456 498 499
f 458 457 499 500
f 459 458 500 501
f 460 459 501 502
f 461 460 502 503
f 462 461 503 504
f 464 463 505 506
f 465 464 506 507
f 466 465 507 508
f 467 466 508 509
f 468 467 509 510
f 469 468 510 511
f 470 469 511 512
f 471 470 512 513
f 472 471 513 514
f 473 472 514 515
f 474 473 515 516
f 475 474 516 517
f 476 475 517 518
f 477 476 518 519
f 478 477 519 520
f 479 478 520 521
f 480 479 521 522
f 481 480 522 523
f 482 481 523 524
f 483 482 524 525
f 484 483 525 526
f 485 484 526 527
f 486 485 527 528
f 487 486 528 529
f 488 487 529 530
f 489 488 530 531
f 490 489 531 532
f 491 490 532 533
f 492 491 533 534
f 493 492 534 535
f 494 493 535 536
f 495 494 536 537
f 496 495 537 538
f 497 496 538 539
f 498 497 539 540
f 499 498 540 541
f 500 499 541 542
f 501 500 542 543
f 502 501 543 544
f 503 502 544 545
f 504 503 545 546
f 506 505 547 548
f 507 506 548 549
f 508 507 549 550
f 509 508 550 551
f 510 509 551 552
f 511 510 552 553
f 512 511 553 554
f 513 512 554 555
f 514 513 555 556
f 515 514 556 557
f 516 515 557 558
f 517 516 558 559
f 518 517 559 560
f 519 518 560 561
f 520 519 561 562
f 521 520 562 563
f 522 521 563 564
f 523 522 564 565
f 524 523 565 566
f 525 524 566 567
f 526 525 567 568
f 527 526 568 569
f 528 527 569 570
f 529 528 570 571
f 530 529 571 572
f 531 530 572 573
f 532 531 573 574
f 533 532 574 575
f 534 533 575 576
f 535 534 576 577
f 536 535 577 578
f 537 536 578 579
f 538 537 579 580
f 539 538 580 581
f 540 539 581 582
f 541 540 582 583
f 542 541 583 584
f 543 542 584 585
f 544 543 585 586
f 545 544 586 587
f 546 545 587 588
f 548 547 589 590
f 549 548 590 591
f 550 549 591 592
f 551 550 592 593
f 552 551 593 594
f 553 552 594 595
f 554 553 595 596
f 555 554 596 597
f 556 555 597 598
f 557 556 598 599
f 558 557 599 600
f 559 558 600 601
f 560 559 601 602
f 561 560 602 603
f 562 561 603 604
f 563 562 604 605
f 564 563 605 606
f 565 564 606 607
f 566 565 607 608
f 567 566 608 609
f 568 567 609 610
f 569 568 610 611
f 570 569 611 612
f 571 570 612 613
f 572 571 613 614
f 573 572 614 615
f 574 573 615 616
f 575 574 616 617
f 576 575 617 618
f 577 576 618 619
f 578 577 619 620
f 579 578 620 621
f 580 579 621 622
f 581 580 622 623
f 582 581 623 624
f 583 582 624 625
f 584 583 625 626
f 585 584 626 627
f 586 585 627 628
f 587 586 628 629
f 588 587 629 630
f 590 589 631 632
f 591 590 632 633
f 592 591 633 634
f 593 592 634 635
f 594 593 635 636
f 595 594 636 637
f 596 595 637 638
f 597 596 638 639
f 598 597 639 640
f 599 598 640 641
f 600 599 641 642
f 601 600 642 643
f 602 601 643 644
f 603 602 644 645
f 604 603 645 646
f 605 604 646 647
f 606 605 647 648
f 607 606 648 649
f 608 607 649 650
f 609 608 650 651
f 610 609 651 652
f 611 610 652 653
f 612 611 653 654
f 613 612 654 655
f 614 613 655 656
f 615 614 656 657
f 616 615 657 658
f 617 616 658 659
f 618 617 659 660
f 619 618 660 661
f 620 619 661 662
f 621 620 662 663
f 622 621 663 664
f 623 622 664 665
f 624 623 665 666
f 625 624 666 667
f 626 625 667 668
f 627 626 668 669
f 628 627 669 670
f 629 628 670 671
f 630 629 671 672
f 632 631 673 674
f 633 632 674 675
f 634 633 675 676
f 635 634 676 677
f 636 635 677 678
f 637 636 678 679
f 638 637 679 680
f 639 638 680 681
f 640 639 681 682
f 641 640 682 683
f 642 641 683 684
f 643 642 684 685
f 644 643 685 686
f 645 644 686 687
f 646 645 687 688
f 647 646 688 689
f 648 647 689 690
f 649 648 690 691
f 650 649 691 692
f 651 650 692 693
f 652 651 693 694
f 653 652 694 695
f 654 653 695 696
f 655 654 696 697
f 656 655 697 698
f 657 656 698 699
f 658 657 699 700
f 659 658 700 701
f 660 659 701 702
f 661 660 702 703
f 662 661 703 704
f 663 662 704 705
f 664 663 705 706
f 665 664 706 707
f 666 665 707 708
f 667 666 708 709
f 668 667 709 710
f 669 668 710 711
f 670 669 711 712
f 671 670 712 713
f 672 671 713 714
f 674 673 715 716
f 675 674 716 717
f 676 675 717 718
f 677 676 718 719
f 678 677 719 720
f 679 678 720 721
f 680 679 721 722
f 681 680 722 723
f 682 681 723 724
f 683 682 724 725
f 684 683 725 726
f 685 684 726 727
f 686 685 727 728
f 687 686 728 729
f 688 687 729 730
f 689 688 730 731
f 690 689 731 732
f 691 690 732 733
f 692 691 733 734
f 693 692 734 735
f 694 693 735 736
f 695 694 736 737
f 696 695 737 738
f 697 696 738 739
f 698 697 739 740
f 699 698 740 741
f 700 699 741 742
f 701 700 742 743
f 702 701 743 744
f 703 702 744 745
f 704 703 745 746
f 705 704 746 747
f 706 705 747 748
f 707 706 748 749
f 708 707 749 750
f 709 708 750 751
f 710 709 751 752
f 711 710 752 753
f 712 711 753 754
f 713 712 754 755
f 714 713 755 756
f 716 715 757 758
f 717 716 758 759
f 718 717 759 760
f 719 718 760 761
f 720 719 761 762
f 721 720 762 763
f 722 721 763 764
f 723 722 764 765
f 724 723 765 766
f 725 724 766 767
f 726 725 767 768
f 727 726 768 769
f 728 727 769 770
f 729 728 770 771
f 730 729 771 772
f 731 730 772 773
f 732 731 773 774
f 733 732 774 775
f 734 733 775 776
f 735 734 776 777
f 736 735 777 778
f 737 736 778 779
f 738 737 779 780
f 739 738 780 781
f 740 739 781 782
f 741 740 782 783
f 742 741 783 784
f 743 742 784 785
f 744 743 785 786
f 745 744 786 787
f 746 745 787 788
f 747 746 788 789
f 748 747 789 790
f 749 748 790 791
f 750 749 791 792
f 751 750 792 793
f 752 751 793 794
f 753 752 794 795
f 754 753 795 796
f 755 754 796 797
f 756 755 797 798
f 758 757 799 800
f 759 758 800 801
f 760 759 801 802
f 761 760 802 803
f 762 761 803 804
f 763 762 804 805
f 764 763 805 806
f 765 764 806 807
f 766 765 807 808
f 767 766 808 809
f 768 767 809 810
f 769 768 810 811
f 770 769 811 812
f 771 770 812 813
f 772 771 813 814
f 773 772 814 815
f 774 773 815 816
f 775 774 816 817
f 776 775 817 818
f 777 776 818 819
f 778 777 819 820
f 779 778 820 821
f 780 779 821 822
f 781 780 822 823
f 782 781 823 824
f 783 782 824 825
f 784 783 825 826
f 785 784 826 827
f 786 785 827 828
f 787 786 828 829
f 788 787 829 830
f 789 788 830 831
f 790 789 831 832
f 791 790 832 833
f 792 791 833 834
f 793 792 834 835
f 794 793 835 836
f 795 794 836 837
f 796 795 837 838
f 797 796 838 839
f 798 797 839 840
f 800 799 841 842
f 801 800 842 843
f 802 801 843 844
f 803 802 844 845
f 804 803 845 846
f 805 804 846 847
f 806 805 847 848
f 807 806 848 849
f 808 807 849 850
f 809 808 850 851
f 810 809 851 852
f 811 810 852 853
f 812 811 853 854
f 813 812 854 855
f 814 813 855 856
f 815 814 856 857
f 816 815 857 858
f 817 816 858 859
f 818 817 859 860
f 819 818 860 861
f 820 819 861 862
f 821 820 862 863
f 822 821 863 864
f 823 822 864 865
f 824 823 865 866
f 825 824 866 867
f 826 825 867 868
f 827 826 868 869
f 828 827 869 870
f 829 828 870 871
f 830 829 871 872
f 831 830 872 873
f 832 831 873 874
f 833 832 874 875
f 834 833 875 876
f 835 834 876 877
f 836 835 877 878
f 837 836 878 879
f 838 837 879 880
f 839 838 880 881
f 840 839 881 882
f 842 841 883 884
f 843 842 884 885
f 844 843 885 886
f 845 844 886 887
f 846 845 887 888
f 847 846 888 889
f 848 847 889 890
f 849 848 890 891
f 850 849 891 892
f 851 850 892 893
f 852 851 893 894
f 853 852 894 895
f 854 853 895 896
f 855 854 896 897
f 856 855 897 898
f 857 856 898 899
f 858 857 899 900
f 859 858 900 901
f 860 859 901 902
f 861 860 902 903
f 862 861 903 904
f 863 862 904 905
f 864 863 905 906
f 865 864 906 907
f 866 865 907 908
f 867 866 908 909
f 868 867 909 910
f 869 868 910 911
f 870 869 911 912
f 871 870 912 913
f 872 871 913 914
f 873 872 914 915
f 874 873 915 916
f 875 874 916 917
f 876 875 917 918
f 877 876 918 919
f 878 877 919 920
f 879 878 920 921
f 880 879 921 922
f 881 880 922 923
f 882 881 923 924
f 884 883 925 926
f 885 884 926 927
f 886 885 927 928
f 887 886 928 929
f 888 887 929 930
f 889 888 930 931
f 890 889 931 932
f 891 890 932 933
f 892 891 933 934
f 893 892 934 935
f 894 893 935 936
f 895 894 936 937
f 896 895 937 938
f 897 896 938 939
f 898 897 939 940
f 899 898 940 941
f 900 899 941 942
f 901 900 942 943
f 902 901 943 944
f 903 902 944 945
f 904 903 945 946
f 905 904 946 947
f 906 905 947 948
f 907 906 948 949
f 908 907 949 950
f 909 908 950 951
f 910 909 951 952
f 911 910 952 953
f 912 911 953 954
f 913 912 954 955
f 914 913 955 956
f 915 914 956 957
f 916 915 957 958
f 917 916 958 959
f 918 917 959 960
f 919 918 960 961
f 920 919 961 962
f 921 920 962 963
f 922 921 963 964
f 923 922 964 965
f 924 923 965 966
f 926 925 967 968
f 927 926 968 969
f 928 927 969 970
f 929 928 970 971
f 930 929 971 972
f 931 930 972 973
f 932 931 973 974
f 933 932 974 975
f 934 933 975 976
f 935 934 976 977
f 936 935 977 978
f 937 936 978 979
f 938 937 979 980
f 939 938 980 981
f 940 939 981 982
f 941 940 982 983
f 942 941 983 984
f 943 942 984 985
f 944 943 985 986
f 945 944 986 987
f 946 945 987 988
f 947 946 988 989
f 948 947 989 990
f 949 948 990 991
f 950 949 991 992
f 951 950 992 993
f 952 951 993 994
f 953 952 994 995
f 954 953 995 996
f 955 954 996 997
f 956 955 997 998
f 957 956 998 999
f 958 957 999 1000
f 959 958 1000 1001
f 960 959 1001 1002
f 961 960 1002 1003
f 962 961 1003 1004
f 963 962 1004 1005
f 964 963 1005 1006
f 965 964 1006 1007
f 966 965 1007 1008
f 968 967 1009 1010
f 969 968 1010 1011
f 970 969 1011 1012
f 971 970 1012 1013
f 972 971 1013 1014
f 973 972 1014 1015
f 974 973 1015 1016
f 975 974 1016 1017
f 976 975 1017 1018
f 977 976 1018 1019
f 978 977 1019 1020
f 979 978 1020 1021
f 980 979 1021 1022
f 981 980 1022 1023
f 982 981 1023 1024
f 983 982 1024 1025
f 984 983 1025 1026
f 985 984 1026 1027
f 986 985 1027 1028
f 987 986 1028 1029
f 988 987 1029 1030
f 989 988 1030 1031
f 990 989 1031 1032
f 991 990 1032 1033
f 992 991 1033 1034
f 993 992 1034 1035
f 994 993 1035 1036
f 995 994 1036 1037
f 996 995 1037 1038
f 997 996 1038 1039
f 998 997 1039 1040
f 999 998 1040 1041
f 1000 999 1041 1042
f 1001 1000 1042 1043
f 1002 1001 1043 1044
f 1003 1002 1044 1045
f 1004 1003 1045 1046
f 1005 1004 1046 1047
f 1006 1005 1047 1048
f 1007 1006 1048 1049
f 1008 1007 1049 1050
f 1010 1009 1051 1052
f 1011 1010 1052 1053
f 1012 1011 1053 1054
f 1013 1012 1054 1055
f 1014 1013 1055 1056
f 1015 1014 1056 1057
f 1016 1015 1057 1058
f 1017 1016 1058 1059
f 1018 1017 1059 1060
f 1019 1018 1060 1061
f 1020 1019 1061 1062
f 1021 1020 1062 1063
f 1022 1021 1063 1064
f 1023 1022 1064 1065
f 1024 1023 1065 1066
f 1025 1024 1066 1067
f 1026 1025 1067 1068
f 1027 1026 1068 1069
f 1028 1027 1069 1070
f 1029 1028 1070 1071
f 1030 1029 1071 1072
f 1031 1030 1072 1073
f 1032 1031 1073 1074
f 1033 1032 1074 1075
f 1034 1033 1075 1076
f 1035 1034 1076 1077
f 1036 1035 1077 1078
f 1037 1036 1078 1079
f 1038 1037 1079 1080
f 1039 1038 1080 1081
f 1040 1039 1081 1082
f 1041 1040 1082 1083
f 1042 1041 1083 1084
f 1043 1042 1084 1085
f 1044 1043 1085 1086
f 1045 1044 1086 1087
f 1046 1045 1087 1088
f 1047 1046 1088 1089
f 1048 1047 1089 1090
f 1049 1048 1090 1091
f 1050 1049 1091 1092
f 1052 1051 1093 1094
f 1053 1052 1094 1095
f 1054 1053 1095 1096
f 1055 1054 1096 1097
f 1056 1055 1097 1098
f 1057 1056 1098 1099
f 1058 1057 1099 1100
f 1059 1058 1100 1101
f 1060 1059 1101 1102
f 1061 1060 1102 1103
f 1062 1061 1103 1104
f 1063 1062 1104 1105
f 1064 1063 1105 1106
f 1065 1064 1106 1107
f 1066 1065 1107 1108
f 1067 1066 1108 1109
f 1068 1067 1109 1110
f 1069 1068 1110 1111
f 1070 1069 1111 1112
f 1071 1070 1112 1113
f 1072 1071 1113 1114
f 1073 1072 1114 1115
f 1074 1073 1115 1116
f 1075 1074 1116 1117
f 1076 1075 1117 1118
f 1077 1076 1118 1119
f 1078 1077 1119 1120
f 1079 1078 1120 1121
f 1080 1079 1121 1122
f 1081 1080 1122 1123
f 1082 1081 1123 1124
f 1083 1082 1124 1125
f 1084 1083 1125 1126
f 1085 1084 1126 1127
f 1086 1085 1127 1128
f 1087 1086 1128 1129
f 1088 1087 1129 1130
f 1089 1088 1130 1131
f 1090 1089 1131 1132
f 1091 1090 1132 1133
f 1092 1091 1133 1134
f 1094 1093 1135 1136
f 1095 1094 1136 1137
f 1096 1095 1137 1138
f 1097 1096 1138 1139
f 1098 1097 1139 1140
f 1099 1098 1140 1141
f 1100 1099 1141 1142
f 1101 1100 1142 1143
f 1102 1101 1143 1144
f 1103 1102 1144 1145
f 1104 1103 1145 1146
f 1105 1104 1146 1147
f 1106 1105 1147 1148
f 1107 1106 1148 1149
f 1108 1107 1149 1150
f 1109 1108 1150 1151
f 1110 1109 1151 1152
f 1111 1110 1152 1153
f 1112 1111 1153 1154
f 1113 1112 1154 1155
f 1114 1113 1155 1156
f 1115 1114 1156 1157
f 1116 1115 1157 1158
f 1117 1116 1158 1159
f 1118 1117 1159 1160
f 1119 1118 1160 1161
f 1120 1119 1161 1162
f 1121 1120 1162 1163
f 1122 1121 1163 1164
f 1123 1122 1164 1165
f 1124 1123 1165 1166
f 1125 1124 1166 1167
f 1126 1125 1167 1168
f 1127 1126 1168 1169
f 1128 1127 1169 1170
f 1129 1128 1170 1171
f 1130 1129 1171 1172
f 1131 1130 1172 1173
f 1132 1131 1173 1174
f 1133 1132 1174 1175
f 1134 1133 1175 1176
f 1136 1135 1177 1178
f 1137 1136 1178 1179
f 1138 1137 1179 1180
f 1139 1138 1180 1181
f 1140 1139 1181 1182
f 1141 1140 1182 1183
f 1142 1141 1183 1184
f 1143 1142 1184 1185
f 1144 1143 1185 1186
f 1145 1144 1186 1187
f 1146 1145 1187 1188
f 1147 1146 1188 1189
f 1148 1147 1189 1190
f 1149 1148 1190 1191
f 1150 1149 1191 1192
f 1151 1150 1192 1193
f 1152 1151 1193 1194
f 1153 1152 1194 1195
f 1154 1153 1195 1196
f 1155 1154 1196 1197
f 1156 1155 1197 1198
f 1157 1156 1198 1199
f 1158 1157 1199 1200
f 1159 1158 1200 1201
f 1160 1159 1201 1202
f 1161 1160 1202 1203
f 1162 1161 1203 1204
f 1163 1162 1204 1205
f 1164 1163 1205 1206
f 1165 1164 1206 1207
f 1166 1165 1207 1208
f 1167 1166 1208 1209
f 1168 1167 1209 1210
f 1169 1168 1210 1211
f 1170 1169 1211 1212
f 1171 1170 1212 1213
f 1172 1171 1213 1214
f 1173 1172 1214 1215
f 1174 1173 1215 1216
f 1175 1174 1216 1217
f 1176 1175 1217 1218
f 1178 1177 1219 1220
f 1179 1178 1220 1221
f 1180 1179 1221 1222
f 1181 1180 1222 1223
f 1182 1181 1223 1224
f 1183 1182 1224 1225
f 1184 1183 1225 1226
f 1185 1184 1226 1227
f 1186 1185 1227 1228
f 1187 1186 1228 1229
f 1188 1187 1229 1230
f 1189 1188 1230 1231
f 1190 1189 1231 1232
f 1191 1190 1232 1233
f 1192 1191 1233 1234
f 1193 1192 1234 1235
f 1194 1193 1235 1236
f 1195 1194 1236 1237
f 1196 1195 1237 1238
f 1197 1196 1238 1239
f 1198 1197 1239 1240
f 1199 1198 1240 1241
f 1200 1199 1241 1242
f 1201 1200 1242 1243
f 1202 1201 1243 1244
f 1203 1202 1244 1245
f 1204 1203 1245 1246
f 1205 1204 1246 1247
f 1206 1205 1247 1248
f 1207 1206 1248 1249
f 1208 1207 1249 1250
f 1209 1208 1250 1251
f 1210 1209 1251 1252
f 1211 1210 1252 1253
f 1212 1211 1253 1254
f 1213 1212 1254 1255
f 1214 1213 1255 1256
f 1215 1214 1256 1257
f 1216 1215 1257 1258
f 1217 1216 1258 1259
f 1218 1217 1259 1260
f 1220 1219 1261 1262
f 1221 1220 1262 1263
f 1222 1221 1263 1264
f 1223 1222 1264 1265
f 1224 1223 1265 1266
f 1225 1224 1266 1267
f 1226 1225 1267 1268
f 1227 1226 1268 1269
f 1228 1227 1269 1270
f 1229 1228 1270 1271
f 1230 1229 1271 1272
f 1231 1230 1272 1273
f 1232 1231 1273 1274
f 1233 1232 1274 1275
f 1234 1233 1275 1276
f 1235 1234 1276 1277
f 1236 1235 1277 1278
f 1237 1236 1278 1279
f 1238 1237 1279 1280
f 1239 1238 1280 1281
f 1240 1239 1281 1282
f 1241 1240 1282 1283
f 1242 1241 1283 1284
f 1243 1242 1284 1285
f 1244 1243 1285 1286
f 1245 1244 1286 1287
f 1246 1245 1287 1288
f 1247 1246 1288 1289
f 1248 1247 1289 1290
f 1249 1248 1290 1291
f 1250 1249 1291 1292
f 1251 1250 1292 1293
f 1252 1251 1293 1294
f 1253 1252 1294 1295
f 1254 1253 1295 1296
f 1255 1254 1296 1297
f 1256 1255 1297 1298
f 1257 1256 1298 1299
f 1258 1257 1299 1300
f 1259 1258 1300 1301
f 1260 1259 1301 1302
f 1262 1261 1303 1304
f 1263 1262 1304 1305
f 1264 1263 1305 1306
f 1265 1264 1306 1307
f 1266 1265 1307 1308
f 1267 1266 1308 1309
f 1268 1267 1309 1310
f 1269 1268 1310 1311
f 1270 1269 1311 1312
f 1271 1270 1312 1313
f 1272 1271 1313 1314
f 1273 1272 1314 1315
f 1274 1273 1315 1316
f 1275 1274 1316 1317
f 1276 1275 1317 1318
f 1277 1276 1318 1319
f 1278 1277 1319 1320
f 1279 1278 1320 1321
f 1280 1279 1321 1322
f 1281 1280 1322 1323
f 1282 1281 1323 1324
f 1283 1282 1324 1325
f 1284 1283 1325 1326
f 1285 1284 1326 1327
f 1286 1285 1327 1328
f 1287 1286 1328 1329
f 1288 1287 1329 1330
f 1289 1288 1330 1331
f 1290 1289 1331 1332
f 1291 1290 1332 1333
f 1292 1291 1333 1334
f 1293 1292 1334 1335
f 1294 1293 1335 1336
f 1295 1294 1336 1337
f 1296 1295 1337 1338
f 1297 1296 1338 1339
f 1298 1297 1339 1340
f 1299 1298 1340 1341
f 1300 1299 1341 1342
f 1301 1300 1342 1343
f 1302 1301 1343 1344
f 1304 1303 1345 1346
f 1305 1304 1346 1347
f 1306 1305 1347 1348
f 1307 1306 1348 1349
f 1308 1307 1349 1350
f 1309 1308 1350 1351
f 1310 1309 1351 1352
f 1311 1310 1352 1353
f 1312 1311 1353 1354
f 1313 1312 1354 1355
f 1314 1313 1355 1356
f 1315 1314 1356 1357
f 1316 1315 1357 1358
f 1317 1316 1358 1359
f 1318 1317 1359 1360
f 1319 1318 1360 1361
f 1320 1319 1361 1362
f 1321 1320 1362 1363
f 1322 1321 1363 1364
f 1323 1322 1364 1365
f 1324 1323 1365 1366
f 1325 1324 1366 1367
f 1326 1325 1367 1368
f 1327 1326 1368 1369
f 1328 1327 1369 1370
f 1329 1328 1370 1371
f 1330 1329 1371 1372
f 1331 1330 1372 1373
f 1332 1331 1373 1374
f 1333 1332 1374 1375
f 1334 1333 1375 1376
f 1335 1334 1376 1377
f 1336 1335 1377 1378
f 1337 1336 1378 1379
f 1338 1337 1379 1380
f 1339 1338 1380 1381
f 1340 1339 1381 1382
f 1341 1340 1382 1383
f 1342 1341 1383 1384
f 1343 1342 1384 1385
f 1344 1343 1385 1386
f 1346 1345 1387 1388
f 1347 1346 1388 1389
f 1348 1347 1389 1390
f 1349 1348 1390 1391
f 1350 1349 1391 1392
f 1351 1350 1392 1393
f 1352 1351 1393 1394
f 1353 1352 1394 1395
f 1354 1353 1395 1396
f 1355 1354 1396 1397
f 1356 1355 1397 1398
f 1357 1356 1398 1399
f 1358 1357 1399 1400
f 1359 1358 1400 1401
f 1360 1359 1401 1402
f 1361 1360 1402 1403
f 1362 1361 1403 1404
f 1363 1362 1404 1405
f 1364 1363 1405 1406
f 1365 1364 1406 1407
f 1366 1365 1407 1408
f 1367 1366 1408 1409
f 1368 1367 1409 1410
f 1369 1368 1410 1411
f 1370 1369 1411 1412
f 1371 1370 1412 1413
f 1372 1371 1413 1414
f 1373 1372 1414 1415
f 1374 1373 1415 1416
f 1375 1374 1416 1417
f 1376 1375 1417 1418
f 1377 1376 1418 1419
f 1378 1377 1419 1420
f 1379 1378 1420 1421
f 1380 1379 1421 1422
f 1381 1380 1422 1423
f 1382 1381 1423 1424
f 1383 1382 1424 1425
f 1384 1383 1425 1426
f 1385 1384 1426 1427
f 1386 1385 1427 1428
f 1388 1387 1429 1430
f 1389 1388 1430 1431
f 1390 1389 1431 1432
f 1391 1390 1432 1433
f 1392 1391 1433 1434
f 1393 1392 1434 1435
f 1394 1393 1435 1436
f 1395 1394 1436 1437
f 1396 1395 1437 1438
f 1397 1396 1438 1439
f 1398 1397 1439 1440
f 1399 1398 1440 1441
f 1400 1399 1441 1442
f 1401 1400 1442 1443
f 1402 1401 1443 1444
f 1403 1402 1444 1445
f 1404 1403 1445 1446
f 1405 1404 1446 1447
f 1406 1405 1447 1448
f 1407 1406 1448 1449
f 1408 1407 1449 1450
f 1409 1408 1450 1451
f 1410 1409 1451 1452
f 1411 1410 1452 1453
f 1412 1411 1453 1454
f 1413 1412 1454 1455
f 1414 1413 1455 1456
f 1415 1414 1456 1457
f 1416 1415 1457 1458
f 1417 1416 1458 1459
f 1418 1417 1459 1460
f 1419 1418 1460 1461
f 1420 1419 1461 1462
f 1421 1420 1462 1463
f 1422 1421 1463 1464
f 1423 1422 1464 1465
f 1424 1423 1465 1466
f 1425 1424 1466 1467
f 1426 1425 1467 1468
f 1427 1426 1468 1469
f 1428 1427 1469 1470
f 1430 1429 1471 1472
f 1431 1430 1472 1473
f 1432 1431 1473 1474
f 1433 1432 1474 1475
f 1434 1433 1475 1476
f 1435 1434 1476 1477
f 1436 1435 1477 1478
f 1437 1436 1478 1479
f 1438 1437 1479 1480
f 1439 1438 1480 1481
f 1440 1439 1481 1482
f 1441 1440 1482 1483
f 1442 1441 1483 1484
f 1443 1442 1484 1485
f 1444 1443 1485 1486
f 1445 1444 1486 1487
f 1446 1445 1487 1488
f 1447 1446 1488 1489
f 1448 1447 1489 1490
f 1449 1448 1490 1491
f 1450 1449 1491 1492
f 1451 1450 1492 1493
f 1452 1451 1493 1494
f 1453 1452 1494 1495
f 1454 1453 1495 1496
f 1455 1454 1496 1497
f 1456 1455 1497 1498
f 1457 1456 1498 1499
f 1458 1457 1499 1500
f 1459 1458 1500 1501
f 1460 1459 1501 1502
f 1461 1460 1502 1503
f 1462 1461 1503 1504
f 1463 1462 1504 1505
f 1464 1463 1505 1506
f 1465 1464 1506 1507
f 1466 1465 1507 1508
f 1467 1466 1508 1509
f 1468 1467 1509 1510
f 1469 1468 1510 1511
f 1470 1469 1511 1512
f 1472 1471 1513 1514
f 1473 1472 1514 1515
f 1474 1473 1515 1516
f 1475 1474 1516 1517
f 1476 1475 1517 1518
f 1477 1476 1518 1519
f 1478 1477 1519 1520
f 1479 1478 1520 1521
f 1480 1479 1521 1522
f 1481 1480 1522 1523
f 1482 1481 1523 1524
f 1483 1482 1524 1525
f 1484 1483 1525 1526
f 1485 1484 1526 1527
f 1486 1485 1527 1528
f 1487 1486 1528 1529
f 1488 1487 1529 1530
f 1489 1488 1530 1531
f 1490 1489 1531 1532
f 1491 1490 1532 1533
f 1492 1491 1533 1534
f 1493 1492 1534 1535
f 1494 1493 1535 1536
f 1495 1494 1536 1537
f 1496 1495 1537 1538
f 1497 1496 1538 1539
f 1498 1497 1539 1540
f 1499 1498 1540 1541
f 1500 1499 1541 1542
f 1501 1500 1542 1543
f 1502 1501 1543 1544
f 1503 1502 1544 1545
f 1504 1503 1545 1546
f 1505 1504 1546 1547
f 1506 1505 1547 1548
f 1507 1506 1548 1549
f 1508 1507 1549 1550
f 1509 1508 1550 1551
f 1510 1509 1551 1552
f 1511 1510 1552 1553
f 1512 1511 1553 1554
f 1514 1513 1555 1556
f 1515 1514 1556 1557
f 1516 1515 1557 1558
f 1517 1516 1558 1559
f 1518 1517 1559 1560
f 1519 1518 1560 1561
f 1520 1519 1561 1562
f 1521 1520 1562 1563
f 1522 1521 1563 1564
f 1523 1522 1564 1565
f 1524 1523 1565 1566
f 1525 1524 1566 1567
f 1526 1525 1567 1568
f 1527 1526 1568 1569
f 1528 1527 1569 1570
f 1529 1528 1570 1571
f 1530 1529 1571 1572
f 1531 1530 1572 1573
f 1532 1531 1573 1574
f 1533 1532 1574 1575
f 1534 1533 1575 1576
f 1535 1534 1576 1577
f 1536 1535 1577 1578
f 1537 1536 1578 1579
f 1538 1537 1579 1580
f 1539 1538 1580 1581
f 1540 1539 1581 1582
f 1541 1540 1582 1583
f 1542 1541 1583 1584
f 1543 1542 1584 1585
f 1544 1543 1585 1586
f 1545 1544 1586 1587
f 1546 1545 1587 1588
f 1547 1546 1588 1589
f 1548 1547 1589 1590
f 1549 1548 1590 1591
f 1550 1549 1591 1592
f 1551 1550 1592 1593
f 1552 1551 1593 1594
f 1553 1552 1594 1595
f 1554 1553 1595 1596
f 1556 1555 1597 1598
f 1557 1556 1598 1599
f 1558 1557 1599 1600
f 1559 1558 1600 1601
f 1560 1559 1601 1602
f 1561 1560 1602 1603
f 1562 1561 1603 1604
f 1563 1562 1604 1605
f 1564 1563 1605 1606
f 1565 1564 1606 1607
f 1566 1565 1607 1608
f 1567 1566 1608 1609
f 1568 1567 1609 1610
f 1569 1568 1610 1611
f 1570 1569 1611 1612
f 1571 1570 1612 1613
f 1572 1571 1613 1614
f 1573 1572 1614 1615
f 1574 1573 1615 1616
f 1575 1574 1616 1617
f 1576 1575 1617 1618
f 1577 1576 1618 1619
f 1578 1577 1619 1620
f 1579 1578 1620 1621
f 1580 1579 1621 1622
f 1581 1580 1622 1623
f 1582 1581 1623 1624
f 1583 1582 1624 1625
f 1584 1583 1625 1626
f 1585 1584 1626 1627
f 1586 1585 1627 1628
f 1587 1586 1628 1629
f 1588 1587 1629 1630
f 1589 1588 1630 1631
f 1590 1589 1631 1632
f 1591 1590 1632 1633
f 1592 1591 1633 1634
f 1593 1592 1634 1635
f 1594 1593 1635 1636
f 1595 1594 1636 1637
f 1596 1595 1637 1638
f 1598 1597 1639 1640
f 1599 1598 1640 1641
f 1600 1599 1641 1642
f 1601 1600 1642 1643
f 1602 1601 1643 1644
f 1603 1602 1644 1645
f 1604 1603 1645 1646
f 1605 1604 1646 1647
f 1606 1605 1647 1648
f 1607 1606 1648 1649
f 1608 1607 1649 1650
f 1609 1608 1650 1651
f 1610 1609 1651 1652
f 1611 1610 1652 1653
f 1612 1611 1653 1654
f 1613 1612 1654 1655
f 1614 1613 1655 1656
f 1615 1614 1656 1657
f 1616 1615 1657 1658
f 1617 1616 1658 1659
f 1618 1617 1659 1660
f 1619 1618 1660 1661
f 1620 1619 1661 1662
f 1621 1620 1662 1663
f 1622 1621 1663 1664
f 1623 1622 1664 1665
f 1624 1623 1665 1666
f 1625 1624 1666 1667
f 1626 1625 1667 1668
f 1627 1626 1668 1669
f 1628 1627 1669 1670
f 1629 1628 1670 1671
f 1630 1629 1671 1672
f 1631 1630 1672 1673
f 1632 1631 1673 1674
f 1633 1632 1674 1675
f 1634 1633 1675 1676
f 1635 1634 1676 1677
f 1636 1635 1677 1678
f 1637 1636 1678 1679
f 1638 1637 1679 1680
f 1640 1639 1681 1682
f 1641 1640 1682 1683
f 1642 1641 1683 1684
f 1643 1642 1684 1685
f 1644 1643 1685 1686
f 1645 1644 1686 1687
f 1646 1645 1687 1688
f 1647 1646 1688 1689
f 1648 1647 1689 1690
f 1649 1648 1690 1691
f 1650 1649 1691 1692
f 1651 1650 1692 1693
f 1652 1651 1693 1694
f 1653 1652 1694 1695
f 1654 1653 1695 1696
f 1655 1654 1696 1697
f 1656 1655 1697 1698
f 1657 1656 1698 1699
f 1658 1657 1699 1700
f 1659 1658 1700 1701
f 1660 1659 1701 1702
f 1661 1660 1702 1703
f 1662 1661 1703 1704
f 1663 1662 1704 1705
f 1664 1663 1705 1706
f 1665 1664 1706 1707
f 1666 1665 1707 1708
f 1667 1666 1708 1709
f 1668 1667 1709 1710
f 1669 1668 1710 1711
f 1670 1669 1711 1712
f 1671 1670 1712 1713
f 1672 1671 1713 1714
f 1673 1672 1714 1715
f 1674 1673 1715 1716
f 1675 1674 1716 1717
f 1676 1675 1717 1718
f 1677 1676 1718 1719
f 1678 1677 1719 1720
f 1679 1678 1720 1721
f 1680 1679 1721 1722
f 1682 1681 1723 1724
f 1683 1682 1724 1725
f 1684 1683 1725 1726
f 1685 1684 1726 1727
f 1686 1685 1727 1728
f 1687 1686 1728 1729
f 1688 1687 1729 1730
f 1689 1688 1730 1731
f 1690 1689 1731 1732
f 1691 1690 1732 1733
f 1692 1691 1733 1734
f 1693 1692 1734 1735
f 1694 1693 1735 1736
f 1695 1694 1736 1737
f 1696 1695 1737 1738
f 1697 1696 1738 1739
f 1698 1697 1739 1740
f 1699 1698 1740 1741
f 1700 1699 1741 1742
f 1701 1700 1742 1743
f 1702 1701 1743 1744
f 1703 1702 1744 1745
f 1704 1703 1745 1746
f 1705 1704 1746 1747
f 1706 1705 1747 1748
f 1707 1706 1748 1749
f 1708 1707 1749 1750
f 1709 1708 1750 1751
f 1710 1709 1751 1752
f 1711 1710 1752 1753
f 1712 1711 1753 1754
f 1713 1712 1754 1755
f 1714 1713 1755 1756
f 1715 1714 1756 1757
f 1716 1715 1757 1758
f 1717 1716 1758 1759
f 1718 1717 1759 1760
f 1719 1718 1760 1761
f 1720 1719 1761 1762
f 1721 1720 1762 1763
f 1722 1721 1763 1764
