# Blender v2.79 (sub 0) OBJ File: ''
# www.blender.org
v -5.000000 0.000000 5.000000
v -5.000000 0.000000 4.729730
v -5.000000 0.000000 4.459459
v -5.000000 0.000000 4.189189
v -5.000000 0.000000 3.918919
v -5.000000 0.000000 3.648649
v -5.000000 0.000000 3.378378
v -5.000000 0.000000 3.108108
v -5.000000 0.000000 2.837838
v -5.000000 0.000000 2.567568
v -5.000000 0.000000 2.297297
v -5.000000 0.000000 2.027027
v -5.000000 0.000000 1.756757
v -5.000000 0.000000 1.486486
v -5.000000 0.000000 1.216216
v -5.000000 0.000000 0.945946
v -5.000000 0.000000 0.675676
v -5.000000 0.000000 0.405405
v -5.000000 0.000000 0.135135
v -5.000000 0.000000 -0.135135
v -5.000000 0.000000 -0.405405
v -5.000000 0.000000 -0.675676
v -5.000000 0.000000 -0.945946
v -5.000000 0.000000 -1.216216
v -5.000000 0.000000 -1.486486
v -5.000000 0.000000 -1.756757
v -5.000000 0.000000 -2.027027
v -5.000000 0.000000 -2.297297
v -5.000000 0.000000 -2.567568
v -5.000000 0.000000 -2.837838
v -5.000000 0.000000 -3.108108
v -5.000000 0.000000 -3.378378
v -5.000000 0.000000 -3.648649
v -5.000000 0.000000 -3.918919
v -5.000000 0.000000 -4.189189
v -5.000000 0.000000 -4.459459
v -5.000000 0.000000 -4.729730
v -5.000000 0.000000 -5.000000
v -4.729730 0.000000 5.000000
v -4.729730 0.000000 4.729730
v -4.729730 0.000000 4.459459
v -4.729730 0.000000 4.189189
v -4.729730 0.000000 3.918919
v -4.729730 0.000000 3.648649
v -4.729730 0.000000 3.378378
v -4.729730 0.002824 3.108108
v -4.729730 0.012884 2.837838
v -4.729730 0.024186 2.567568
v -4.729730 0.037511 2.297297
v -4.729730 0.048171 2.027027
v -4.729730 0.055984 1.756757
v -4.729730 0.059041 1.486486
v -4.729730 0.066136 1.216216
v -4.729730 0.074978 0.945946
v -4.729730 0.067255 0.675676
v -4.729730 0.057471 0.405405
v -4.729730 0.054348 0.135135
v -4.729730 0.062516 -0.135135
v -4.729730 0.070865 -0.405405
v -4.729730 0.060692 -0.675676
v -4.729730 0.051971 -0.945946
v -4.729730 0.039443 -1.216216
v -4.729730 0.028468 -1.486486
v -4.729730 0.023693 -1.756757
v -4.729730 0.020349 -2.027027
v -4.729730 0.017421 -2.297297
v -4.729730 0.008014 -2.567568
v -4.729730 0.001199 -2.837838
v -4.729730 -0.000216 -3.108108
v -4.729730 0.000000 -3.378378
v -4.729730 0.000000 -3.648649
v -4.729730 0.000000 -3.918919
v -4.729730 0.000000 -4.189189
v -4.729730 0.000000 -4.459459
v -4.729730 0.000000 -4.729730
v -4.729730 0.000000 -5.000000
v -4.459459 0.000000 5.000000
v -4.459459 0.000000 4.729730
v -4.459459 0.000000 4.459459
v -4.459459 0.000000 4.189189
v -4.459459 0.000000 3.918919
v -4.459459 0.003817 3.648649
v -4.459459 0.018539 3.378378
v -4.459459 0.049693 3.108108
v -4.459459 0.084029 2.837838
v -4.459459 0.106638 2.567568
v -4.459459 0.134642 2.297297
v -4.459459 0.161108 2.027027
v -4.459459 0.195452 1.756757
v -4.459459 0.206457 1.486486
v -4.459459 0.223346 1.216216
v -4.459459 0.252945 0.945946
v -4.459459 0.249521 0.675676
v -4.459459 0.226743 0.405405
v -4.459459 0.225631 0.135135
v -4.459459 0.242396 -0.135135
v -4.459459 0.249316 -0.405405
v -4.459459 0.206441 -0.675676
v -4.459459 0.164422 -0.945946
v -4.459459 0.128401 -1.216216
v -4.459459 0.087525 -1.486486
v -4.459459 0.072478 -1.756757
v -4.459459 0.075427 -2.027027
v -4.459459 0.059436 -2.297297
v -4.459459 0.033455 -2.567568
v -4.459459 0.006819 -2.837838
v -4.459459 -0.004729 -3.108108
v -4.459459 -0.006984 -3.378378
v -4.459459 -0.003069 -3.648649
v -4.459459 0.000000 -3.918919
v -4.459459 0.000000 -4.189189
v -4.459459 0.000000 -4.459459
v -4.459459 0.000000 -4.729730
v -4.459459 0.000000 -5.000000
v -4.189189 0.000000 5.000000
v -4.189189 0.000000 4.729730
v -4.189189 0.000000 4.459459
v -4.189189 0.000017 4.189189
v -4.189189 0.004195 3.918919
v -4.189189 0.016542 3.648649
v -4.189189 0.039579 3.378378
v -4.189189 0.084616 3.108108
v -4.189189 0.152308 2.837838
v -4.189189 0.197838 2.567568
v -4.189189 0.255229 2.297297
v -4.189189 0.276922 2.027027
v -4.189189 0.363117 1.756757
v -4.189189 0.399248 1.486486
v -4.189189 0.450492 1.216216
v -4.189189 0.482724 0.945946
v -4.189189 0.481544 0.675676
v -4.189189 0.484864 0.405405
v -4.189189 0.485421 0.135135
v -4.189189 0.486892 -0.135135
v -4.189189 0.441514 -0.405405
v -4.189189 0.381645 -0.675676
v -4.189189 0.309848 -0.945946
v -4.189189 0.208831 -1.216216
v -4.189189 0.154277 -1.486486
v -4.189189 0.091124 -1.756757
v -4.189189 0.134357 -2.027027
v -4.189189 0.097017 -2.297297
v -4.189189 0.037532 -2.567568
v -4.189189 -0.009053 -2.837838
v -4.189189 -0.029759 -3.108108
v -4.189189 -0.032613 -3.378378
v -4.189189 -0.026009 -3.648649
v -4.189189 -0.010368 -3.918919
v -4.189189 -0.000146 -4.189189
v -4.189189 0.000000 -4.459459
v -4.189189 0.000000 -4.729730
v -4.189189 0.000000 -5.000000
v -3.918919 0.000000 5.000000
v -3.918919 0.000000 4.729730
v -3.918919 0.000000 4.459459
v -3.918919 -0.002354 4.189189
v -3.918919 -0.001735 3.918919
v -3.918919 0.002841 3.648649
v -3.918919 0.009621 3.378378
v -3.918919 0.028498 3.108108
v -3.918919 0.129212 2.837838
v -3.918919 0.245423 2.567568
v -3.918919 0.341186 2.297297
v -3.918919 0.447256 2.027027
v -3.918919 0.542436 1.756757
v -3.918919 0.582302 1.486486
v -3.918919 0.662820 1.216216
v -3.918919 0.736113 0.945946
v -3.918919 0.755455 0.675676
v -3.918919 0.762356 0.405405
v -3.918919 0.759376 0.135135
v -3.918919 0.722850 -0.135135
v -3.918919 0.675589 -0.405405
v -3.918919 0.579624 -0.675676
v -3.918919 0.438119 -0.945946
v -3.918919 0.250866 -1.216216
v -3.918919 0.162594 -1.486486
v -3.918919 0.153309 -1.756757
v -3.918919 0.171087 -2.027027
v -3.918919 0.122907 -2.297297
v -3.918919 -0.003088 -2.567568
v -3.918919 -0.043657 -2.837838
v -3.918919 -0.069659 -3.108108
v -3.918919 -0.094869 -3.378378
v -3.918919 -0.081379 -3.648649
v -3.918919 -0.049915 -3.918919
v -3.918919 -0.013573 -4.189189
v -3.918919 0.000000 -4.459459
v -3.918919 0.000000 -4.729730
v -3.918919 0.000000 -5.000000
v -3.648649 0.000000 5.000000
v -3.648649 0.000000 4.729730
v -3.648649 -0.002449 4.459459
v -3.648649 -0.015125 4.189189
v -3.648649 -0.025710 3.918919
v -3.648649 -0.028833 3.648649
v -3.648649 -0.032630 3.378378
v -3.648649 -0.000669 3.108108
v -3.648649 0.085647 2.837838
v -3.648649 0.254687 2.567568
v -3.648649 0.400173 2.297297
v -3.648649 0.512946 2.027027
v -3.648649 0.689066 1.756757
v -3.648649 0.716184 1.486486
v -3.648649 0.847763 1.216216
v -3.648649 0.943684 0.945946
v -3.648649 0.993581 0.675676
v -3.648649 0.992205 0.405405
v -3.648649 1.024184 0.135135
v -3.648649 1.015630 -0.135135
v -3.648649 0.939638 -0.405405
v -3.648649 0.733053 -0.675676
v -3.648649 0.543646 -0.945946
v -3.648649 0.332722 -1.216216
v -3.648649 0.208382 -1.486486
v -3.648649 0.156444 -1.756757
v -3.648649 0.128601 -2.027027
v -3.648649 0.057181 -2.297297
v -3.648649 -0.087879 -2.567568
v -3.648649 -0.111589 -2.837838
v -3.648649 -0.150224 -3.108108
v -3.648649 -0.209140 -3.378378
v -3.648649 -0.178409 -3.648649
v -3.648649 -0.115864 -3.918919
v -3.648649 -0.054516 -4.189189
v -3.648649 -0.007368 -4.459459
v -3.648649 0.000000 -4.729730
v -3.648649 0.000000 -5.000000
v -3.378378 0.000000 5.000000
v -3.378378 0.000000 4.729730
v -3.378378 -0.010435 4.459459
v -3.378378 -0.032276 4.189189
v -3.378378 -0.073970 3.918919
v -3.378378 -0.104309 3.648649
v -3.378378 -0.124882 3.378378
v -3.378378 -0.056273 3.108108
v -3.378378 -0.040330 2.837838
v -3.378378 0.128832 2.567568
v -3.378378 0.299650 2.297297
v -3.378378 0.378648 2.027027
v -3.378378 0.628057 1.756757
v -3.378378 0.744320 1.486486
v -3.378378 0.979148 1.216216
v -3.378378 1.066009 0.945946
v -3.378378 1.121031 0.675676
v -3.378378 1.237020 0.405405
v -3.378378 1.325964 0.135135
v -3.378378 1.411664 -0.135135
v -3.378378 1.135873 -0.405405
v -3.378378 0.883589 -0.675676
v -3.378378 0.600975 -0.945946
v -3.378378 0.441666 -1.216216
v -3.378378 0.231538 -1.486486
v -3.378378 0.066544 -1.756757
v -3.378378 0.035519 -2.027027
v -3.378378 -0.076277 -2.297297
v -3.378378 -0.184459 -2.567568
v -3.378378 -0.225085 -2.837838
v -3.378378 -0.321425 -3.108108
v -3.378378 -0.311410 -3.378378
v -3.378378 -0.279530 -3.648649
v -3.378378 -0.197968 -3.918919
v -3.378378 -0.105057 -4.189189
v -3.378378 -0.030616 -4.459459
v -3.378378 0.000000 -4.729730
v -3.378378 0.000000 -5.000000
v -3.108108 0.000000 5.000000
v -3.108108 -0.001853 4.729730
v -3.108108 -0.029414 4.459459
v -3.108108 -0.070915 4.189189
v -3.108108 -0.145462 3.918919
v -3.108108 -0.214955 3.648649
v -3.108108 -0.237224 3.378378
v -3.108108 -0.275084 3.108108
v -3.108108 -0.218447 2.837838
v -3.108108 0.032549 2.567568
v -3.108108 0.150765 2.297297
v -3.108108 0.336148 2.027027
v -3.108108 0.535137 1.756757
v -3.108108 0.684498 1.486486
v -3.108108 0.860913 1.216216
v -3.108108 1.083269 0.945946
v -3.108108 1.235526 0.675676
v -3.108108 1.492338 0.405405
v -3.108108 1.617856 0.135135
v -3.108108 1.633403 -0.135135
v -3.108108 1.184167 -0.405405
v -3.108108 0.911323 -0.675676
v -3.108108 0.646441 -0.945946
v -3.108108 0.342996 -1.216216
v -3.108108 0.153446 -1.486486
v -3.108108 -0.051897 -1.756757
v -3.108108 -0.149584 -2.027027
v -3.108108 -0.234479 -2.297297
v -3.108108 -0.274593 -2.567568
v -3.108108 -0.363401 -2.837838
v -3.108108 -0.421248 -3.108108
v -3.108108 -0.432273 -3.378378
v -3.108108 -0.390590 -3.648649
v -3.108108 -0.301187 -3.918919
v -3.108108 -0.168769 -4.189189
v -3.108108 -0.062928 -4.459459
v -3.108108 -0.003409 -4.729730
v -3.108108 0.000000 -5.000000
v -2.837838 0.000000 5.000000
v -2.837838 -0.008143 4.729730
v -2.837838 -0.060936 4.459459
v -2.837838 -0.156603 4.189189
v -2.837838 -0.264499 3.918919
v -2.837838 -0.385973 3.648649
v -2.837838 -0.449946 3.378378
v -2.837838 -0.422433 3.108108
v -2.837838 -0.392616 2.837838
v -2.837838 -0.173366 2.567568
v -2.837838 0.074929 2.297297
v -2.837838 0.195955 2.027027
v -2.837838 0.403897 1.756757
v -2.837838 0.545440 1.486486
v -2.837838 0.749550 1.216216
v -2.837838 0.973056 0.945946
v -2.837838 1.269486 0.675676
v -2.837838 1.575361 0.405405
v -2.837838 1.673251 0.135135
v -2.837838 1.528263 -0.135135
v -2.837838 1.170307 -0.405405
v -2.837838 0.885137 -0.675676
v -2.837838 0.578258 -0.945946
v -2.837838 0.185859 -1.216216
v -2.837838 -0.027457 -1.486486
v -2.837838 -0.239085 -1.756757
v -2.837838 -0.358847 -2.027027
v -2.837838 -0.454054 -2.297297
v -2.837838 -0.385626 -2.567568
v -2.837838 -0.440538 -2.837838
v -2.837838 -0.477096 -3.108108
v -2.837838 -0.447009 -3.378378
v -2.837838 -0.330755 -3.648649
v -2.837838 -0.315599 -3.918919
v -2.837838 -0.196897 -4.189189
v -2.837838 -0.096211 -4.459459
v -2.837838 -0.012556 -4.729730
v -2.837838 0.000000 -5.000000
v -2.567568 0.000000 5.000000
v -2.567568 -0.018353 4.729730
v -2.567568 -0.108093 4.459459
v -2.567568 -0.256958 4.189189
v -2.567568 -0.414368 3.918919
v -2.567568 -0.544955 3.648649
v -2.567568 -0.602836 3.378378
v -2.567568 -0.554906 3.108108
v -2.567568 -0.479481 2.837838
v -2.567568 -0.303083 2.567568
v -2.567568 -0.137618 2.297297
v -2.567568 -0.028389 2.027027
v -2.567568 0.097878 1.756757
v -2.567568 0.327628 1.486486
v -2.567568 0.554595 1.216216
v -2.567568 0.921822 0.945946
v -2.567568 1.550618 0.675676
v -2.567568 1.882320 0.405405
v -2.567568 1.766667 0.135135
v -2.567568 1.444592 -0.135135
v -2.567568 1.013099 -0.405405
v -2.567568 0.822391 -0.675676
v -2.567568 0.552931 -0.945946
v -2.567568 0.207790 -1.216216
v -2.567568 -0.069539 -1.486486
v -2.567568 -0.352268 -1.756757
v -2.567568 -0.453196 -2.027027
v -2.567568 -0.573215 -2.297297
v -2.567568 -0.547745 -2.567568
v -2.567568 -0.526082 -2.837838
v -2.567568 -0.510626 -3.108108
v -2.567568 -0.443236 -3.378378
v -2.567568 -0.354760 -3.648649
v -2.567568 -0.267326 -3.918919
v -2.567568 -0.191141 -4.189189
v -2.567568 -0.097235 -4.459459
v -2.567568 -0.021844 -4.729730
v -2.567568 0.000000 -5.000000
v -2.297297 0.000000 5.000000
v -2.297297 -0.031011 4.729730
v -2.297297 -0.130627 4.459459
v -2.297297 -0.294659 4.189189
v -2.297297 -0.464758 3.918919
v -2.297297 -0.534069 3.648649
v -2.297297 -0.654297 3.378378
v -2.297297 -0.613024 3.108108
v -2.297297 -0.461953 2.837838
v -2.297297 -0.271129 2.567568
v -2.297297 -0.234609 2.297297
v -2.297297 -0.168779 2.027027
v -2.297297 0.054181 1.756757
v -2.297297 0.271881 1.486486
v -2.297297 0.594111 1.216216
v -2.297297 1.093576 0.945946
v -2.297297 1.687707 0.675676
v -2.297297 2.001905 0.405405
v -2.297297 1.803414 0.135135
v -2.297297 1.559880 -0.135135
v -2.297297 1.088908 -0.405405
v -2.297297 0.915577 -0.675676
v -2.297297 0.501810 -0.945946
v -2.297297 0.104673 -1.216216
v -2.297297 -0.288764 -1.486486
v -2.297297 -0.365677 -1.756757
v -2.297297 -0.425383 -2.027027
v -2.297297 -0.462399 -2.297297
v -2.297297 -0.433020 -2.567568
v -2.297297 -0.489967 -2.837838
v -2.297297 -0.473501 -3.108108
v -2.297297 -0.330922 -3.378378
v -2.297297 -0.309552 -3.648649
v -2.297297 -0.296040 -3.918919
v -2.297297 -0.194621 -4.189189
v -2.297297 -0.095551 -4.459459
v -2.297297 -0.025711 -4.729730
v -2.297297 0.000000 -5.000000
v -2.027027 0.000000 5.000000
v -2.027027 -0.033864 4.729730
v -2.027027 -0.130037 4.459459
v -2.027027 -0.283510 4.189189
v -2.027027 -0.431833 3.918919
v -2.027027 -0.469101 3.648649
v -2.027027 -0.572485 3.378378
v -2.027027 -0.542475 3.108108
v -2.027027 -0.331805 2.837838
v -2.027027 -0.329994 2.567568
v -2.027027 -0.225754 2.297297
v -2.027027 -0.270646 2.027027
v -2.027027 -0.008383 1.756757
v -2.027027 0.470439 1.486486
v -2.027027 0.873256 1.216216
v -2.027027 1.267184 0.945946
v -2.027027 1.572509 0.675676
v -2.027027 1.747298 0.405405
v -2.027027 1.753068 0.135135
v -2.027027 1.488928 -0.135135
v -2.027027 1.161550 -0.405405
v -2.027027 0.866054 -0.675676
v -2.027027 0.412725 -0.945946
v -2.027027 0.034269 -1.216216
v -2.027027 -0.373032 -1.486486
v -2.027027 -0.540839 -1.756757
v -2.027027 -0.581464 -2.027027
v -2.027027 -0.437730 -2.297297
v -2.027027 -0.383970 -2.567568
v -2.027027 -0.356036 -2.837838
v -2.027027 -0.413056 -3.108108
v -2.027027 -0.343663 -3.378378
v -2.027027 -0.288303 -3.648649
v -2.027027 -0.286900 -3.918919
v -2.027027 -0.207489 -4.189189
v -2.027027 -0.113544 -4.459459
v -2.027027 -0.029611 -4.729730
v -2.027027 0.000000 -5.000000
v -1.756757 0.000000 5.000000
v -1.756757 -0.030114 4.729730
v -1.756757 -0.121173 4.459459
v -1.756757 -0.258029 4.189189
v -1.756757 -0.382386 3.918919
v -1.756757 -0.362275 3.648649
v -1.756757 -0.432535 3.378378
v -1.756757 -0.464318 3.108108
v -1.756757 -0.366620 2.837838
v -1.756757 -0.318893 2.567568
v -1.756757 -0.389684 2.297297
v -1.756757 -0.148792 2.027027
v -1.756757 -0.014173 1.756757
v -1.756757 0.589852 1.486486
v -1.756757 1.020685 1.216216
v -1.756757 1.108395 0.945946
v -1.756757 1.340226 0.675676
v -1.756757 1.256626 0.405405
v -1.756757 1.258529 0.135135
v -1.756757 1.237014 -0.135135
v -1.756757 1.048440 -0.405405
v -1.756757 0.632331 -0.675676
v -1.756757 0.199072 -0.945946
v -1.756757 -0.144116 -1.216216
v -1.756757 -0.486699 -1.486486
v -1.756757 -0.567765 -1.756757
v -1.756757 -0.583898 -2.027027
v -1.756757 -0.505724 -2.297297
v -1.756757 -0.472645 -2.567568
v -1.756757 -0.358590 -2.837838
v -1.756757 -0.446779 -3.108108
v -1.756757 -0.433615 -3.378378
v -1.756757 -0.420761 -3.648649
v -1.756757 -0.360349 -3.918919
v -1.756757 -0.235530 -4.189189
v -1.756757 -0.095021 -4.459459
v -1.756757 -0.026331 -4.729730
v -1.756757 0.000000 -5.000000
v -1.486486 0.000000 5.000000
v -1.486486 -0.029024 4.729730
v -1.486486 -0.107120 4.459459
v -1.486486 -0.244100 4.189189
v -1.486486 -0.372148 3.918919
v -1.486486 -0.404888 3.648649
v -1.486486 -0.454194 3.378378
v -1.486486 -0.542976 3.108108
v -1.486486 -0.403265 2.837838
v -1.486486 -0.375957 2.567568
v -1.486486 -0.392835 2.297297
v -1.486486 -0.143668 2.027027
v -1.486486 0.259673 1.756757
v -1.486486 0.650704 1.486486
v -1.486486 1.013413 1.216216
v -1.486486 1.008867 0.945946
v -1.486486 0.928180 0.675676
v -1.486486 0.837373 0.405405
v -1.486486 0.666728 0.135135
v -1.486486 0.749429 -0.135135
v -1.486486 0.657571 -0.405405
v -1.486486 0.520267 -0.675676
v -1.486486 0.084761 -0.945946
v -1.486486 -0.356036 -1.216216
v -1.486486 -0.629363 -1.486486
v -1.486486 -0.700266 -1.756757
v -1.486486 -0.784311 -2.027027
v -1.486486 -0.791815 -2.297297
v -1.486486 -0.630258 -2.567568
v -1.486486 -0.425812 -2.837838
v -1.486486 -0.480218 -3.108108
v -1.486486 -0.507164 -3.378378
v -1.486486 -0.476023 -3.648649
v -1.486486 -0.467508 -3.918919
v -1.486486 -0.270276 -4.189189
v -1.486486 -0.109216 -4.459459
v -1.486486 -0.028838 -4.729730
v -1.486486 0.000000 -5.000000
v -1.216216 0.000000 5.000000
v -1.216216 -0.026473 4.729730
v -1.216216 -0.090374 4.459459
v -1.216216 -0.207040 4.189189
v -1.216216 -0.348972 3.918919
v -1.216216 -0.376296 3.648649
v -1.216216 -0.577188 3.378378
v -1.216216 -0.617315 3.108108
v -1.216216 -0.479087 2.837838
v -1.216216 -0.450641 2.567568
v -1.216216 -0.362677 2.297297
v -1.216216 -0.060446 2.027027
v -1.216216 0.290317 1.756757
v -1.216216 0.694818 1.486486
v -1.216216 0.951657 1.216216
v -1.216216 1.013507 0.945946
v -1.216216 0.670797 0.675676
v -1.216216 0.336741 0.405405
v -1.216216 0.055075 0.135135
v -1.216216 0.191199 -0.135135
v -1.216216 0.325585 -0.405405
v -1.216216 0.158150 -0.675676
v -1.216216 -0.202988 -0.945946
v -1.216216 -0.593694 -1.216216
v -1.216216 -0.651740 -1.486486
v -1.216216 -0.680055 -1.756757
v -1.216216 -0.778025 -2.027027
v -1.216216 -0.879726 -2.297297
v -1.216216 -0.769380 -2.567568
v -1.216216 -0.693733 -2.837838
v -1.216216 -0.576088 -3.108108
v -1.216216 -0.567325 -3.378378
v -1.216216 -0.572326 -3.648649
v -1.216216 -0.484191 -3.918919
v -1.216216 -0.300699 -4.189189
v -1.216216 -0.132044 -4.459459
v -1.216216 -0.033193 -4.729730
v -1.216216 0.000000 -5.000000
v -0.945946 0.000000 5.000000
v -0.945946 -0.025110 4.729730
v -0.945946 -0.082162 4.459459
v -0.945946 -0.195397 4.189189
v -0.945946 -0.296593 3.918919
v -0.945946 -0.387509 3.648649
v -0.945946 -0.500719 3.378378
v -0.945946 -0.583553 3.108108
v -0.945946 -0.532648 2.837838
v -0.945946 -0.386719 2.567568
v -0.945946 -0.294096 2.297297
v -0.945946 -0.006817 2.027027
v -0.945946 0.349899 1.756757
v -0.945946 0.532418 1.486486
v -0.945946 0.489900 1.216216
v -0.945946 0.662989 0.945946
v -0.945946 0.421247 0.675676
v -0.945946 0.052912 0.405405
v -0.945946 -0.203758 0.135135
v -0.945946 -0.092019 -0.135135
v -0.945946 0.015796 -0.405405
v -0.945946 -0.151680 -0.675676
v -0.945946 -0.560398 -0.945946
v -0.945946 -0.725261 -1.216216
v -0.945946 -0.535192 -1.486486
v -0.945946 -0.543339 -1.756757
v -0.945946 -0.591553 -2.027027
v -0.945946 -0.727926 -2.297297
v -0.945946 -0.633295 -2.567568
v -0.945946 -0.847243 -2.837838
v -0.945946 -0.804058 -3.108108
v -0.945946 -0.681828 -3.378378
v -0.945946 -0.615696 -3.648649
v -0.945946 -0.522417 -3.918919
v -0.945946 -0.284679 -4.189189
v -0.945946 -0.121716 -4.459459
v -0.945946 -0.032589 -4.729730
v -0.945946 0.000000 -5.000000
v -0.675676 0.000000 5.000000
v -0.675676 -0.018775 4.729730
v -0.675676 -0.064407 4.459459
v -0.675676 -0.178500 4.189189
v -0.675676 -0.305131 3.918919
v -0.675676 -0.327243 3.648649
v -0.675676 -0.497364 3.378378
v -0.675676 -0.610815 3.108108
v -0.675676 -0.580739 2.837838
v -0.675676 -0.475548 2.567568
v -0.675676 -0.341485 2.297297
v -0.675676 0.008026 2.027027
v -0.675676 0.181664 1.756757
v -0.675676 0.312728 1.486486
v -0.675676 0.227815 1.216216
v -0.675676 0.236735 0.945946
v -0.675676 0.137448 0.675676
v -0.675676 -0.103881 0.405405
v -0.675676 -0.422153 0.135135
v -0.675676 -0.262635 -0.135135
v -0.675676 -0.180802 -0.405405
v -0.675676 -0.449221 -0.675676
v -0.675676 -0.793450 -0.945946
v -0.675676 -0.829662 -1.216216
v -0.675676 -0.766883 -1.486486
v -0.675676 -0.703406 -1.756757
v -0.675676 -0.577454 -2.027027
v -0.675676 -0.534773 -2.297297
v -0.675676 -0.552045 -2.567568
v -0.675676 -0.747155 -2.837838
v -0.675676 -0.764033 -3.108108
v -0.675676 -0.688256 -3.378378
v -0.675676 -0.579646 -3.648649
v -0.675676 -0.441710 -3.918919
v -0.675676 -0.248619 -4.189189
v -0.675676 -0.109107 -4.459459
v -0.675676 -0.030072 -4.729730
v -0.675676 0.000000 -5.000000
v -0.405405 0.000000 5.000000
v -0.405405 -0.009554 4.729730
v -0.405405 -0.062204 4.459459
v -0.405405 -0.129804 4.189189
v -0.405405 -0.222615 3.918919
v -0.405405 -0.233944 3.648649
v -0.405405 -0.385511 3.378378
v -0.405405 -0.485604 3.108108
v -0.405405 -0.512680 2.837838
v -0.405405 -0.434811 2.567568
v -0.405405 -0.227702 2.297297
v -0.405405 -0.180109 2.027027
v -0.405405 0.001509 1.756757
v -0.405405 0.007200 1.486486
v -0.405405 0.038634 1.216216
v -0.405405 -0.191856 0.945946
v -0.405405 -0.303290 0.675676
v -0.405405 -0.298610 0.405405
v -0.405405 -0.472347 0.135135
v -0.405405 -0.398490 -0.135135
v -0.405405 -0.503440 -0.405405
v -0.405405 -0.638441 -0.675676
v -0.405405 -0.776291 -0.945946
v -0.405405 -1.093277 -1.216216
v -0.405405 -0.965536 -1.486486
v -0.405405 -0.897646 -1.756757
v -0.405405 -0.702616 -2.027027
v -0.405405 -0.591743 -2.297297
v -0.405405 -0.631371 -2.567568
v -0.405405 -0.682364 -2.837838
v -0.405405 -0.615470 -3.108108
v -0.405405 -0.585541 -3.378378
v -0.405405 -0.480371 -3.648649
v -0.405405 -0.367821 -3.918919
v -0.405405 -0.234725 -4.189189
v -0.405405 -0.094927 -4.459459
v -0.405405 -0.028509 -4.729730
v -0.405405 0.000000 -5.000000
v -0.135135 0.000000 5.000000
v -0.135135 -0.003600 4.729730
v -0.135135 -0.047478 4.459459
v -0.135135 -0.169946 4.189189
v -0.135135 -0.212294 3.918919
v -0.135135 -0.229244 3.648649
v -0.135135 -0.376905 3.378378
v -0.135135 -0.430548 3.108108
v -0.135135 -0.484501 2.837838
v -0.135135 -0.452511 2.567568
v -0.135135 -0.362154 2.297297
v -0.135135 -0.374127 2.027027
v -0.135135 -0.346405 1.756757
v -0.135135 -0.137598 1.486486
v -0.135135 0.046754 1.216216
v -0.135135 -0.152643 0.945946
v -0.135135 -0.354016 0.675676
v -0.135135 -0.432791 0.405405
v -0.135135 -0.567834 0.135135
v -0.135135 -0.489077 -0.135135
v -0.135135 -0.494161 -0.405405
v -0.135135 -0.625267 -0.675676
v -0.135135 -0.894694 -0.945946
v -0.135135 -1.084407 -1.216216
v -0.135135 -1.086914 -1.486486
v -0.135135 -0.878480 -1.756757
v -0.135135 -0.802274 -2.027027
v -0.135135 -0.656044 -2.297297
v -0.135135 -0.702627 -2.567568
v -0.135135 -0.557407 -2.837838
v -0.135135 -0.414003 -3.108108
v -0.135135 -0.410590 -3.378378
v -0.135135 -0.380092 -3.648649
v -0.135135 -0.314515 -3.918919
v -0.135135 -0.191471 -4.189189
v -0.135135 -0.082882 -4.459459
v -0.135135 -0.025818 -4.729730
v -0.135135 0.000000 -5.000000
v 0.135135 0.000000 5.000000
v 0.135135 -0.003410 4.729730
v 0.135135 -0.034061 4.459459
v 0.135135 -0.099796 4.189189
v 0.135135 -0.208658 3.918919
v 0.135135 -0.276810 3.648649
v 0.135135 -0.401833 3.378378
v 0.135135 -0.434704 3.108108
v 0.135135 -0.394395 2.837838
v 0.135135 -0.482040 2.567568
v 0.135135 -0.444647 2.297297
v 0.135135 -0.450633 2.027027
v 0.135135 -0.251843 1.756757
v 0.135135 -0.066367 1.486486
v 0.135135 0.087391 1.216216
v 0.135135 0.144339 0.945946
v 0.135135 -0.209664 0.675676
v 0.135135 -0.374030 0.405405
v 0.135135 -0.396735 0.135135
v 0.135135 -0.435887 -0.135135
v 0.135135 -0.498796 -0.405405
v 0.135135 -0.715551 -0.675676
v 0.135135 -1.027691 -0.945946
v 0.135135 -1.090382 -1.216216
v 0.135135 -1.101360 -1.486486
v 0.135135 -1.070964 -1.756757
v 0.135135 -0.875714 -2.027027
v 0.135135 -0.723154 -2.297297
v 0.135135 -0.565524 -2.567568
v 0.135135 -0.453331 -2.837838
v 0.135135 -0.428066 -3.108108
v 0.135135 -0.439921 -3.378378
v 0.135135 -0.393981 -3.648649
v 0.135135 -0.325242 -3.918919
v 0.135135 -0.207980 -4.189189
v 0.135135 -0.095159 -4.459459
v 0.135135 -0.025415 -4.729730
v 0.135135 0.000000 -5.000000
v 0.405405 0.000000 5.000000
v 0.405405 0.005345 4.729730
v 0.405405 0.003202 4.459459
v 0.405405 -0.019473 4.189189
v 0.405405 -0.078092 3.918919
v 0.405405 -0.187718 3.648649
v 0.405405 -0.323774 3.378378
v 0.405405 -0.424084 3.108108
v 0.405405 -0.328881 2.837838
v 0.405405 -0.333201 2.567568
v 0.405405 -0.478027 2.297297
v 0.405405 -0.394889 2.027027
v 0.405405 -0.262067 1.756757
v 0.405405 -0.111401 1.486486
v 0.405405 0.089801 1.216216
v 0.405405 0.293317 0.945946
v 0.405405 0.116434 0.675676
v 0.405405 -0.112872 0.405405
v 0.405405 -0.416385 0.135135
v 0.405405 -0.467072 -0.135135
v 0.405405 -0.615403 -0.405405
v 0.405405 -0.994212 -0.675676
v 0.405405 -1.134980 -0.945946
v 0.405405 -1.127645 -1.216216
v 0.405405 -1.124665 -1.486486
v 0.405405 -1.162414 -1.756757
v 0.405405 -1.041510 -2.027027
v 0.405405 -0.831491 -2.297297
v 0.405405 -0.582400 -2.567568
v 0.405405 -0.570175 -2.837838
v 0.405405 -0.438870 -3.108108
v 0.405405 -0.425675 -3.378378
v 0.405405 -0.403174 -3.648649
v 0.405405 -0.376353 -3.918919
v 0.405405 -0.227712 -4.189189
v 0.405405 -0.105841 -4.459459
v 0.405405 -0.027359 -4.729730
v 0.405405 0.000000 -5.000000
v 0.675676 0.000000 5.000000
v 0.675676 0.013616 4.729730
v 0.675676 0.035812 4.459459
v 0.675676 0.014909 4.189189
v 0.675676 -0.055694 3.918919
v 0.675676 -0.071900 3.648649
v 0.675676 -0.099304 3.378378
v 0.675676 -0.293010 3.108108
v 0.675676 -0.265476 2.837838
v 0.675676 -0.287996 2.567568
v 0.675676 -0.390694 2.297297
v 0.675676 -0.230516 2.027027
v 0.675676 -0.005723 1.756757
v 0.675676 0.225236 1.486486
v 0.675676 0.241362 1.216216
v 0.675676 0.383921 0.945946
v 0.675676 0.351014 0.675676
v 0.675676 0.194941 0.405405
v 0.675676 -0.294111 0.135135
v 0.675676 -0.446817 -0.135135
v 0.675676 -0.827697 -0.405405
v 0.675676 -1.023940 -0.675676
v 0.675676 -1.070094 -0.945946
v 0.675676 -1.206900 -1.216216
v 0.675676 -1.191298 -1.486486
v 0.675676 -1.180974 -1.756757
v 0.675676 -1.017202 -2.027027
v 0.675676 -0.927625 -2.297297
v 0.675676 -0.736346 -2.567568
v 0.675676 -0.676958 -2.837838
v 0.675676 -0.500147 -3.108108
v 0.675676 -0.473308 -3.378378
v 0.675676 -0.462511 -3.648649
v 0.675676 -0.386582 -3.918919
v 0.675676 -0.240075 -4.189189
v 0.675676 -0.113870 -4.459459
v 0.675676 -0.023482 -4.729730
v 0.675676 0.000000 -5.000000
v 0.945946 0.000000 5.000000
v 0.945946 0.011118 4.729730
v 0.945946 0.028109 4.459459
v 0.945946 0.006370 4.189189
v 0.945946 -0.031158 3.918919
v 0.945946 -0.050557 3.648649
v 0.945946 0.018596 3.378378
v 0.945946 -0.048818 3.108108
v 0.945946 -0.022233 2.837838
v 0.945946 -0.134249 2.567568
v 0.945946 -0.054171 2.297297
v 0.945946 0.220378 2.027027
v 0.945946 0.501506 1.756757
v 0.945946 0.653639 1.486486
v 0.945946 0.370437 1.216216
v 0.945946 0.464125 0.945946
v 0.945946 0.517099 0.675676
v 0.945946 0.355181 0.405405
v 0.945946 -0.146405 0.135135
v 0.945946 -0.465512 -0.135135
v 0.945946 -0.830445 -0.405405
v 0.945946 -1.090542 -0.675676
v 0.945946 -1.123550 -0.945946
v 0.945946 -1.153428 -1.216216
v 0.945946 -1.181971 -1.486486
v 0.945946 -1.136807 -1.756757
v 0.945946 -1.117491 -2.027027
v 0.945946 -0.975427 -2.297297
v 0.945946 -0.997602 -2.567568
v 0.945946 -0.871404 -2.837838
v 0.945946 -0.586609 -3.108108
v 0.945946 -0.446476 -3.378378
v 0.945946 -0.465009 -3.648649
v 0.945946 -0.384726 -3.918919
v 0.945946 -0.265717 -4.189189
v 0.945946 -0.105916 -4.459459
v 0.945946 -0.020867 -4.729730
v 0.945946 0.000000 -5.000000
v 1.216216 0.000000 5.000000
v 1.216216 0.013170 4.729730
v 1.216216 0.022806 4.459459
v 1.216216 0.006479 4.189189
v 1.216216 0.050549 3.918919
v 1.216216 0.097391 3.648649
v 1.216216 0.180075 3.378378
v 1.216216 0.214034 3.108108
v 1.216216 0.218909 2.837838
v 1.216216 0.164118 2.567568
v 1.216216 0.242389 2.297297
v 1.216216 0.508953 2.027027
v 1.216216 0.729211 1.756757
v 1.216216 0.984136 1.486486
v 1.216216 0.746663 1.216216
v 1.216216 0.715325 0.945946
v 1.216216 0.771351 0.675676
v 1.216216 0.583100 0.405405
v 1.216216 0.228349 0.135135
v 1.216216 0.001042 -0.135135
v 1.216216 -0.314759 -0.405405
v 1.216216 -0.732846 -0.675676
v 1.216216 -0.971772 -0.945946
v 1.216216 -1.250480 -1.216216
v 1.216216 -1.092822 -1.486486
v 1.216216 -1.101485 -1.756757
v 1.216216 -1.140256 -2.027027
v 1.216216 -1.031427 -2.297297
v 1.216216 -1.042550 -2.567568
v 1.216216 -0.825883 -2.837838
v 1.216216 -0.546541 -3.108108
v 1.216216 -0.439591 -3.378378
v 1.216216 -0.390348 -3.648649
v 1.216216 -0.354094 -3.918919
v 1.216216 -0.216050 -4.189189
v 1.216216 -0.082618 -4.459459
v 1.216216 -0.013735 -4.729730
v 1.216216 0.000000 -5.000000
v 1.486486 0.000000 5.000000
v 1.486486 0.022546 4.729730
v 1.486486 0.046407 4.459459
v 1.486486 0.053020 4.189189
v 1.486486 0.152488 3.918919
v 1.486486 0.228798 3.648649
v 1.486486 0.226082 3.378378
v 1.486486 0.388106 3.108108
v 1.486486 0.455849 2.837838
v 1.486486 0.465122 2.567568
v 1.486486 0.595595 2.297297
v 1.486486 0.867332 2.027027
v 1.486486 1.116060 1.756757
v 1.486486 1.317823 1.486486
v 1.486486 1.081445 1.216216
v 1.486486 1.033634 0.945946
v 1.486486 1.048585 0.675676
v 1.486486 0.920297 0.405405
v 1.486486 0.666751 0.135135
v 1.486486 0.472314 -0.135135
v 1.486486 0.218562 -0.405405
v 1.486486 -0.131994 -0.675676
v 1.486486 -0.472126 -0.945946
v 1.486486 -0.727412 -1.216216
v 1.486486 -0.756909 -1.486486
v 1.486486 -0.792363 -1.756757
v 1.486486 -1.049011 -2.027027
v 1.486486 -0.951669 -2.297297
v 1.486486 -0.860793 -2.567568
v 1.486486 -0.785061 -2.837838
v 1.486486 -0.618814 -3.108108
v 1.486486 -0.511604 -3.378378
v 1.486486 -0.370218 -3.648649
v 1.486486 -0.167665 -3.918919
v 1.486486 -0.113182 -4.189189
v 1.486486 -0.044512 -4.459459
v 1.486486 -0.010345 -4.729730
v 1.486486 0.000000 -5.000000
v 1.756757 0.000000 5.000000
v 1.756757 0.029069 4.729730
v 1.756757 0.093674 4.459459
v 1.756757 0.115426 4.189189
v 1.756757 0.218431 3.918919
v 1.756757 0.327788 3.648649
v 1.756757 0.481936 3.378378
v 1.756757 0.676483 3.108108
v 1.756757 0.764753 2.837838
v 1.756757 0.853768 2.567568
v 1.756757 1.098747 2.297297
v 1.756757 1.266227 2.027027
v 1.756757 1.493424 1.756757
v 1.756757 1.625399 1.486486
v 1.756757 1.346211 1.216216
v 1.756757 1.276362 0.945946
v 1.756757 1.167801 0.675676
v 1.756757 1.016102 0.405405
v 1.756757 0.899435 0.135135
v 1.756757 0.741292 -0.135135
v 1.756757 0.570973 -0.405405
v 1.756757 0.229566 -0.675676
v 1.756757 -0.171392 -0.945946
v 1.756757 -0.390296 -1.216216
v 1.756757 -0.368029 -1.486486
v 1.756757 -0.501938 -1.756757
v 1.756757 -0.678046 -2.027027
v 1.756757 -0.865596 -2.297297
v 1.756757 -0.770955 -2.567568
v 1.756757 -0.773423 -2.837838
v 1.756757 -0.606645 -3.108108
v 1.756757 -0.384155 -3.378378
v 1.756757 -0.230486 -3.648649
v 1.756757 -0.120050 -3.918919
v 1.756757 -0.077459 -4.189189
v 1.756757 -0.027009 -4.459459
v 1.756757 -0.002872 -4.729730
v 1.756757 0.000000 -5.000000
v 2.027027 0.000000 5.000000
v 2.027027 0.031881 4.729730
v 2.027027 0.118235 4.459459
v 2.027027 0.194073 4.189189
v 2.027027 0.365934 3.918919
v 2.027027 0.589945 3.648649
v 2.027027 0.823068 3.378378
v 2.027027 0.883285 3.108108
v 2.027027 0.959482 2.837838
v 2.027027 1.050503 2.567568
v 2.027027 1.226274 2.297297
v 2.027027 1.470477 2.027027
v 2.027027 1.593045 1.756757
v 2.027027 1.701434 1.486486
v 2.027027 1.431354 1.216216
v 2.027027 1.346111 0.945946
v 2.027027 1.258219 0.675676
v 2.027027 1.135975 0.405405
v 2.027027 1.023554 0.135135
v 2.027027 0.917549 -0.135135
v 2.027027 0.724474 -0.405405
v 2.027027 0.387538 -0.675676
v 2.027027 0.125909 -0.945946
v 2.027027 -0.245884 -1.216216
v 2.027027 -0.216923 -1.486486
v 2.027027 -0.401135 -1.756757
v 2.027027 -0.597457 -2.027027
v 2.027027 -0.850847 -2.297297
v 2.027027 -0.741249 -2.567568
v 2.027027 -0.652037 -2.837838
v 2.027027 -0.492046 -3.108108
v 2.027027 -0.287578 -3.378378
v 2.027027 -0.152833 -3.648649
v 2.027027 -0.086944 -3.918919
v 2.027027 -0.038790 -4.189189
v 2.027027 -0.003480 -4.459459
v 2.027027 0.001483 -4.729730
v 2.027027 0.000000 -5.000000
v 2.297297 0.000000 5.000000
v 2.297297 0.031216 4.729730
v 2.297297 0.132574 4.459459
v 2.297297 0.238191 4.189189
v 2.297297 0.444734 3.918919
v 2.297297 0.668077 3.648649
v 2.297297 0.906338 3.378378
v 2.297297 0.962766 3.108108
v 2.297297 0.923019 2.837838
v 2.297297 0.961646 2.567568
v 2.297297 1.109847 2.297297
v 2.297297 1.348505 2.027027
v 2.297297 1.572333 1.756757
v 2.297297 1.726797 1.486486
v 2.297297 1.565478 1.216216
v 2.297297 1.253528 0.945946
v 2.297297 1.220184 0.675676
v 2.297297 1.050292 0.405405
v 2.297297 0.829180 0.135135
v 2.297297 0.883567 -0.135135
v 2.297297 0.705760 -0.405405
v 2.297297 0.493403 -0.675676
v 2.297297 0.180105 -0.945946
v 2.297297 0.153865 -1.216216
v 2.297297 -0.053460 -1.486486
v 2.297297 -0.257737 -1.756757
v 2.297297 -0.434926 -2.027027
v 2.297297 -0.637469 -2.297297
v 2.297297 -0.546226 -2.567568
v 2.297297 -0.466170 -2.837838
v 2.297297 -0.396919 -3.108108
v 2.297297 -0.256164 -3.378378
v 2.297297 -0.122363 -3.648649
v 2.297297 -0.096239 -3.918919
v 2.297297 -0.033632 -4.189189
v 2.297297 -0.016494 -4.459459
v 2.297297 -0.002963 -4.729730
v 2.297297 0.000000 -5.000000
v 2.567568 0.000000 5.000000
v 2.567568 0.026709 4.729730
v 2.567568 0.134856 4.459459
v 2.567568 0.282835 4.189189
v 2.567568 0.488111 3.918919
v 2.567568 0.714278 3.648649
v 2.567568 0.942551 3.378378
v 2.567568 1.086530 3.108108
v 2.567568 1.037727 2.837838
v 2.567568 1.042491 2.567568
v 2.567568 1.127888 2.297297
v 2.567568 1.283315 2.027027
v 2.567568 1.599716 1.756757
v 2.567568 1.660553 1.486486
v 2.567568 1.504154 1.216216
v 2.567568 1.160114 0.945946
v 2.567568 0.982273 0.675676
v 2.567568 0.922006 0.405405
v 2.567568 0.915746 0.135135
v 2.567568 0.882229 -0.135135
v 2.567568 0.725512 -0.405405
v 2.567568 0.625662 -0.675676
v 2.567568 0.534968 -0.945946
v 2.567568 0.370427 -1.216216
v 2.567568 0.227640 -1.486486
v 2.567568 0.042429 -1.756757
v 2.567568 -0.122976 -2.027027
v 2.567568 -0.468064 -2.297297
v 2.567568 -0.498377 -2.567568
v 2.567568 -0.387242 -2.837838
v 2.567568 -0.340637 -3.108108
v 2.567568 -0.217988 -3.378378
v 2.567568 -0.099939 -3.648649
v 2.567568 -0.092202 -3.918919
v 2.567568 -0.049691 -4.189189
v 2.567568 -0.017369 -4.459459
v 2.567568 -0.003608 -4.729730
v 2.567568 0.000000 -5.000000
v 2.837838 0.000000 5.000000
v 2.837838 0.014495 4.729730
v 2.837838 0.105310 4.459459
v 2.837838 0.278406 4.189189
v 2.837838 0.462142 3.918919
v 2.837838 0.672813 3.648649
v 2.837838 0.890026 3.378378
v 2.837838 1.064116 3.108108
v 2.837838 1.058277 2.837838
v 2.837838 1.100969 2.567568
v 2.837838 1.300532 2.297297
v 2.837838 1.488389 2.027027
v 2.837838 1.642459 1.756757
v 2.837838 1.742192 1.486486
v 2.837838 1.493498 1.216216
v 2.837838 1.202869 0.945946
v 2.837838 1.019789 0.675676
v 2.837838 0.934680 0.405405
v 2.837838 1.039254 0.135135
v 2.837838 1.008337 -0.135135
v 2.837838 0.903992 -0.405405
v 2.837838 0.723091 -0.675676
v 2.837838 0.701805 -0.945946
v 2.837838 0.482129 -1.216216
v 2.837838 0.295846 -1.486486
v 2.837838 0.089703 -1.756757
v 2.837838 -0.076594 -2.027027
v 2.837838 -0.277450 -2.297297
v 2.837838 -0.380432 -2.567568
v 2.837838 -0.278122 -2.837838
v 2.837838 -0.285443 -3.108108
v 2.837838 -0.148944 -3.378378
v 2.837838 -0.074594 -3.648649
v 2.837838 -0.112595 -3.918919
v 2.837838 -0.074392 -4.189189
v 2.837838 -0.028503 -4.459459
v 2.837838 -0.003126 -4.729730
v 2.837838 0.000000 -5.000000
v 3.108108 0.000000 5.000000
v 3.108108 0.004471 4.729730
v 3.108108 0.082130 4.459459
v 3.108108 0.248724 4.189189
v 3.108108 0.413071 3.918919
v 3.108108 0.625123 3.648649
v 3.108108 0.904105 3.378378
v 3.108108 1.109998 3.108108
v 3.108108 1.163236 2.837838
v 3.108108 1.354010 2.567568
v 3.108108 1.510095 2.297297
v 3.108108 1.552081 2.027027
v 3.108108 1.577684 1.756757
v 3.108108 1.505511 1.486486
v 3.108108 1.394368 1.216216
v 3.108108 1.215463 0.945946
v 3.108108 1.048459 0.675676
v 3.108108 1.018150 0.405405
v 3.108108 0.956648 0.135135
v 3.108108 1.002768 -0.135135
v 3.108108 0.957534 -0.405405
v 3.108108 0.632235 -0.675676
v 3.108108 0.543478 -0.945946
v 3.108108 0.394173 -1.216216
v 3.108108 0.216403 -1.486486
v 3.108108 -0.005288 -1.756757
v 3.108108 -0.072249 -2.027027
v 3.108108 -0.235557 -2.297297
v 3.108108 -0.162396 -2.567568
v 3.108108 -0.110890 -2.837838
v 3.108108 -0.131620 -3.108108
v 3.108108 -0.030017 -3.378378
v 3.108108 -0.056946 -3.648649
v 3.108108 -0.109011 -3.918919
v 3.108108 -0.076959 -4.189189
v 3.108108 -0.023494 -4.459459
v 3.108108 -0.001164 -4.729730
v 3.108108 0.000000 -5.000000
v 3.378378 0.000000 5.000000
v 3.378378 0.000000 4.729730
v 3.378378 0.047493 4.459459
v 3.378378 0.172504 4.189189
v 3.378378 0.353546 3.918919
v 3.378378 0.587768 3.648649
v 3.378378 0.880516 3.378378
v 3.378378 1.059312 3.108108
v 3.378378 1.201448 2.837838
v 3.378378 1.281488 2.567568
v 3.378378 1.394928 2.297297
v 3.378378 1.440451 2.027027
v 3.378378 1.373925 1.756757
v 3.378378 1.207016 1.486486
v 3.378378 1.107710 1.216216
v 3.378378 1.036313 0.945946
v 3.378378 0.929536 0.675676
v 3.378378 0.846468 0.405405
v 3.378378 0.761217 0.135135
v 3.378378 0.765109 -0.135135
v 3.378378 0.720510 -0.405405
v 3.378378 0.635045 -0.675676
v 3.378378 0.465690 -0.945946
v 3.378378 0.366644 -1.216216
v 3.378378 0.191364 -1.486486
v 3.378378 -0.001509 -1.756757
v 3.378378 -0.117705 -2.027027
v 3.378378 -0.154996 -2.297297
v 3.378378 -0.115209 -2.567568
v 3.378378 -0.099967 -2.837838
v 3.378378 -0.111445 -3.108108
v 3.378378 -0.064689 -3.378378
v 3.378378 -0.100157 -3.648649
v 3.378378 -0.103046 -3.918919
v 3.378378 -0.066990 -4.189189
v 3.378378 -0.014183 -4.459459
v 3.378378 0.000000 -4.729730
v 3.378378 0.000000 -5.000000
v 3.648649 0.000000 5.000000
v 3.648649 0.000000 4.729730
v 3.648649 0.013873 4.459459
v 3.648649 0.098334 4.189189
v 3.648649 0.246299 3.918919
v 3.648649 0.457253 3.648649
v 3.648649 0.696304 3.378378
v 3.648649 0.920445 3.108108
v 3.648649 1.062228 2.837838
v 3.648649 1.103180 2.567568
v 3.648649 1.097755 2.297297
v 3.648649 1.072225 2.027027
v 3.648649 1.001180 1.756757
v 3.648649 0.911577 1.486486
v 3.648649 0.895832 1.216216
v 3.648649 0.840703 0.945946
v 3.648649 0.792537 0.675676
v 3.648649 0.720632 0.405405
v 3.648649 0.571042 0.135135
v 3.648649 0.556571 -0.135135
v 3.648649 0.437857 -0.405405
v 3.648649 0.378744 -0.675676
v 3.648649 0.277325 -0.945946
v 3.648649 0.164203 -1.216216
v 3.648649 0.056650 -1.486486
v 3.648649 -0.003951 -1.756757
v 3.648649 -0.104428 -2.027027
v 3.648649 -0.132368 -2.297297
v 3.648649 -0.165387 -2.567568
v 3.648649 -0.146745 -2.837838
v 3.648649 -0.139970 -3.108108
v 3.648649 -0.095203 -3.378378
v 3.648649 -0.091904 -3.648649
v 3.648649 -0.074272 -3.918919
v 3.648649 -0.037536 -4.189189
v 3.648649 -0.004077 -4.459459
v 3.648649 0.000000 -4.729730
v 3.648649 0.000000 -5.000000
v 3.918919 0.000000 5.000000
v 3.918919 0.000000 4.729730
v 3.918919 0.000000 4.459459
v 3.918919 0.033794 4.189189
v 3.918919 0.125620 3.918919
v 3.918919 0.265364 3.648649
v 3.918919 0.429186 3.378378
v 3.918919 0.615749 3.108108
v 3.918919 0.744876 2.837838
v 3.918919 0.787740 2.567568
v 3.918919 0.812223 2.297297
v 3.918919 0.762709 2.027027
v 3.918919 0.647288 1.756757
v 3.918919 0.622075 1.486486
v 3.918919 0.661953 1.216216
v 3.918919 0.614535 0.945946
v 3.918919 0.550848 0.675676
v 3.918919 0.525219 0.405405
v 3.918919 0.443285 0.135135
v 3.918919 0.345799 -0.135135
v 3.918919 0.228900 -0.405405
v 3.918919 0.137829 -0.675676
v 3.918919 0.037600 -0.945946
v 3.918919 0.039838 -1.216216
v 3.918919 -0.001698 -1.486486
v 3.918919 -0.075104 -1.756757
v 3.918919 -0.107438 -2.027027
v 3.918919 -0.097654 -2.297297
v 3.918919 -0.154807 -2.567568
v 3.918919 -0.180428 -2.837838
v 3.918919 -0.137990 -3.108108
v 3.918919 -0.082594 -3.378378
v 3.918919 -0.058560 -3.648649
v 3.918919 -0.039343 -3.918919
v 3.918919 -0.011085 -4.189189
v 3.918919 0.000000 -4.459459
v 3.918919 0.000000 -4.729730
v 3.918919 0.000000 -5.000000
v 4.189189 0.000000 5.000000
v 4.189189 0.000000 4.729730
v 4.189189 0.000000 4.459459
v 4.189189 0.000411 4.189189
v 4.189189 0.033514 3.918919
v 4.189189 0.108547 3.648649
v 4.189189 0.211083 3.378378
v 4.189189 0.316767 3.108108
v 4.189189 0.404908 2.837838
v 4.189189 0.457649 2.567568
v 4.189189 0.486674 2.297297
v 4.189189 0.450093 2.027027
v 4.189189 0.414186 1.756757
v 4.189189 0.395617 1.486486
v 4.189189 0.406216 1.216216
v 4.189189 0.388943 0.945946
v 4.189189 0.387194 0.675676
v 4.189189 0.325342 0.405405
v 4.189189 0.292910 0.135135
v 4.189189 0.199650 -0.135135
v 4.189189 0.109298 -0.405405
v 4.189189 0.027733 -0.675676
v 4.189189 -0.041267 -0.945946
v 4.189189 -0.068856 -1.216216
v 4.189189 -0.097036 -1.486486
v 4.189189 -0.117243 -1.756757
v 4.189189 -0.131726 -2.027027
v 4.189189 -0.102409 -2.297297
v 4.189189 -0.144679 -2.567568
v 4.189189 -0.126112 -2.837838
v 4.189189 -0.089320 -3.108108
v 4.189189 -0.049003 -3.378378
v 4.189189 -0.024085 -3.648649
v 4.189189 -0.009399 -3.918919
v 4.189189 -0.000103 -4.189189
v 4.189189 0.000000 -4.459459
v 4.189189 0.000000 -4.729730
v 4.189189 0.000000 -5.000000
v 4.459459 0.000000 5.000000
v 4.459459 0.000000 4.729730
v 4.459459 0.000000 4.459459
v 4.459459 0.000000 4.189189
v 4.459459 0.000000 3.918919
v 4.459459 0.013340 3.648649
v 4.459459 0.053951 3.378378
v 4.459459 0.109127 3.108108
v 4.459459 0.154700 2.837838
v 4.459459 0.188750 2.567568
v 4.459459 0.210015 2.297297
v 4.459459 0.219715 2.027027
v 4.459459 0.195921 1.756757
v 4.459459 0.187005 1.486486
v 4.459459 0.186573 1.216216
v 4.459459 0.205431 0.945946
v 4.459459 0.184230 0.675676
v 4.459459 0.139109 0.405405
v 4.459459 0.121566 0.135135
v 4.459459 0.087566 -0.135135
v 4.459459 0.028868 -0.405405
v 4.459459 -0.009361 -0.675676
v 4.459459 -0.031035 -0.945946
v 4.459459 -0.066571 -1.216216
v 4.459459 -0.088686 -1.486486
v 4.459459 -0.095062 -1.756757
v 4.459459 -0.071827 -2.027027
v 4.459459 -0.062077 -2.297297
v 4.459459 -0.057186 -2.567568
v 4.459459 -0.055248 -2.837838
v 4.459459 -0.032646 -3.108108
v 4.459459 -0.015939 -3.378378
v 4.459459 -0.003643 -3.648649
v 4.459459 0.000000 -3.918919
v 4.459459 0.000000 -4.189189
v 4.459459 0.000000 -4.459459
v 4.459459 0.000000 -4.729730
v 4.459459 0.000000 -5.000000
v 4.729730 0.000000 5.000000
v 4.729730 0.000000 4.729730
v 4.729730 0.000000 4.459459
v 4.729730 0.000000 4.189189
v 4.729730 0.000000 3.918919
v 4.729730 0.000000 3.648649
v 4.729730 0.000000 3.378378
v 4.729730 0.005202 3.108108
v 4.729730 0.019118 2.837838
v 4.729730 0.036925 2.567568
v 4.729730 0.046253 2.297297
v 4.729730 0.052916 2.027027
v 4.729730 0.049443 1.756757
v 4.729730 0.046721 1.486486
v 4.729730 0.048488 1.216216
v 4.729730 0.051027 0.945946
v 4.729730 0.046104 0.675676
v 4.729730 0.035353 0.405405
v 4.729730 0.030456 0.135135
v 4.729730 0.020538 -0.135135
v 4.729730 0.008612 -0.405405
v 4.729730 -0.000638 -0.675676
v 4.729730 -0.010822 -0.945946
v 4.729730 -0.023806 -1.216216
v 4.729730 -0.026668 -1.486486
v 4.729730 -0.028933 -1.756757
v 4.729730 -0.021441 -2.027027
v 4.729730 -0.014477 -2.297297
v 4.729730 -0.011767 -2.567568
v 4.729730 -0.007421 -2.837838
v 4.729730 -0.001828 -3.108108
v 4.729730 0.000000 -3.378378
v 4.729730 0.000000 -3.648649
v 4.729730 0.000000 -3.918919
v 4.729730 0.000000 -4.189189
v 4.729730 0.000000 -4.459459
v 4.729730 0.000000 -4.729730
v 4.729730 0.000000 -5.000000
v 5.000000 0.000000 5.000000
v 5.000000 0.000000 4.729730
v 5.000000 0.000000 4.459459
v 5.000000 0.000000 4.189189
v 5.000000 0.000000 3.918919
v 5.000000 0.000000 3.648649
v 5.000000 0.000000 3.378378
v 5.000000 0.000000 3.108108
v 5.000000 0.000000 2.837838
v 5.000000 0.000000 2.567568
v 5.000000 0.000000 2.297297
v 5.000000 0.000000 2.027027
v 5.000000 0.000000 1.756757
v 5.000000 0.000000 1.486486
v 5.000000 0.000000 1.216216
v 5.000000 0.000000 0.945946
v 5.000000 0.000000 0.675676
v 5.000000 0.000000 0.405405
v 5.000000 0.000000 0.135135
v 5.000000 0.000000 -0.135135
v 5.000000 0.000000 -0.405405
v 5.000000 0.000000 -0.675676
v 5.000000 0.000000 -0.945946
v 5.000000 0.000000 -1.216216
v 5.000000 0.000000 -1.486486
v 5.000000 0.000000 -1.756757
v 5.000000 0.000000 -2.027027
v 5.000000 0.000000 -2.297297
v 5.000000 0.000000 -2.567568
v 5.000000 0.000000 -2.837838
v 5.000000 0.000000 -3.108108
v 5.000000 0.000000 -3.378378
v 5.000000 0.000000 -3.648649
v 5.000000 0.000000 -3.918919
v 5.000000 0.000000 -4.189189
v 5.000000 0.000000 -4.459459
v 5.000000 0.000000 -4.729730
v 5.000000 0.000000 -5.000000
s 1
f 2 1 39 40
f 3 2 40 41
f 4 3 41 42
f 5 4 42 43
f 6 5 43 44
f 7 6 44 45
f 8 7 45 46
f 9 8 46 47
f 10 9 47 48
f 11 10 48 49
f 12 11 49 50
f 13 12 50 51
f 14 13 51 52
f 15 14 52 53
f 16 15 53 54
f 17 16 54 55
f 18 17 55 56
f 19 18 56 57
f 20 19 57 58
f 21 20 58 59
f 22 21 59 60
f 23 22 60 61
f 24 23 61 62
f 25 24 62 63
f 26 25 63 64
f 27 26 64 65
f 28 27 65 66
f 29 28 66 67
f 30 29 67 68
f 31 30 68 69
f 32 31 69 70
f 33 32 70 71
f 34 33 71 72
f 35 34 72 73
f 36 35 73 74
f 37 36 74 75
f 38 37 75 76
f 40 39 77 78
f 41 40 78 79
f 42 41 79 80
f 43 42 80 81
f 44 43 81 82
f 45 44 82 83
f 46 45 83 84
f 47 46 84 85
f 48 47 85 86
f 49 48 86 87
f 50 49 87 88
f 51 50 88 89
f 52 51 89 90
f 53 52 90 91
f 54 53 91 92
f 55 54 92 93
f 56 55 93 94
f 57 56 94 95
f 58 57 95 96
f 59 58 96 97
f 60 59 97 98
f 61 60 98 99
f 62 61 99 100
f 63 62 100 101
f 64 63 101 102
f 65 64 102 103
f 66 65 103 104
f 67 66 104 105
f 68 67 105 106
f 69 68 106 107
f 70 69 107 108
f 71 70 108 109
f 72 71 109 110
f 73 72 110 111
f 74 73 111 112
f 75 74 112 113
f 76 75 113 114
f 78 77 115 116
f 79 78 116 117
f 80 79 117 118
f 81 80 118 119
f 82 81 119 120
f 83 82 120 121
f 84 83 121 122
f 85 84 122 123
f 86 85 123 124
f 87 86 124 125
f 88 87 125 126
f 89 88 126 127
f 90 89 127 128
f 91 90 128 129
f 92 91 129 130
f 93 92 130 131
f 94 93 131 132
f 95 94 132 133
f 96 95 133 134
f 97 96 134 135
f 98 97 135 136
f 99 98 136 137
f 100 99 137 138
f 101 100 138 139
f 102 101 139 140
f 103 102 140 141
f 104 103 141 142
f 105 104 142 143
f 106 105 143 144
f 107 106 144 145
f 108 107 145 146
f 109 108 146 147
f 110 109 147 148
f 111 110 148 149
f 112 111 149 150
f 113 112 150 151
f 114 113 151 152
f 116 115 153 154
f 117 116 154 155
f 118 117 155 156
f 119 118 156 157
f 120 119 157 158
f 121 120 158 159
f 122 121 159 160
f 123 122 160 161
f 124 123 161 162
f 125 124 162 163
f 126 125 163 164
f 127 126 164 165
f 128 127 165 166
f 129 128 166 167
f 130 129 167 168
f 131 130 168 169
f 132 131 169 170
f 133 132 170 171
f 134 133 171 172
f 135 134 172 173
f 136 135 173 174
f 137 136 174 175
f 138 137 175 176
f 139 138 176 177
f 140 139 177 178
f 141 140 178 179
f 142 141 179 180
f 143 142 180 181
f 144 143 181 182
f 145 144 182 183
f 146 145 183 184
f 147 146 184 185
f 148 147 185 186
f 149 148 186 187
f 150 149 187 188
f 151 150 188 189
f 152 151 189 190
f 154 153 191 192
f 155 154 192 193
f 156 155 193 194
f 157 156 194 195
f 158 157 195 196
f 159 158 196 197
f 160 159 197 198
f 161 160 198 199
f 162 161 199 200
f 163 162 200 201
f 164 163 201 202
f 165 164 202 203
f 166 165 203 204
f 167 166 204 205
f 168 167 205 206
f 169 168 206 207
f 170 169 207 208
f 171 170 208 209
f 172 171 209 210
f 173 172 210 211
f 174 173 211 212
f 175 174 212 213
f 176 175 213 214
f 177 176 214 215
f 178 177 215 216
f 179 178 216 217
f 180 179 217 218
f 181 180 218 219
f 182 181 219 220
f 183 182 220 221
f 184 183 221 222
f 185 184 222 223
f 186 185 223 224
f 187 186 224 225
f 188 187 225 226
f 189 188 226 227
f 190 189 227 228
f 192 191 229 230
f 193 192 230 231
f 194 193 231 232
f 195 194 232 233
f 196 195 233 234
f 197 196 234 235
f 198 197 235 236
f 199 198 236 237
f 200 199 237 238
f 201 200 238 239
f 202 201 239 240
f 203 202 240 241
f 204 203 241 242
f 205 204 242 243
f 206 205 243 244
f 207 206 244 245
f 208 207 245 246
f 209 208 246 247
f 210 209 247 248
f 211 210 248 249
f 212 211 249 250
f 213 212 250 251
f 214 213 251 252
f 215 214 252 253
f 216 215 253 254
f 217 216 254 255
f 218 217 255 256
f 219 218 256 257
f 220 219 257 258
f 221 220 258 259
f 222 221 259 260
f 223 222 260 261
f 224 223 261 262
f 225 224 262 263
f 226 225 263 264
f 227 226 264 265
f 228 227 265 266
f 230 229 267 268
f 231 230 268 269
f 232 231 269 270
f 233 232 270 271
f 234 233 271 272
f 235 234 272 273
f 236 235 273 274
f 237 236 274 275
f 238 237 275 276
f 239 238 276 277
f 240 239 277 278
f 241 240 278 279
f 242 241 279 280
f 243 242 280 281
f 244 243 281 282
f 245 244 282 283
f 246 245 283 284
f 247 246 284 285
f 248 247 285 286
f 249 248 286 287
f 250 249 287 288
f 251 250 288 289
f 252 251 289 290
f 253 252 290 291
f 254 253 291 292
f 255 254 292 293
f 256 255 293 294
f 257 256 294 295
f 258 257 295 296
f 259 258 296 297
f 260 259 297 298
f 261 260 298 299
f 262 261 299 300
f 263 262 300 301
f 264 263 301 302
f 265 264 302 303
f 266 265 303 304
f 268 267 305 306
f 269 268 306 307
f 270 269 307 308
f 271 270 308 309
f 272 271 309 310
f 273 272 310 311
f 274 273 311 312
f 275 274 312 313
f 276 275 313 314
f 277 276 314 315
f 278 277 315 316
f 279 278 316 317
f 280 279 317 318
f 281 280 318 319
f 282 281 319 320
f 283 282 320 321
f 284 283 321 322
f 285 284 322 323
f 286 285 323 324
f 287 286 324 325
f 288 287 325 326
f 289 288 326 327
f 290 289 327 328
f 291 290 328 329
f 292 291 329 330
f 293 292 330 331
f 294 293 331 332
f 295 294 332 333
f 296 295 333 334
f 297 296 334 335
f 298 297 335 336
f 299 298 336 337
f 300 299 337 338
f 301 300 338 339
f 302 301 339 340
f 303 302 340 341
f 304 303 341 342
f 306 305 343 344
f 307 306 344 345
f 308 307 345 346
f 309 308 346 347
f 310 309 347 348
f 311 310 348 349
f 312 311 349 350
f 313 312 350 351
f 314 313 351 352
f 315 314 352 353
f 316 315 353 354
f 317 316 354 355
f 318 317 355 356
f 319 318 356 357
f 320 319 357 358
f 321 320 358 359
f 322 321 359 360
f 323 322 360 361
f 324 323 361 362
f 325 324 362 363
f 326 325 363 364
f 327 326 364 365
f 328 327 365 366
f 329 328 366 367
f 330 329 367 368
f 331 330 368 369
f 332 331 369 370
f 333 332 370 371
f 334 333 371 372
f 335 334 372 373
f 336 335 373 374
f 337 336 374 375
f 338 337 375 376
f 339 338 376 377
f 340 339 377 378
f 341 340 378 379
f 342 341 379 380
f 344 343 381 382
f 345 344 382 383
f 346 345 383 384
f 347 346 384 385
f 348 347 385 386
f 349 348 386 387
f 350 349 387 388
f 351 350 388 389
f 352 351 389 390
f 353 352 390 391
f 354 353 391 392
f 355 354 392 393
f 356 355 393 394
f 357 356 394 395
f 358 357 395 396
f 359 358 396 397
f 360 359 397 398
f 361 360 398 399
f 362 361 399 400
f 363 362 400 401
f 364 363 401 402
f 365 364 402 403
f 366 365 403 404
f 367 366 404 405
f 368 367 405 406
f 369 368 406 407
f 370 369 407 408
f 371 370 408 409
f 372 371 409 410
f 373 372 410 411
f 374 373 411 412
f 375 374 412 413
f 376 375 413 414
f 377 376 414 415
f 378 377 415 416
f 379 378 416 417
f 380 379 417 418
f 382 381 419 420
f 383 382 420 421
f 384 383 421 422
f 385 384 422 423
f 386 385 423 424
f 387 386 424 425
f 388 387 425 426
f 389 388 426 427
f 390 389 427 428
f 391 390 428 429
f 392 391 429 430
f 393 392 430 431
f 394 393 431 432
f 395 394 432 433
f 396 395 433 434
f 397 396 434 435
f 398 397 435 436
f 399 398 436 437
f 400 399 437 438
f 401 400 438 439
f 402 401 439 440
f 403 402 440 441
f 404 403 441 442
f 405 404 442 443
f 406 405 443 444
f 407 406 444 445
f 408 407 445 446
f 409 408 446 447
f 410 409 447 448
f 411 410 448 449
f 412 411 449 450
f 413 412 450 451
f 414 413 451 452
f 415 414 452 453
f 416 415 453 454
f 417 416 454 455
f 418 417 455 456
f 420 419 457 458
f 421 420 458 459
f 422 421 459 460
f 423 422 460 461
f 424 423 461 462
f 425 424 462 463
f 426 425 463 464
f 427 426 464 465
f 428 427 465 466
f 429 428 466 467
f 430 429 467 468
f 431 430 468 469
f 432 431 469 470
f 433 432 470 471
f 434 433 471 472
f 435 434 472 473
f 436 435 473 474
f 437 436 474 475
f 438 437 475 476
f 439 438 476 477
f 440 439 477 478
f 441 440 478 479
f 442 441 479 480
f 443 442 480 481
f 444 443 481 482
f 445 444 482 483
f 446 445 483 484
f 447 446 484 485
f 448 447 485 486
f 449 448 486 487
f 450 449 487 488
f 451 450 488 489
f 452 451 489 490
f 453 452 490 491
f 454 453 491 492
f 455 454 492 493
f 456 455 493 494
f 458 457 495 496
f 459 458 496 497
f 460 459 497 498
f 461 460 498 499
f 462 461 499 500
f 463 462 500 501
f 464 463 501 502
f 465 464 502 503
f 466 465 503 504
f 467 466 504 505
f 468 467 505 506
f 469 468 506 507
f 470 469 507 508
f 471 470 508 509
f 472 471 509 510
f 473 472 510 511
f 474 473 511 512
f 475 474 512 513
f 476 475 513 514
f 477 476 514 515
f 478 477 515 516
f 479 478 516 517
f 480 479 517 518
f 481 480 518 519
f 482 481 519 520
f 483 482 520 521
f 484 483 521 522
f 485 484 522 523
f 486 485 523 524
f 487 486 524 525
f 488 487 525 526
f 489 488 526 527
f 490 489 527 528
f 491 490 528 529
f 492 491 529 530
f 493 492 530 531
f 494 493 531 532
f 496 495 533 534
f 497 496 534 535
f 498 497 535 536
f 499 498 536 537
f 500 499 537 538
f 501 500 538 539
f 502 501 539 540
f 503 502 540 541
f 504 503 541 542
f 505 504 542 543
f 506 505 543 544
f 507 506 544 545
f 508 507 545 546
f 509 508 546 547
f 510 509 547 548
f 511 510 548 549
f 512 511 549 550
f 513 512 550 551
f 514 513 551 552
f 515 514 552 553
f 516 515 553 554
f 517 516 554 555
f 518 517 555 556
f 519 518 556 557
f 520 519 557 558
f 521 520 558 559
f 522 521 559 560
f 523 522 560 561
f 524 523 561 562
f 525 524 562 563
f 526 525 563 564
f 527 526 564 565
f 528 527 565 566
f 529 528 566 567
f 530 529 567 568
f 531 530 568 569
f 532 531 569 570
f 534 533 571 572
f 535 534 572 573
f 536 535 573 574
f 537 536 574 575
f 538 537 575 576
f 539 538 576 577
f 540 539 577 578
f 541 540 578 579
f 542 541 579 580
f 543 542 580 581
f 544 543 581 582
f 545 544 582 583
f 546 545 583 584
f 547 546 584 585
f 548 547 585 586
f 549 548 586 587
f 550 549 587 588
f 551 550 588 589
f 552 551 589 590
f 553 552 590 591
f 554 553 591 592
f 555 554 592 593
f 556 555 593 594
f 557 556 594 595
f 558 557 595 596
f 559 558 596 597
f 560 559 597 598
f 561 560 598 599
f 562 561 599 600
f 563 562 600 601
f 564 563 601 602
f 565 564 602 603
f 566 565 603 604
f 567 566 604 605
f 568 567 605 606
f 569 568 606 607
f 570 569 607 608
f 572 571 609 610
f 573 572 610 611
f 574 573 611 612
f 575 574 612 613
f 576 575 613 614
f 577 576 614 615
f 578 577 615 616
f 579 578 616 617
f 580 579 617 618
f 581 580 618 619
f 582 581 619 620
f 583 582 620 621
f 584 583 621 622
f 585 584 622 623
f 586 585 623 624
f 587 586 624 625
f 588 587 625 626
f 589 588 626 627
f 590 589 627 628
f 591 590 628 629
f 592 591 629 630
f 593 592 630 631
f 594 593 631 632
f 595 594 632 633
f 596 595 633 634
f 597 596 634 635
f 598 597 635 636
f 599 598 636 637
f 600 599 637 638
f 601 600 638 639
f 602 601 639 640
f 603 602 640 641
f 604 603 641 642
f 605 604 642 643
f 606 605 643 644
f 607 606 644 645
f 608 607 645 646
f 610 609 647 648
f 611 610 648 649
f 612 611 649 650
f 613 612 650 651
f 614 613 651 652
f 615 614 652 653
f 616 615 653 654
f 617 616 654 655
f 618 617 655 656
f 619 618 656 657
f 620 619 657 658
f 621 620 658 659
f 622 621 659 660
f 623 622 660 661
f 624 623 661 662
f 625 624 662 663
f 626 625 663 664
f 627 626 664 665
f 628 627 665 666
f 629 628 666 667
f 630 629 667 668
f 631 630 668 669
f 632 631 669 670
f 633 632 670 671
f 634 633 671 672
f 635 634 672 673
f 636 635 673 674
f 637 636 674 675
f 638 637 675 676
f 639 638 676 677
f 640 639 677 678
f 641 640 678 679
f 642 641 679 680
f 643 642 680 681
f 644 643 681 682
f 645 644 682 683
f 646 645 683 684
f 648 647 685 686
f 649 648 686 687
f 650 649 687 688
f 651 650 688 689
f 652 651 689 690
f 653 652 690 691
f 654 653 691 692
f 655 654 692 693
f 656 655 693 694
f 657 656 694 695
f 658 657 695 696
f 659 658 696 697
f 660 659 697 698
f 661 660 698 699
f 662 661 699 700
f 663 662 700 701
f 664 663 701 702
f 665 664 702 703
f 666 665 703 704
f 667 666 704 705
f 668 667 705 706
f 669 668 706 707
f 670 669 707 708
f 671 670 708 709
f 672 671 709 710
f 673 672 710 711
f 674 673 711 712
f 675 674 712 713
f 676 675 713 714
f 677 676 714 715
f 678 677 715 716
f 679 678 716 717
f 680 679 717 718
f 681 680 718 719
f 682 681 719 720
f 683 682 720 721
f 684 683 721 722
f 686 685 723 724
f 687 686 724 725
f 688 687 725 726
f 689 688 726 727
f 690 689 727 728
f 691 690 728 729
f 692 691 729 730
f 693 692 730 731
f 694 693 731 732
f 695 694 732 733
f 696 695 733 734
f 697 696 734 735
f 698 697 735 736
f 699 698 736 737
f 700 699 737 738
f 701 700 738 739
f 702 701 739 740
f 703 702 740 741
f 704 703 741 742
f 705 704 742 743
f 706 705 743 744
f 707 706 744 745
f 708 707 745 746
f 709 708 746 747
f 710 709 747 748
f 711 710 748 749
f 712 711 749 750
f 713 712 750 751
f 714 713 751 752
f 715 714 752 753
f 716 715 753 754
f 717 716 754 755
f 718 717 755 756
f 719 718 756 757
f 720 719 757 758
f 721 720 758 759
f 722 721 759 760
f 724 723 761 762
f 725 724 762 763
f 726 725 763 764
f 727 726 764 765
f 728 727 765 766
f 729 728 766 767
f 730 729 767 768
f 731 730 768 769
f 732 731 769 770
f 733 732 770 771
f 734 733 771 772
f 735 734 772 773
f 736 735 773 774
f 737 736 774 775
f 738 737 775 776
f 739 738 776 777
f 740 739 777 778
f 741 740 778 779
f 742 741 779 780
f 743 742 780 781
f 744 743 781 782
f 745 744 782 783
f 746 745 783 784
f 747 746 784 785
f 748 747 785 786
f 749 748 786 787
f 750 749 787 788
f 751 750 788 789
f 752 751 789 790
f 753 752 790 791
f 754 753 791 792
f 755 754 792 793
f 756 755 793 794
f 757 756 794 795
f 758 757 795 796
f 759 758 796 797
f 760 759 797 798
f 762 761 799 800
f 763 762 800 801
f 764 763 801 802
f 765 764 802 803
f 766 765 803 804
f 767 766 804 805
f 768 767 805 806
f 769 768 806 807
f 770 769 807 808
f 771 770 808 809
f 772 771 809 810
f 773 772 810 811
f 774 773 811 812
f 775 774 812 813
f 776 775 813 814
f 777 776 814 815
f 778 777 815 816
f 779 778 816 817
f 780 779 817 818
f 781 780 818 819
f 782 781 819 820
f 783 782 820 821
f 784 783 821 822
f 785 784 822 823
f 786 785 823 824
f 787 786 824 825
f 788 787 825 826
f 789 788 826 827
f 790 789 827 828
f 791 790 828 829
f 792 791 829 830
f 793 792 830 831
f 794 793 831 832
f 795 794 832 833
f 796 795 833 834
f 797 796 834 835
f 798 797 835 836
f 800 799 837 838
f 801 800 838 839
f 802 801 839 840
f 803 802 840 841
f 804 803 841 842
f 805 804 842 843
f 806 805 843 844
f 807 806 844 845
f 808 807 845 846
f 809 808 846 847
f 810 809 847 848
f 811 810 848 849
f 812 811 849 850
f 813 812 850 851
f 814 813 851 852
f 815 814 852 853
f 816 815 853 854
f 817 816 854 855
f 818 817 855 856
f 819 818 856 857
f 820 819 857 858
f 821 820 858 859
f 822 821 859 860
f 823 822 860 861
f 824 823 861 862
f 825 824 862 863
f 826 825 863 864
f 827 826 864 865
f 828 827 865 866
f 829 828 866 867
f 830 829 867 868
f 831 830 868 869
f 832 831 869 870
f 833 832 870 871
f 834 833 871 872
f 835 834 872 873
f 836 835 873 874
f 838 837 875 876
f 839 838 876 877
f 840 839 877 878
f 841 840 878 879
f 842 841 879 880
f 843 842 880 881
f 844 843 881 882
f 845 844 882 883
f 846 845 883 884
f 847 846 884 885
f 848 847 885 886
f 849 848 886 887
f 850 849 887 888
f 851 850 888 889
f 852 851 889 890
f 853 852 890 891
f 854 853 891 892
f 855 854 892 893
f 856 855 893 894
f 857 856 894 895
f 858 857 895 896
f 859 858 896 897
f 860 859 897 898
f 861 860 898 899
f 862 861 899 900
f 863 862 900 901
f 864 863 901 902
f 865 864 902 903
f 866 865 903 904
f 867 866 904 905
f 868 867 905 906
f 869 868 906 907
f 870 869 907 908
f 871 870 908 909
f 872 871 909 910
f 873 872 910 911
f 874 873 911 912
f 876 875 913 914
f 877 876 914 915
f 878 877 915 916
f 879 878 916 917
f 880 879 917 918
f 881 880 918 919
f 882 881 919 920
f 883 882 920 921
f 884 883 921 922
f 885 884 922 923
f 886 885 923 924
f 887 886 924 925
f 888 887 925 926
f 889 888 926 927
f 890 889 927 928
f 891 890 928 929
f 892 891 929 930
f 893 892 930 931
f 894 893 931 932
f 895 894 932 933
f 896 895 933 934
f 897 896 934 935
f 898 897 935 936
f 899 898 936 937
f 900 899 937 938
f 901 900 938 939
f 902 901 939 940
f 903 902 940 941
f 904 903 941 942
f 905 904 942 943
f 906 905 943 944
f 907 906 944 945
f 908 907 945 946
f 909 908 946 947
f 910 909 947 948
f 911 910 948 949
f 912 911 949 950
f 914 913 951 952
f 915 914 952 953
f 916 915 953 954
f 917 916 954 955
f 918 917 955 956
f 919 918 956 957
f 920 919 957 958
f 921 920 958 959
f 922 921 959 960
f 923 922 960 961
f 924 923 961 962
f 925 924 962 963
f 926 925 963 964
f 927 926 964 965
f 928 927 965 966
f 929 928 966 967
f 930 929 967 968
f 931 930 968 969
f 932 931 969 970
f 933 932 970 971
f 934 933 971 972
f 935 934 972 973
f 936 935 973 974
f 937 936 974 975
f 938 937 975 976
f 939 938 976 977
f 940 939 977 978
f 941 940 978 979
f 942 941 979 980
f 943 942 980 981
f 944 943 981 982
f 945 944 982 983
f 946 945 983 984
f 947 946 984 985
f 948 947 985 986
f 949 948 986 987
f 950 949 987 988
f 952 951 989 990
f 953 952 990 991
f 954 953 991 992
f 955 954 992 993
f 956 955 993 994
f 957 956 994 995
f 958 957 995 996
f 959 958 996 997
f 960 959 997 998
f 961 960 998 999
f 962 961 999 1000
f 963 962 1000 1001
f 964 963 1001 1002
f 965 964 1002 1003
f 966 965 1003 1004
f 967 966 1004 1005
f 968 967 1005 1006
f 969 968 1006 1007
f 970 969 1007 1008
f 971 970 1008 1009
f 972 971 1009 1010
f 973 972 1010 1011
f 974 973 1011 1012
f 975 974 1012 1013
f 976 975 1013 1014
f 977 976 1014 1015
f 978 977 1015 1016
f 979 978 1016 1017
f 980 979 1017 1018
f 981 980 1018 1019
f 982 981 1019 1020
f 983 982 1020 1021
f 984 983 1021 1022
f 985 984 1022 1023
f 986 985 1023 1024
f 987 986 1024 1025
f 988 987 1025 1026
f 990 989 1027 1028
f 991 990 1028 1029
f 992 991 1029 1030
f 993 992 1030 1031
f 994 993 1031 1032
f 995 994 1032 1033
f 996 995 1033 1034
f 997 996 1034 1035
f 998 997 1035 1036
f 999 998 1036 1037
f 1000 999 1037 1038
f 1001 1000 1038 1039
f 1002 1001 1039 1040
f 1003 1002 1040 1041
f 1004 1003 1041 1042
f 1005 1004 1042 1043
f 1006 1005 1043 1044
f 1007 1006 1044 1045
f 1008 1007 1045 1046
f 1009 1008 1046 1047
f 1010 1009 1047 1048
f 1011 1010 1048 1049
f 1012 1011 1049 1050
f 1013 1012 1050 1051
f 1014 1013 1051 1052
f 1015 1014 1052 1053
f 1016 1015 1053 1054
f 1017 1016 1054 1055
f 1018 1017 1055 1056
f 1019 1018 1056 1057
f 1020 1019 1057 1058
f 1021 1020 1058 1059
f 1022 1021 1059 1060
f 1023 1022 1060 1061
f 1024 1023 1061 1062
f 1025 1024 1062 1063
f 1026 1025 1063 1064
f 1028 1027 1065 1066
f 1029 1028 1066 1067
f 1030 1029 1067 1068
f 1031 1030 1068 1069
f 1032 1031 1069 1070
f 1033 1032 1070 1071
f 1034 1033 1071 1072
f 1035 1034 1072 1073
f 1036 1035 1073 1074
f 1037 1036 1074 1075
f 1038 1037 1075 1076
f 1039 1038 1076 1077
f 1040 1039 1077 1078
f 1041 1040 1078 1079
f 1042 1041 1079 1080
f 1043 1042 1080 1081
f 1044 1043 1081 1082
f 1045 1044 1082 1083
f 1046 1045 1083 1084
f 1047 1046 1084 1085
f 1048 1047 1085 1086
f 1049 1048 1086 1087
f 1050 1049 1087 1088
f 1051 1050 1088 1089
f 1052 1051 1089 1090
f 1053 1052 1090 1091
f 1054 1053 1091 1092
f 1055 1054 1092 1093
f 1056 1055 1093 1094
f 1057 1056 1094 1095
f 1058 1057 1095 1096
f 1059 1058 1096 1097
f 1060 1059 1097 1098
f 1061 1060 1098 1099
f 1062 1061 1099 1100
f 1063 1062 1100 1101
f 1064 1063 1101 1102
f 1066 1065 1103 1104
f 1067 1066 1104 1105
f 1068 1067 1105 1106
f 1069 1068 1106 1107
f 1070 1069 1107 1108
f 1071 1070 1108 1109
f 1072 1071 1109 1110
f 1073 1072 1110 1111
f 1074 1073 1111 1112
f 1075 1074 1112 1113
f 1076 1075 1113 1114
f 1077 1076 1114 1115
f 1078 1077 1115 1116
f 1079 1078 1116 1117
f 1080 1079 1117 1118
f 1081 1080 1118 1119
f 1082 1081 1119 1120
f 1083 1082 1120 1121
f 1084 1083 1121 1122
f 1085 1084 1122 1123
f 1086 1085 1123 1124
f 1087 1086 1124 1125
f 1088 1087 1125 1126
f 1089 1088 1126 1127
f 1090 1089 1127 1128
f 1091 1090 1128 1129
f 1092 1091 1129 1130
f 1093 1092 1130 1131
f 1094 1093 1131 1132
f 1095 1094 1132 1133
f 1096 1095 1133 1134
f 1097 1096 1134 1135
f 1098 1097 1135 1136
f 1099 1098 1136 1137
f 1100 1099 1137 1138
f 1101 1100 1138 1139
f 1102 1101 1139 1140
f 1104 1103 1141 1142
f 1105 1104 1142 1143
f 1106 1105 1143 1144
f 1107 1106 1144 1145
f 1108 1107 1145 1146
f 1109 1108 1146 1147
f 1110 1109 1147 1148
f 1111 1110 1148 1149
f 1112 1111 1149 1150
f 1113 1112 1150 1151
f 1114 1113 1151 1152
f 1115 1114 1152 1153
f 1116 1115 1153 1154
f 1117 1116 1154 1155
f 1118 1117 1155 1156
f 1119 1118 1156 1157
f 1120 1119 1157 1158
f 1121 1120 1158 1159
f 1122 1121 1159 1160
f 1123 1122 1160 1161
f 1124 1123 1161 1162
f 1125 1124 1162 1163
f 1126 1125 1163 1164
f 1127 1126 1164 1165
f 1128 1127 1165 1166
f 1129 1128 1166 1167
f 1130 1129 1167 1168
f 1131 1130 1168 1169
f 1132 1131 1169 1170
f 1133 1132 1170 1171
f 1134 1133 1171 1172
f 1135 1134 1172 1173
f 1136 1135 1173 1174
f 1137 1136 1174 1175
f 1138 1137 1175 1176
f 1139 1138 1176 1177
f 1140 1139 1177 1178
f 1142 1141 1179 1180
f 1143 1142 1180 1181
f 1144 1143 1181 1182
f 1145 1144 1182 1183
f 1146 1145 1183 1184
f 1147 1146 1184 1185
f 1148 1147 1185 1186
f 1149 1148 1186 1187
f 1150 1149 1187 1188
f 1151 1150 1188 1189
f 1152 1151 1189 1190
f 1153 1152 1190 1191
f 1154 1153 1191 1192
f 1155 1154 1192 1193
f 1156 1155 1193 1194
f 1157 1156 1194 1195
f 1158 1157 1195 1196
f 1159 1158 1196 1197
f 1160 1159 1197 1198
f 1161 1160 1198 1199
f 1162 1161 1199 1200
f 1163 1162 1200 1201
f 1164 1163 1201 1202
f 1165 1164 1202 1203
f 1166 1165 1203 1204
f 1167 1166 1204 1205
f 1168 1167 1205 1206
f 1169 1168 1206 1207
f 1170 1169 1207 1208
f 1171 1170 1208 1209
f 1172 1171 1209 1210
f 1173 1172 1210 1211
f 1174 1173 1211 1212
f 1175 1174 1212 1213
f 1176 1175 1213 1214
f 1177 1176 1214 1215
f 1178 1177 1215 1216
f 1180 1179 1217 1218
f 1181 1180 1218 1219
f 1182 1181 1219 1220
f 1183 1182 1220 1221
f 1184 1183 1221 1222
f 1185 1184 1222 1223
f 1186 1185 1223 1224
f 1187 1186 1224 1225
f 1188 1187 1225 1226
f 1189 1188 1226 1227
f 1190 1189 1227 1228
f 1191 1190 1228 1229
f 1192 1191 1229 1230
f 1193 1192 1230 1231
f 1194 1193 1231 1232
f 1195 1194 1232 1233
f 1196 1195 1233 1234
f 1197 1196 1234 1235
f 1198 1197 1235 1236
f 1199 1198 1236 1237
f 1200 1199 1237 1238
f 1201 1200 1238 1239
f 1202 1201 1239 1240
f 1203 1202 1240 1241
f 1204 1203 1241 1242
f 1205 1204 1242 1243
f 1206 1205 1243 1244
f 1207 1206 1244 1245
f 1208 1207 1245 1246
f 1209 1208 1246 1247
f 1210 1209 1247 1248
f 1211 1210 1248 1249
f 1212 1211 1249 1250
f 1213 1212 1250 1251
f 1214 1213 1251 1252
f 1215 1214 1252 1253
f 1216 1215 1253 1254
f 1218 1217 1255 1256
f 1219 1218 1256 1257
f 1220 1219 1257 1258
f 1221 1220 1258 1259
f 1222 1221 1259 1260
f 1223 1222 1260 1261
f 1224 1223 1261 1262
f 1225 1224 1262 1263
f 1226 1225 1263 1264
f 1227 1226 1264 1265
f 1228 1227 1265 1266
f 1229 1228 1266 1267
f 1230 1229 1267 1268
f 1231 1230 1268 1269
f 1232 1231 1269 1270
f 1233 1232 1270 1271
f 1234 1233 1271 1272
f 1235 1234 1272 1273
f 1236 1235 1273 1274
f 1237 1236 1274 1275
f 1238 1237 1275 1276
f 1239 1238 1276 1277
f 1240 1239 1277 1278
f 1241 1240 1278 1279
f 1242 1241 1279 1280
f 1243 1242 1280 1281
f 1244 1243 1281 1282
f 1245 1244 1282 1283
f 1246 1245 1283 1284
f 1247 1246 1284 1285
f 1248 1247 1285 1286
f 1249 1248 1286 1287
f 1250 1249 1287 1288
f 1251 1250 1288 1289
f 1252 1251 1289 1290
f 1253 1252 1290 1291
f 1254 1253 1291 1292
f 1256 1255 1293 1294
f 1257 1256 1294 1295
f 1258 1257 1295 1296
f 1259 1258 1296 1297
f 1260 1259 1297 1298
f 1261 1260 1298 1299
f 1262 1261 1299 1300
f 1263 1262 1300 1301
f 1264 1263 1301 1302
f 1265 1264 1302 1303
f 1266 1265 1303 1304
f 1267 1266 1304 1305
f 1268 1267 1305 1306
f 1269 1268 1306 1307
f 1270 1269 1307 1308
f 1271 1270 1308 1309
f 1272 1271 1309 1310
f 1273 1272 1310 1311
f 1274 1273 1311 1312
f 1275 1274 1312 1313
f 1276 1275 1313 1314
f 1277 1276 1314 1315
f 1278 1277 1315 1316
f 1279 1278 1316 1317
f 1280 1279 1317 1318
f 1281 1280 1318 1319
f 1282 1281 1319 1320
f 1283 1282 1320 1321
f 1284 1283 1321 1322
f 1285 1284 1322 1323
f 1286 1285 1323 1324
f 1287 1286 1324 1325
f 1288 1287 1325 1326
f 1289 1288 1326 1327
f 1290 1289 1327 1328
f 1291 1290 1328 1329
f 1292 1291 1329 1330
f 1294 1293 1331 1332
f 1295 1294 1332 1333
f 1296 1295 1333 1334
f 1297 1296 1334 1335
f 1298 1297 1335 1336
f 1299 1298 1336 1337
f 1300 1299 1337 1338
f 1301 1300 1338 1339
f 1302 1301 1339 1340
f 1303 1302 1340 1341
f 1304 1303 1341 1342
f 1305 1304 1342 1343
f 1306 1305 1343 1344
f 1307 1306 1344 1345
f 1308 1307 1345 1346
f 1309 1308 1346 1347
f 1310 1309 1347 1348
f 1311 1310 1348 1349
f 1312 1311 1349 1350
f 1313 1312 1350 1351
f 1314 1313 1351 1352
f 1315 1314 1352 1353
f 1316 1315 1353 1354
f 1317 1316 1354 1355
f 1318 1317 1355 1356
f 1319 1318 1356 1357
f 1320 1319 1357 1358
f 1321 1320 1358 1359
f 1322 1321 1359 1360
f 1323 1322 1360 1361
f 1324 1323 1361 1362
f 1325 1324 1362 1363
f 1326 1325 1363 1364
f 1327 1326 1364 1365
f 1328 1327 1365 1366
f 1329 1328 1366 1367
f 1330 1329 1367 1368
f 1332 1331 1369 1370
f 1333 1332 1370 1371
f 1334 1333 1371 1372
f 1335 1334 1372 1373
f 1336 1335 1373 1374
f 1337 1336 1374 1375
f 1338 1337 1375 1376
f 1339 1338 1376 1377
f 1340 1339 1377 1378
f 1341 1340 1378 1379
f 1342 1341 1379 1380
f 1343 1342 1380 1381
f 1344 1343 1381 1382
f 1345 1344 1382 1383
f 1346 1345 1383 1384
f 1347 1346 1384 1385
f 1348 1347 1385 1386
f 1349 1348 1386 1387
f 1350 1349 1387 1388
f 1351 1350 1388 1389
f 1352 1351 1389 1390
f 1353 1352 1390 1391
f 1354 1353 1391 1392
f 1355 1354 1392 1393
f 1356 1355 1393 1394
f 1357 1356 1394 1395
f 1358 1357 1395 1396
f 1359 1358 1396 1397
f 1360 1359 1397 1398
f 1361 1360 1398 1399
f 1362 1361 1399 1400
f 1363 1362 1400 1401
f 1364 1363 1401 1402
f 1365 1364 1402 1403
f 1366 1365 1403 1404
f 1367 1366 1404 1405
f 1368 1367 1405 1406
f 1370 1369 1407 1408
f 1371 1370 1408 1409
f 1372 1371 1409 1410
f 1373 1372 1410 1411
f 1374 1373 1411 1412
f 1375 1374 1412 1413
f 1376 1375 1413 1414
f 1377 1376 1414 1415
f 1378 1377 1415 1416
f 1379 1378 1416 1417
f 1380 1379 1417 1418
f 1381 1380 1418 1419
f 1382 1381 1419 1420
f 1383 1382 1420 1421
f 1384 1383 1421 1422
f 1385 1384 1422 1423
f 1386 1385 1423 1424
f 1387 1386 1424 1425
f 1388 1387 1425 1426
f 1389 1388 1426 1427
f 1390 1389 1427 1428
f 1391 1390 1428 1429
f 1392 1391 1429 1430
f 1393 1392 1430 1431
f 1394 1393 1431 1432
f 1395 1394 1432 1433
f 1396 1395 1433 1434
f 1397 1396 1434 1435
f 1398 1397 1435 1436
f 1399 1398 1436 1437
f 1400 1399 1437 1438
f 1401 1400 1438 1439
f 1402 1401 1439 1440
f 1403 1402 1440 1441
f 1404 1403 1441 1442
f 1405 1404 1442 1443
f 1406 1405 1443 1444
