# Blender v2.79 (sub 0) OBJ File: ''
# www.blender.org
v -5.000000 0.000000 5.000000
v -5.000000 0.000000 4.333333
v -5.000000 0.000000 3.666667
v -5.000000 0.000000 3.000000
v -5.000000 0.000000 2.333333
v -5.000000 0.000000 1.666667
v -5.000000 0.000000 1.000000
v -5.000000 0.000000 0.333333
v -5.000000 0.000000 -0.333333
v -5.000000 0.000000 -1.000000
v -5.000000 0.000000 -1.666667
v -5.000000 0.000000 -2.333333
v -5.000000 0.000000 -3.000000
v -5.000000 0.000000 -3.666667
v -5.000000 0.000000 -4.333333
v -5.000000 0.000000 -5.000000
v -4.333333 0.000000 5.000000
v -4.333333 0.000000 4.333333
v -4.333333 0.010177 3.666667
v -4.333333 0.094655 3.000000
v -4.333333 0.185964 2.333333
v -4.333333 0.278356 1.666667
v -4.333333 0.355411 1.000000
v -4.333333 0.331669 0.333333
v -4.333333 0.351792 -0.333333
v -4.333333 0.204176 -1.000000
v -4.333333 0.096934 -1.666667
v -4.333333 0.067992 -2.333333
v -4.333333 -0.005634 -3.000000
v -4.333333 -0.010027 -3.666667
v -4.333333 0.000000 -4.333333
v -4.333333 0.000000 -5.000000
v -3.666667 0.000000 5.000000
v -3.666667 -0.007210 4.333333
v -3.666667 -0.024910 3.666667
v -3.666667 0.039645 3.000000
v -3.666667 0.383847 2.333333
v -3.666667 0.701973 1.666667
v -3.666667 0.921637 1.000000
v -3.666667 1.009182 0.333333
v -3.666667 0.948757 -0.333333
v -3.666667 0.475328 -1.000000
v -3.666667 0.148625 -1.666667
v -3.666667 0.052516 -2.333333
v -3.666667 -0.121350 -3.000000
v -3.666667 -0.167026 -3.666667
v -3.666667 -0.021990 -4.333333
v -3.666667 0.000000 -5.000000
v -3.000000 0.000000 5.000000
v -3.000000 -0.073885 4.333333
v -3.000000 -0.284287 3.666667
v -3.000000 -0.367034 3.000000
v -3.000000 0.154788 2.333333
v -3.000000 0.547616 1.666667
v -3.000000 1.025783 1.000000
v -3.000000 1.606191 0.333333
v -3.000000 1.285160 -0.333333
v -3.000000 0.510867 -1.000000
v -3.000000 -0.040622 -1.666667
v -3.000000 -0.299454 -2.333333
v -3.000000 -0.409005 -3.000000
v -3.000000 -0.377526 -3.666667
v -3.000000 -0.126818 -4.333333
v -3.000000 0.000000 -5.000000
v -2.333333 0.000000 5.000000
v -2.333333 -0.195957 4.333333
v -2.333333 -0.546945 3.666667
v -2.333333 -0.593341 3.000000
v -2.333333 -0.251907 2.333333
v -2.333333 0.146425 1.666667
v -2.333333 0.965969 1.000000
v -2.333333 1.970286 0.333333
v -2.333333 1.141480 -0.333333
v -2.333333 0.458735 -1.000000
v -2.333333 -0.360073 -1.666667
v -2.333333 -0.462471 -2.333333
v -2.333333 -0.546693 -3.000000
v -2.333333 -0.314796 -3.666667
v -2.333333 -0.139416 -4.333333
v -2.333333 0.000000 -5.000000
v -1.666667 0.000000 5.000000
v -1.666667 -0.182004 4.333333
v -1.666667 -0.378514 3.666667
v -1.666667 -0.440949 3.000000
v -1.666667 -0.372167 2.333333
v -1.666667 0.242236 1.666667
v -1.666667 0.995767 1.000000
v -1.666667 1.115972 0.333333
v -1.666667 0.977815 -0.333333
v -1.666667 0.025461 -1.000000
v -1.666667 -0.634958 -1.666667
v -1.666667 -0.612602 -2.333333
v -1.666667 -0.368295 -3.000000
v -1.666667 -0.442526 -3.666667
v -1.666667 -0.150941 -4.333333
v -1.666667 0.000000 -5.000000
v -1.000000 0.000000 5.000000
v -1.000000 -0.119195 4.333333
v -1.000000 -0.393811 3.666667
v -1.000000 -0.533443 3.000000
v -1.000000 -0.318179 2.333333
v -1.000000 0.549596 1.666667
v -1.000000 0.770552 1.000000
v -1.000000 -0.015434 0.333333
v -1.000000 0.113480 -0.333333
v -1.000000 -0.554592 -1.000000
v -1.000000 -0.565362 -1.666667
v -1.000000 -0.797769 -2.333333
v -1.000000 -0.778742 -3.000000
v -1.000000 -0.605413 -3.666667
v -1.000000 -0.196081 -4.333333
v -1.000000 0.000000 -5.000000
v -0.333333 0.000000 5.000000
v -0.333333 -0.091864 4.333333
v -0.333333 -0.221900 3.666667
v -0.333333 -0.553848 3.000000
v -0.333333 -0.263147 2.333333
v -0.333333 -0.066622 1.666667
v -0.333333 -0.114712 1.000000
v -0.333333 -0.430732 0.333333
v -0.333333 -0.461388 -0.333333
v -0.333333 -0.870857 -1.000000
v -0.333333 -0.905091 -1.666667
v -0.333333 -0.681374 -2.333333
v -0.333333 -0.635277 -3.000000
v -0.333333 -0.455259 -3.666667
v -0.333333 -0.149589 -4.333333
v -0.333333 0.000000 -5.000000
v 0.333333 0.000000 5.000000
v 0.333333 -0.008442 4.333333
v 0.333333 -0.194856 3.666667
v 0.333333 -0.398884 3.000000
v 0.333333 -0.472957 2.333333
v 0.333333 -0.241317 1.666667
v 0.333333 0.244558 1.000000
v 0.333333 -0.260574 0.333333
v 0.333333 -0.531808 -0.333333
v 0.333333 -1.058379 -1.000000
v 0.333333 -1.119646 -1.666667
v 0.333333 -0.794742 -2.333333
v 0.333333 -0.401863 -3.000000
v 0.333333 -0.424031 -3.666667
v 0.333333 -0.159609 -4.333333
v 0.333333 0.000000 -5.000000
v 1.000000 0.000000 5.000000
v 1.000000 0.023253 4.333333
v 1.000000 -0.008434 3.666667
v 1.000000 0.013469 3.000000
v 1.000000 -0.034581 2.333333
v 1.000000 0.612994 1.666667
v 1.000000 0.445197 1.000000
v 1.000000 0.225621 0.333333
v 1.000000 -0.656565 -0.333333
v 1.000000 -1.115188 -1.000000
v 1.000000 -1.129976 -1.666667
v 1.000000 -1.001236 -2.333333
v 1.000000 -0.692652 -3.000000
v 1.000000 -0.434424 -3.666667
v 1.000000 -0.171408 -4.333333
v 1.000000 0.000000 -5.000000
v 1.666667 0.000000 5.000000
v 1.666667 0.081009 4.333333
v 1.666667 0.318911 3.666667
v 1.666667 0.627535 3.000000
v 1.666667 0.958243 2.333333
v 1.666667 1.445217 1.666667
v 1.666667 1.216346 1.000000
v 1.666667 0.943642 0.333333
v 1.666667 0.563218 -0.333333
v 1.666667 -0.312517 -1.000000
v 1.666667 -0.508992 -1.666667
v 1.666667 -0.854174 -2.333333
v 1.666667 -0.677845 -3.000000
v 1.666667 -0.277166 -3.666667
v 1.666667 -0.056752 -4.333333
v 1.666667 0.000000 -5.000000
v 2.333333 0.000000 5.000000
v 2.333333 0.192748 4.333333
v 2.333333 0.677498 3.666667
v 2.333333 0.961153 3.000000
v 2.333333 1.040586 2.333333
v 2.333333 1.658918 1.666667
v 2.333333 1.254420 1.000000
v 2.333333 0.943296 0.333333
v 2.333333 0.792788 -0.333333
v 2.333333 0.217511 -1.000000
v 2.333333 -0.119394 -1.666667
v 2.333333 -0.589467 -2.333333
v 2.333333 -0.410750 -3.000000
v 2.333333 -0.114046 -3.666667
v 2.333333 -0.020041 -4.333333
v 2.333333 0.000000 -5.000000
v 3.000000 0.000000 5.000000
v 3.000000 0.159604 4.333333
v 3.000000 0.642264 3.666667
v 3.000000 1.074584 3.000000
v 3.000000 1.447482 2.333333
v 3.000000 1.617666 1.666667
v 3.000000 1.280251 1.000000
v 3.000000 1.000259 0.333333
v 3.000000 0.966362 -0.333333
v 3.000000 0.612085 -1.000000
v 3.000000 0.114038 -1.666667
v 3.000000 -0.291159 -2.333333
v 3.000000 -0.216106 -3.000000
v 3.000000 -0.081249 -3.666667
v 3.000000 -0.047099 -4.333333
v 3.000000 0.000000 -5.000000
v 3.666667 0.000000 5.000000
v 3.666667 0.042322 4.333333
v 3.666667 0.429369 3.666667
v 3.666667 0.972313 3.000000
v 3.666667 1.083142 2.333333
v 3.666667 0.933344 1.666667
v 3.666667 0.862437 1.000000
v 3.666667 0.645143 0.333333
v 3.666667 0.463122 -0.333333
v 3.666667 0.245853 -1.000000
v 3.666667 0.005451 -1.666667
v 3.666667 -0.133135 -2.333333
v 3.666667 -0.134629 -3.000000
v 3.666667 -0.091465 -3.666667
v 3.666667 -0.015549 -4.333333
v 3.666667 0.000000 -5.000000
v 4.333333 0.000000 5.000000
v 4.333333 0.000000 4.333333
v 4.333333 0.043681 3.666667
v 4.333333 0.221379 3.000000
v 4.333333 0.322800 2.333333
v 4.333333 0.283534 1.666667
v 4.333333 0.280645 1.000000
v 4.333333 0.209257 0.333333
v 4.333333 0.077436 -0.333333
v 4.333333 -0.043712 -1.000000
v 4.333333 -0.117827 -1.666667
v 4.333333 -0.087246 -2.333333
v 4.333333 -0.074680 -3.000000
v 4.333333 -0.010045 -3.666667
v 4.333333 0.000000 -4.333333
v 4.333333 0.000000 -5.000000
v 5.000000 0.000000 5.000000
v 5.000000 0.000000 4.333333
v 5.000000 0.000000 3.666667
v 5.000000 0.000000 3.000000
v 5.000000 0.000000 2.333333
v 5.000000 0.000000 1.666667
v 5.000000 0.000000 1.000000
v 5.000000 0.000000 0.333333
v 5.000000 0.000000 -0.333333
v 5.000000 0.000000 -1.000000
v 5.000000 0.000000 -1.666667
v 5.000000 0.000000 -2.333333
v 5.000000 0.000000 -3.000000
v 5.000000 0.000000 -3.666667
v 5.000000 0.000000 -4.333333
v 5.000000 0.000000 -5.000000
s 1
f 2 1 17 18
f 3 2 18 19
f 4 3 19 20
f 5 4 20 21
f 6 5 21 22
f 7 6 22 23
f 8 7 23 24
f 9 8 24 25
f 10 9 25 26
f 11 10 26 27
f 12 11 27 28
f 13 12 28 29
f 14 13 29 30
f 15 14 30 31
f 16 15 31 32
f 18 17 33 34
f 19 18 34 35
f 20 19 35 36
f 21 20 36 37
f 22 21 37 38
f 23 22 38 39
f 24 23 39 40
f 25 24 40 41
f 26 25 41 42
f 27 26 42 43
f 28 27 43 44
f 29 28 44 45
f 30 29 45 46
f 31 30 46 47
f 32 31 47 48
f 34 33 49 50
f 35 34 50 51
f 36 35 51 52
f 37 36 52 53
f 38 37 53 54
f 39 38 54 55
f 40 39 55 56
f 41 40 56 57
f 42 41 57 58
f 43 42 58 59
f 44 43 59 60
f 45 44 60 61
f 46 45 61 62
f 47 46 62 63
f 48 47 63 64
f 50 49 65 66
f 51 50 66 67
f 52 51 67 68
f 53 52 68 69
f 54 53 69 70
f 55 54 70 71
f 56 55 71 72
f 57 56 72 73
f 58 57 73 74
f 59 58 74 75
f 60 59 75 76
f 61 60 76 77
f 62 61 77 78
f 63 62 78 79
f 64 63 79 80
f 66 65 81 82
f 67 66 82 83
f 68 67 83 84
f 69 68 84 85
f 70 69 85 86
f 71 70 86 87
f 72 71 87 88
f 73 72 88 89
f 74 73 89 90
f 75 74 90 91
f 76 75 91 92
f 77 76 92 93
f 78 77 93 94
f 79 78 94 95
f 80 79 95 96
f 82 81 97 98
f 83 82 98 99
f 84 83 99 100
f 85 84 100 101
f 86 85 101 102
f 87 86 102 103
f 88 87 103 104
f 89 88 104 105
f 90 89 105 106
f 91 90 106 107
f 92 91 107 108
f 93 92 108 109
f 94 93 109 110
f 95 94 110 111
f 96 95 111 112
f 98 97 113 114
f 99 98 114 115
f 100 99 115 116
f 101 100 116 117
f 102 101 117 118
f 103 102 118 119
f 104 103 119 120
f 105 104 120 121
f 106 105 121 122
f 107 106 122 123
f 108 107 123 124
f 109 108 124 125
f 110 109 125 126
f 111 110 126 127
f 112 111 127 128
f 114 113 129 130
f 115 114 130 131
f 116 115 131 132
f 117 116 132 133
f 118 117 133 134
f 119 118 134 135
f 120 119 135 136
f 121 120 136 137
f 122 121 137 138
f 123 122 138 139
f 124 123 139 140
f 125 124 140 141
f 126 125 141 142
f 127 126 142 143
f 128 127 143 144
f 130 129 145 146
f 131 130 146 147
f 132 131 147 148
f 133 132 148 149
f 134 133 149 150
f 135 134 150 151
f 136 135 151 152
f 137 136 152 153
f 138 137 153 154
f 139 138 154 155
f 140 139 155 156
f 141 140 156 157
f 142 141 157 158
f 143 142 158 159
f 144 143 159 160
f 146 145 161 162
f 147 146 162 163
f 148 147 163 164
f 149 148 164 165
f 150 149 165 166
f 151 150 166 167
f 152 151 167 168
f 153 152 168 169
f 154 153 169 170
f 155 154 170 171
f 156 155 171 172
f 157 156 172 173
f 158 157 173 174
f 159 158 174 175
f 160 159 175 176
f 162 161 177 178
f 163 162 178 179
f 164 163 179 180
f 165 164 180 181
f 166 165 181 182
f 167 166 182 183
f 168 167 183 184
f 169 168 184 185
f 170 169 185 186
f 171 170 186 187
f 172 171 187 188
f 173 172 188 189
f 174 173 189 190
f 175 174 190 191
f 176 175 191 192
f 178 177 193 194
f 179 178 194 195
f 180 179 195 196
f 181 180 196 197
f 182 181 197 198
f 183 182 198 199
f 184 183 199 200
f 185 184 200 201
f 186 185 201 202
f 187 186 202 203
f 188 187 203 204
f 189 188 204 205
f 190 189 205 206
f 191 190 206 207
f 192 191 207 208
f 194 193 209 210
f 195 194 210 211
f 196 195 211 212
f 197 196 212 213
f 198 197 213 214
f 199 198 214 215
f 200 199 215 216
f 201 200 216 217
f 202 201 217 218
f 203 202 218 219
f 204 203 219 220
f 205 204 220 221
f 206 205 221 222
f 207 206 222 223
f 208 207 223 224
f 210 209 225 226
f 211 210 226 227
f 212 211 227 228
f 213 212 228 229
f 214 213 229 230
f 215 214 230 231
f 216 215 231 232
f 217 216 232 233
f 218 217 233 234
f 219 218 234 235
f 220 219 235 236
f 221 220 236 237
f 222 221 237 238
f 223 222 238 239
f 224 223 239 240
f 226 225 241 242
f 227 226 242 243
f 228 227 243 244
f 229 228 244 245
f 230 229 245 246
f 231 230 246 247
f 232 231 247 248
f 233 232 248 249
f 234 233 249 250
f 235 234 250 251
f 236 235 251 252
f 237 236 252 253
f 238 237 253 254
f 239 238 254 255
f 240 239 255 256
