# Blender v2.79 (sub 0) OBJ File: ''
# www.blender.org
v -5.000000 0.000000 5.000000
v -5.000000 0.000000 4.473684
v -5.000000 0.000000 3.947369
v -5.000000 0.000000 3.421053
v -5.000000 0.000000 2.894737
v -5.000000 0.000000 2.368421
v -5.000000 0.000000 1.842105
v -5.000000 0.000000 1.315789
v -5.000000 0.000000 0.789474
v -5.000000 0.000000 0.263158
v -5.000000 0.000000 -0.263158
v -5.000000 0.000000 -0.789474
v -5.000000 0.000000 -1.315789
v -5.000000 0.000000 -1.842105
v -5.000000 0.000000 -2.368421
v -5.000000 0.000000 -2.894737
v -5.000000 0.000000 -3.421053
v -5.000000 0.000000 -3.947369
v -5.000000 0.000000 -4.473684
v -5.000000 0.000000 -5.000000
v -4.473684 0.000000 5.000000
v -4.473684 0.000000 4.473684
v -4.473684 0.000000 3.947369
v -4.473684 0.014056 3.421053
v -4.473684 0.074319 2.894737
v -4.473684 0.125151 2.368421
v -4.473684 0.182695 1.842105
v -4.473684 0.200284 1.315789
v -4.473684 0.249711 0.789474
v -4.473684 0.214391 0.263158
v -4.473684 0.234520 -0.263158
v -4.473684 0.186590 -0.789474
v -4.473684 0.116704 -1.315789
v -4.473684 0.069225 -1.842105
v -4.473684 0.052635 -2.368421
v -4.473684 0.001017 -2.894737
v -4.473684 -0.005697 -3.421053
v -4.473684 0.000000 -3.947369
v -4.473684 0.000000 -4.473684
v -4.473684 0.000000 -5.000000
v -3.947369 0.000000 5.000000
v -3.947369 0.000000 4.473684
v -3.947369 0.001116 3.947369
v -3.947369 0.016415 3.421053
v -3.947369 0.114916 2.894737
v -3.947369 0.313111 2.368421
v -3.947369 0.493471 1.842105
v -3.947369 0.611008 1.315789
v -3.947369 0.701597 0.789474
v -3.947369 0.729500 0.263158
v -3.947369 0.683900 -0.263158
v -3.947369 0.493247 -0.789474
v -3.947369 0.223981 -1.315789
v -3.947369 0.168008 -1.842105
v -3.947369 0.073475 -2.368421
v -3.947369 -0.048604 -2.894737
v -3.947369 -0.087432 -3.421053
v -3.947369 -0.039750 -3.947369
v -3.947369 0.000000 -4.473684
v -3.947369 0.000000 -5.000000
v -3.421053 0.000000 5.000000
v -3.421053 -0.007423 4.473684
v -3.421053 -0.060114 3.947369
v -3.421053 -0.090893 3.421053
v -3.421053 -0.002544 2.894737
v -3.421053 0.290564 2.368421
v -3.421053 0.549753 1.842105
v -3.421053 0.872205 1.315789
v -3.421053 1.059685 0.789474
v -3.421053 1.290122 0.263158
v -3.421053 1.317763 -0.263158
v -3.421053 0.764021 -0.789474
v -3.421053 0.343020 -1.315789
v -3.421053 0.054266 -1.842105
v -3.421053 -0.104535 -2.368421
v -3.421053 -0.255153 -2.894737
v -3.421053 -0.284009 -3.421053
v -3.421053 -0.170594 -3.947369
v -3.421053 -0.023211 -4.473684
v -3.421053 0.000000 -5.000000
v -2.894737 0.000000 5.000000
v -2.894737 -0.049866 4.473684
v -2.894737 -0.221355 3.947369
v -2.894737 -0.395664 3.421053
v -2.894737 -0.409100 2.894737
v -2.894737 0.094062 2.368421
v -2.894737 0.408968 1.842105
v -2.894737 0.695847 1.315789
v -2.894737 1.107427 0.789474
v -2.894737 1.680916 0.263158
v -2.894737 1.365969 -0.263158
v -2.894737 0.720067 -0.789474
v -2.894737 0.096014 -1.315789
v -2.894737 -0.240146 -1.842105
v -2.894737 -0.376857 -2.368421
v -2.894737 -0.438920 -2.894737
v -2.894737 -0.427591 -3.421053
v -2.894737 -0.309948 -3.947369
v -2.894737 -0.083855 -4.473684
v -2.894737 0.000000 -5.000000
v -2.368421 0.000000 5.000000
v -2.368421 -0.119886 4.473684
v -2.368421 -0.445093 3.947369
v -2.368421 -0.648224 3.421053
v -2.368421 -0.533316 2.894737
v -2.368421 -0.257702 2.368421
v -2.368421 0.056242 1.842105
v -2.368421 0.477415 1.315789
v -2.368421 1.402469 0.789474
v -2.368421 1.946217 0.263158
v -2.368421 1.256369 -0.263158
v -2.368421 0.734670 -0.789474
v -2.368421 -0.015839 -1.315789
v -2.368421 -0.373538 -1.842105
v -2.368421 -0.483464 -2.368421
v -2.368421 -0.541628 -2.894737
v -2.368421 -0.363466 -3.421053
v -2.368421 -0.279441 -3.947369
v -2.368421 -0.086793 -4.473684
v -2.368421 0.000000 -5.000000
v -1.842105 0.000000 5.000000
v -1.842105 -0.118002 4.473684
v -1.842105 -0.408990 3.947369
v -1.842105 -0.420158 3.421053
v -1.842105 -0.381734 2.894737
v -1.842105 -0.294634 2.368421
v -1.842105 -0.150253 1.842105
v -1.842105 0.856826 1.315789
v -1.842105 1.383501 0.789474
v -1.842105 1.425568 0.263158
v -1.842105 1.263211 -0.263158
v -1.842105 0.572994 -0.789474
v -1.842105 -0.281143 -1.315789
v -1.842105 -0.573565 -1.842105
v -1.842105 -0.482130 -2.368421
v -1.842105 -0.394611 -2.894737
v -1.842105 -0.361283 -3.421053
v -1.842105 -0.310574 -3.947369
v -1.842105 -0.086377 -4.473684
v -1.842105 0.000000 -5.000000
v -1.315789 0.000000 5.000000
v -1.315789 -0.094200 4.473684
v -1.315789 -0.348158 3.947369
v -1.315789 -0.557975 3.421053
v -1.315789 -0.454806 2.894737
v -1.315789 -0.460257 2.368421
v -1.315789 0.199311 1.842105
v -1.315789 0.963099 1.315789
v -1.315789 0.923559 0.789474
v -1.315789 0.277869 0.263158
v -1.315789 0.442104 -0.263158
v -1.315789 0.267378 -0.789474
v -1.315789 -0.644013 -1.315789
v -1.315789 -0.735787 -1.842105
v -1.315789 -0.893928 -2.368421
v -1.315789 -0.628579 -2.894737
v -1.315789 -0.529328 -3.421053
v -1.315789 -0.448789 -3.947369
v -1.315789 -0.122926 -4.473684
v -1.315789 0.000000 -5.000000
v -0.789474 0.000000 5.000000
v -0.789474 -0.071831 4.473684
v -0.789474 -0.300849 3.947369
v -0.789474 -0.473455 3.421053
v -0.789474 -0.601079 2.894737
v -0.789474 -0.348525 2.368421
v -0.789474 0.192588 1.842105
v -0.789474 0.444112 1.315789
v -0.789474 0.351166 0.789474
v -0.789474 -0.290011 0.263158
v -0.789474 -0.082844 -0.263158
v -0.789474 -0.444911 -0.789474
v -0.789474 -0.719620 -1.315789
v -0.789474 -0.578325 -1.842105
v -0.789474 -0.619541 -2.368421
v -0.789474 -0.878677 -2.894737
v -0.789474 -0.688353 -3.421053
v -0.789474 -0.463693 -3.947369
v -0.789474 -0.115701 -4.473684
v -0.789474 0.000000 -5.000000
v -0.263158 0.000000 5.000000
v -0.263158 -0.044825 4.473684
v -0.263158 -0.224681 3.947369
v -0.263158 -0.334879 3.421053
v -0.263158 -0.496584 2.894737
v -0.263158 -0.324970 2.368421
v -0.263158 -0.198619 1.842105
v -0.263158 -0.048931 1.315789
v -0.263158 -0.327355 0.789474
v -0.263158 -0.528146 0.263158
v -0.263158 -0.462846 -0.263158
v -0.263158 -0.661528 -0.789474
v -0.263158 -1.117311 -1.315789
v -0.263158 -0.818290 -1.842105
v -0.263158 -0.738091 -2.368421
v -0.263158 -0.606987 -2.894737
v -0.263158 -0.440304 -3.421053
v -0.263158 -0.305972 -3.947369
v -0.263158 -0.087737 -4.473684
v -0.263158 0.000000 -5.000000
v 0.263158 0.000000 5.000000
v 0.263158 -0.011594 4.473684
v 0.263158 -0.142087 3.947369
v 0.263158 -0.344676 3.421053
v 0.263158 -0.374796 2.894737
v 0.263158 -0.479635 2.368421
v 0.263158 -0.276421 1.842105
v 0.263158 0.082147 1.315789
v 0.263158 0.135819 0.789474
v 0.263158 -0.374799 0.263158
v 0.263158 -0.527926 -0.263158
v 0.263158 -1.051044 -0.789474
v 0.263158 -1.117206 -1.315789
v 0.263158 -1.125463 -1.842105
v 0.263158 -0.723247 -2.368421
v 0.263158 -0.410566 -2.894737
v 0.263158 -0.427135 -3.421053
v 0.263158 -0.344881 -3.947369
v 0.263158 -0.100462 -4.473684
v 0.263158 0.000000 -5.000000
v 0.789474 0.000000 5.000000
v 0.789474 0.035446 4.473684
v 0.789474 -0.070347 3.947369
v 0.789474 -0.068242 3.421053
v 0.789474 -0.183442 2.894737
v 0.789474 -0.229137 2.368421
v 0.789474 0.212179 1.842105
v 0.789474 0.375318 1.315789
v 0.789474 0.399063 0.789474
v 0.789474 0.025669 0.263158
v 0.789474 -0.716854 -0.263158
v 0.789474 -1.024899 -0.789474
v 0.789474 -1.159875 -1.315789
v 0.789474 -1.144562 -1.842105
v 0.789474 -0.920512 -2.368421
v 0.789474 -0.751150 -2.894737
v 0.789474 -0.448839 -3.421053
v 0.789474 -0.379323 -3.947369
v 0.789474 -0.099365 -4.473684
v 0.789474 0.000000 -5.000000
v 1.315789 0.000000 5.000000
v 1.315789 0.035405 4.473684
v 1.315789 0.073343 3.947369
v 1.315789 0.205889 3.421053
v 1.315789 0.273971 2.894737
v 1.315789 0.369133 2.368421
v 1.315789 0.792635 1.842105
v 1.315789 0.964563 1.315789
v 1.315789 0.910579 0.789474
v 1.315789 0.642956 0.263158
v 1.315789 0.085886 -0.263158
v 1.315789 -0.593810 -0.789474
v 1.315789 -1.048823 -1.315789
v 1.315789 -1.070537 -1.842105
v 1.315789 -0.981331 -2.368421
v 1.315789 -0.775369 -2.894737
v 1.315789 -0.477738 -3.421053
v 1.315789 -0.292779 -3.947369
v 1.315789 -0.067677 -4.473684
v 1.315789 0.000000 -5.000000
v 1.842105 0.000000 5.000000
v 1.842105 0.101327 4.473684
v 1.842105 0.243669 3.947369
v 1.842105 0.555030 3.421053
v 1.842105 0.812835 2.894737
v 1.842105 1.158555 2.368421
v 1.842105 1.503919 1.842105
v 1.842105 1.499407 1.315789
v 1.842105 1.220835 0.789474
v 1.842105 0.991350 0.263158
v 1.842105 0.753086 -0.263158
v 1.842105 0.138623 -0.789474
v 1.842105 -0.312880 -1.315789
v 1.842105 -0.486135 -1.842105
v 1.842105 -0.897253 -2.368421
v 1.842105 -0.710741 -2.894737
v 1.842105 -0.327065 -3.421053
v 1.842105 -0.096653 -3.947369
v 1.842105 -0.014666 -4.473684
v 1.842105 0.000000 -5.000000
v 2.368421 0.000000 5.000000
v 2.368421 0.130386 4.473684
v 2.368421 0.427051 3.947369
v 2.368421 0.903850 3.421053
v 2.368421 0.941184 2.894737
v 2.368421 0.998459 2.368421
v 2.368421 1.501245 1.842105
v 2.368421 1.644766 1.315789
v 2.368421 1.211011 0.789474
v 2.368421 0.910621 0.263158
v 2.368421 0.843515 -0.263158
v 2.368421 0.447950 -0.789474
v 2.368421 0.177677 -1.315789
v 2.368421 -0.284490 -1.842105
v 2.368421 -0.576744 -2.368421
v 2.368421 -0.421540 -2.894737
v 2.368421 -0.227387 -3.421053
v 2.368421 -0.088295 -3.947369
v 2.368421 -0.017524 -4.473684
v 2.368421 0.000000 -5.000000
v 2.894737 0.000000 5.000000
v 2.894737 0.093253 4.473684
v 2.894737 0.439494 3.947369
v 2.894737 0.855846 3.421053
v 2.894737 1.072141 2.894737
v 2.894737 1.303400 2.368421
v 2.894737 1.606895 1.842105
v 2.894737 1.618741 1.315789
v 2.894737 1.072479 0.789474
v 2.894737 0.976339 0.263158
v 2.894737 1.005197 -0.263158
v 2.894737 0.657632 -0.789474
v 2.894737 0.350638 -1.315789
v 2.894737 -0.010883 -1.842105
v 2.894737 -0.307406 -2.368421
v 2.894737 -0.244481 -2.894737
v 2.894737 -0.099201 -3.421053
v 2.894737 -0.105523 -3.947369
v 2.894737 -0.027144 -4.473684
v 2.894737 0.000000 -5.000000
v 3.421053 0.000000 5.000000
v 3.421053 0.036779 4.473684
v 3.421053 0.316184 3.947369
v 3.421053 0.825401 3.421053
v 3.421053 1.186626 2.894737
v 3.421053 1.319263 2.368421
v 3.421053 1.339357 1.842105
v 3.421053 1.073563 1.315789
v 3.421053 0.955049 0.789474
v 3.421053 0.809921 0.263158
v 3.421053 0.720045 -0.263158
v 3.421053 0.539136 -0.789474
v 3.421053 0.283702 -1.315789
v 3.421053 -0.059674 -1.842105
v 3.421053 -0.162600 -2.368421
v 3.421053 -0.096118 -2.894737
v 3.421053 -0.071600 -3.421053
v 3.421053 -0.097435 -3.947369
v 3.421053 -0.011044 -4.473684
v 3.421053 0.000000 -5.000000
v 3.947369 0.000000 5.000000
v 3.947369 0.000000 4.473684
v 3.947369 0.102629 3.947369
v 3.947369 0.379720 3.421053
v 3.947369 0.683050 2.894737
v 3.947369 0.774000 2.368421
v 3.947369 0.653987 1.842105
v 3.947369 0.649189 1.315789
v 3.947369 0.530840 0.789474
v 3.947369 0.460696 0.263158
v 3.947369 0.282944 -0.263158
v 3.947369 0.056576 -0.789474
v 3.947369 0.025198 -1.315789
v 3.947369 -0.089807 -1.842105
v 3.947369 -0.112180 -2.368421
v 3.947369 -0.171189 -2.894737
v 3.947369 -0.071848 -3.421053
v 3.947369 -0.032332 -3.947369
v 3.947369 0.000000 -4.473684
v 3.947369 0.000000 -5.000000
v 4.473684 0.000000 5.000000
v 4.473684 0.000000 4.473684
v 4.473684 0.000000 3.947369
v 4.473684 0.041017 3.421053
v 4.473684 0.137139 2.894737
v 4.473684 0.195658 2.368421
v 4.473684 0.196738 1.842105
v 4.473684 0.172575 1.315789
v 4.473684 0.188961 0.789474
v 4.473684 0.124174 0.263158
v 4.473684 0.051049 -0.263158
v 4.473684 -0.013818 -0.789474
v 4.473684 -0.077198 -1.315789
v 4.473684 -0.084349 -1.842105
v 4.473684 -0.056713 -2.368421
v 4.473684 -0.048079 -2.894737
v 4.473684 -0.011405 -3.421053
v 4.473684 0.000000 -3.947369
v 4.473684 0.000000 -4.473684
v 4.473684 0.000000 -5.000000
v 5.000000 0.000000 5.000000
v 5.000000 0.000000 4.473684
v 5.000000 0.000000 3.947369
v 5.000000 0.000000 3.421053
v 5.000000 0.000000 2.894737
v 5.000000 0.000000 2.368421
v 5.000000 0.000000 1.842105
v 5.000000 0.000000 1.315789
v 5.000000 0.000000 0.789474
v 5.000000 0.000000 0.263158
v 5.000000 0.000000 -0.263158
v 5.000000 0.000000 -0.789474
v 5.000000 0.000000 -1.315789
v 5.000000 0.000000 -1.842105
v 5.000000 0.000000 -2.368421
v 5.000000 0.000000 -2.894737
v 5.000000 0.000000 -3.421053
v 5.000000 0.000000 -3.947369
v 5.000000 0.000000 -4.473684
v 5.000000 0.000000 -5.000000
s 1
f 2 1 21 22
f 3 2 22 23
f 4 3 23 24
f 5 4 24 25
f 6 5 25 26
f 7 6 26 27
f 8 7 27 28
f 9 8 28 29
f 10 9 29 30
f 11 10 30 31
f 12 11 31 32
f 13 12 32 33
f 14 13 33 34
f 15 14 34 35
f 16 15 35 36
f 17 16 36 37
f 18 17 37 38
f 19 18 38 39
f 20 19 39 40
f 22 21 41 42
f 23 22 42 43
f 24 23 43 44
f 25 24 44 45
f 26 25 45 46
f 27 26 46 47
f 28 27 47 48
f 29 28 48 49
f 30 29 49 50
f 31 30 50 51
f 32 31 51 52
f 33 32 52 53
f 34 33 53 54
f 35 34 54 55
f 36 35 55 56
f 37 36 56 57
f 38 37 57 58
f 39 38 58 59
f 40 39 59 60
f 42 41 61 62
f 43 42 62 63
f 44 43 63 64
f 45 44 64 65
f 46 45 65 66
f 47 46 66 67
f 48 47 67 68
f 49 48 68 69
f 50 49 69 70
f 51 50 70 71
f 52 51 71 72
f 53 52 72 73
f 54 53 73 74
f 55 54 74 75
f 56 55 75 76
f 57 56 76 77
f 58 57 77 78
f 59 58 78 79
f 60 59 79 80
f 62 61 81 82
f 63 62 82 83
f 64 63 83 84
f 65 64 84 85
f 66 65 85 86
f 67 66 86 87
f 68 67 87 88
f 69 68 88 89
f 70 69 89 90
f 71 70 90 91
f 72 71 91 92
f 73 72 92 93
f 74 73 93 94
f 75 74 94 95
f 76 75 95 96
f 77 76 96 97
f 78 77 97 98
f 79 78 98 99
f 80 79 99 100
f 82 81 101 102
f 83 82 102 103
f 84 83 103 104
f 85 84 104 105
f 86 85 105 106
f 87 86 106 107
f 88 87 107 108
f 89 88 108 109
f 90 89 109 110
f 91 90 110 111
f 92 91 111 112
f 93 92 112 113
f 94 93 113 114
f 95 94 114 115
f 96 95 115 116
f 97 96 116 117
f 98 97 117 118
f 99 98 118 119
f 100 99 119 120
f 102 101 121 122
f 103 102 122 123
f 104 103 123 124
f 105 104 124 125
f 106 105 125 126
f 107 106 126 127
f 108 107 127 128
f 109 108 128 129
f 110 109 129 130
f 111 110 130 131
f 112 111 131 132
f 113 112 132 133
f 114 113 133 134
f 115 114 134 135
f 116 115 135 136
f 117 116 136 137
f 118 117 137 138
f 119 118 138 139
f 120 119 139 140
f 122 121 141 142
f 123 122 142 143
f 124 123 143 144
f 125 124 144 145
f 126 125 145 146
f 127 126 146 147
f 128 127 147 148
f 129 128 148 149
f 130 129 149 150
f 131 130 150 151
f 132 131 151 152
f 133 132 152 153
f 134 133 153 154
f 135 134 154 155
f 136 135 155 156
f 137 136 156 157
f 138 137 157 158
f 139 138 158 159
f 140 139 159 160
f 142 141 161 162
f 143 142 162 163
f 144 143 163 164
f 145 144 164 165
f 146 145 165 166
f 147 146 166 167
f 148 147 167 168
f 149 148 168 169
f 150 149 169 170
f 151 150 170 171
f 152 151 171 172
f 153 152 172 173
f 154 153 173 174
f 155 154 174 175
f 156 155 175 176
f 157 156 176 177
f 158 157 177 178
f 159 158 178 179
f 160 159 179 180
f 162 161 181 182
f 163 162 182 183
f 164 163 183 184
f 165 164 184 185
f 166 165 185 186
f 167 166 186 187
f 168 167 187 188
f 169 168 188 189
f 170 169 189 190
f 171 170 190 191
f 172 171 191 192
f 173 172 192 193
f 174 173 193 194
f 175 174 194 195
f 176 175 195 196
f 177 176 196 197
f 178 177 197 198
f 179 178 198 199
f 180 179 199 200
f 182 181 201 202
f 183 182 202 203
f 184 183 203 204
f 185 184 204 205
f 186 185 205 206
f 187 186 206 207
f 188 187 207 208
f 189 188 208 209
f 190 189 209 210
f 191 190 210 211
f 192 191 211 212
f 193 192 212 213
f 194 193 213 214
f 195 194 214 215
f 196 195 215 216
f 197 196 216 217
f 198 197 217 218
f 199 198 218 219
f 200 199 219 220
f 202 201 221 222
f 203 202 222 223
f 204 203 223 224
f 205 204 224 225
f 206 205 225 226
f 207 206 226 227
f 208 207 227 228
f 209 208 228 229
f 210 209 229 230
f 211 210 230 231
f 212 211 231 232
f 213 212 232 233
f 214 213 233 234
f 215 214 234 235
f 216 215 235 236
f 217 216 236 237
f 218 217 237 238
f 219 218 238 239
f 220 219 239 240
f 222 221 241 242
f 223 222 242 243
f 224 223 243 244
f 225 224 244 245
f 226 225 245 246
f 227 226 246 247
f 228 227 247 248
f 229 228 248 249
f 230 229 249 250
f 231 230 250 251
f 232 231 251 252
f 233 232 252 253
f 234 233 253 254
f 235 234 254 255
f 236 235 255 256
f 237 236 256 257
f 238 237 257 258
f 239 238 258 259
f 240 239 259 260
f 242 241 261 262
f 243 242 262 263
f 244 243 263 264
f 245 244 264 265
f 246 245 265 266
f 247 246 266 267
f 248 247 267 268
f 249 248 268 269
f 250 249 269 270
f 251 250 270 271
f 252 251 271 272
f 253 252 272 273
f 254 253 273 274
f 255 254 274 275
f 256 255 275 276
f 257 256 276 277
f 258 257 277 278
f 259 258 278 279
f 260 259 279 280
f 262 261 281 282
f 263 262 282 283
f 264 263 283 284
f 265 264 284 285
f 266 265 285 286
f 267 266 286 287
f 268 267 287 288
f 269 268 288 289
f 270 269 289 290
f 271 270 290 291
f 272 271 291 292
f 273 272 292 293
f 274 273 293 294
f 275 274 294 295
f 276 275 295 296
f 277 276 296 297
f 278 277 297 298
f 279 278 298 299
f 280 279 299 300
f 282 281 301 302
f 283 282 302 303
f 284 283 303 304
f 285 284 304 305
f 286 285 305 306
f 287 286 306 307
f 288 287 307 308
f 289 288 308 309
f 290 289 309 310
f 291 290 310 311
f 292 291 311 312
f 293 292 312 313
f 294 293 313 314
f 295 294 314 315
f 296 295 315 316
f 297 296 316 317
f 298 297 317 318
f 299 298 318 319
f 300 299 319 320
f 302 301 321 322
f 303 302 322 323
f 304 303 323 324
f 305 304 324 325
f 306 305 325 326
f 307 306 326 327
f 308 307 327 328
f 309 308 328 329
f 310 309 329 330
f 311 310 330 331
f 312 311 331 332
f 313 312 332 333
f 314 313 333 334
f 315 314 334 335
f 316 315 335 336
f 317 316 336 337
f 318 317 337 338
f 319 318 338 339
f 320 319 339 340
f 322 321 341 342
f 323 322 342 343
f 324 323 343 344
f 325 324 344 345
f 326 325 345 346
f 327 326 346 347
f 328 327 347 348
f 329 328 348 349
f 330 329 349 350
f 331 330 350 351
f 332 331 351 352
f 333 332 352 353
f 334 333 353 354
f 335 334 354 355
f 336 335 355 356
f 337 336 356 357
f 338 337 357 358
f 339 338 358 359
f 340 339 359 360
f 342 341 361 362
f 343 342 362 363
f 344 343 363 364
f 345 344 364 365
f 346 345 365 366
f 347 346 366 367
f 348 347 367 368
f 349 348 368 369
f 350 349 369 370
f 351 350 370 371
f 352 351 371 372
f 353 352 372 373
f 354 353 373 374
f 355 354 374 375
f 356 355 375 376
f 357 356 376 377
f 358 357 377 378
f 359 358 378 379
f 360 359 379 380
f 362 361 381 382
f 363 362 382 383
f 364 363 383 384
f 365 364 384 385
f 366 365 385 386
f 367 366 386 387
f 368 367 387 388
f 369 368 388 389
f 370 369 389 390
f 371 370 390 391
f 372 371 391 392
f 373 372 392 393
f 374 373 393 394
f 375 374 394 395
f 376 375 395 396
f 377 376 396 397
f 378 377 397 398
f 379 378 398 399
f 380 379 399 400
