# Blender v2.79 (sub 0) OBJ File: ''
# www.blender.org
v -5.000000 0.000000 5.000000
v -5.000000 0.000000 4.714286
v -5.000000 0.000000 4.428572
v -5.000000 0.000000 4.142857
v -5.000000 0.000000 3.857143
v -5.000000 0.000000 3.571429
v -5.000000 0.000000 3.285714
v -5.000000 0.000000 3.000000
v -5.000000 0.000000 2.714286
v -5.000000 0.000000 2.428571
v -5.000000 0.000000 2.142857
v -5.000000 0.000000 1.857143
v -5.000000 0.000000 1.571429
v -5.000000 0.000000 1.285714
v -5.000000 0.000000 1.000000
v -5.000000 0.000000 0.714286
v -5.000000 0.000000 0.428571
v -5.000000 0.000000 0.142857
v -5.000000 0.000000 -0.142857
v -5.000000 0.000000 -0.428571
v -5.000000 0.000000 -0.714286
v -5.000000 0.000000 -1.000000
v -5.000000 0.000000 -1.285714
v -5.000000 0.000000 -1.571429
v -5.000000 0.000000 -1.857143
v -5.000000 0.000000 -2.142857
v -5.000000 0.000000 -2.428571
v -5.000000 0.000000 -2.714286
v -5.000000 0.000000 -3.000000
v -5.000000 0.000000 -3.285714
v -5.000000 0.000000 -3.571429
v -5.000000 0.000000 -3.857143
v -5.000000 0.000000 -4.142857
v -5.000000 0.000000 -4.428572
v -5.000000 0.000000 -4.714286
v -5.000000 0.000000 -5.000000
v -4.714286 0.000000 5.000000
v -4.714286 0.000000 4.714286
v -4.714286 0.000000 4.428572
v -4.714286 0.000000 4.142857
v -4.714286 0.000000 3.857143
v -4.714286 0.000000 3.571429
v -4.714286 0.000490 3.285714
v -4.714286 0.008380 3.000000
v -4.714286 0.020682 2.714286
v -4.714286 0.035914 2.428571
v -4.714286 0.050027 2.142857
v -4.714286 0.060270 1.857143
v -4.714286 0.062568 1.571429
v -4.714286 0.071900 1.285714
v -4.714286 0.082106 1.000000
v -4.714286 0.076584 0.714286
v -4.714286 0.064964 0.428571
v -4.714286 0.059816 0.142857
v -4.714286 0.070063 -0.142857
v -4.714286 0.077480 -0.428571
v -4.714286 0.065726 -0.714286
v -4.714286 0.053671 -1.000000
v -4.714286 0.042512 -1.285714
v -4.714286 0.026996 -1.571429
v -4.714286 0.023772 -1.857143
v -4.714286 0.021225 -2.142857
v -4.714286 0.015885 -2.428571
v -4.714286 0.004813 -2.714286
v -4.714286 0.000205 -3.000000
v -4.714286 -0.000125 -3.285714
v -4.714286 0.000000 -3.571429
v -4.714286 0.000000 -3.857143
v -4.714286 0.000000 -4.142857
v -4.714286 0.000000 -4.428572
v -4.714286 0.000000 -4.714286
v -4.714286 0.000000 -5.000000
v -4.428572 0.000000 5.000000
v -4.428572 0.000000 4.714286
v -4.428572 0.000000 4.428572
v -4.428572 0.000000 4.142857
v -4.428572 0.000411 3.857143
v -4.428572 0.008889 3.571429
v -4.428572 0.030035 3.285714
v -4.428572 0.072690 3.000000
v -4.428572 0.100313 2.714286
v -4.428572 0.133831 2.428571
v -4.428572 0.164397 2.142857
v -4.428572 0.202728 1.857143
v -4.428572 0.226888 1.571429
v -4.428572 0.234825 1.285714
v -4.428572 0.272719 1.000000
v -4.428572 0.278503 0.714286
v -4.428572 0.250714 0.428571
v -4.428572 0.256521 0.142857
v -4.428572 0.271162 -0.142857
v -4.428572 0.269657 -0.428571
v -4.428572 0.219131 -0.714286
v -4.428572 0.164979 -1.000000
v -4.428572 0.134852 -1.285714
v -4.428572 0.089483 -1.571429
v -4.428572 0.077990 -1.857143
v -4.428572 0.083833 -2.142857
v -4.428572 0.049453 -2.428571
v -4.428572 0.020871 -2.714286
v -4.428572 -0.002792 -3.000000
v -4.428572 -0.010575 -3.285714
v -4.428572 -0.006520 -3.571429
v -4.428572 -0.000443 -3.857143
v -4.428572 0.000000 -4.142857
v -4.428572 0.000000 -4.428572
v -4.428572 0.000000 -4.714286
v -4.428572 0.000000 -5.000000
v -4.142857 0.000000 5.000000
v -4.142857 0.000000 4.714286
v -4.142857 0.000000 4.428572
v -4.142857 0.000251 4.142857
v -4.142857 0.007383 3.857143
v -4.142857 0.020965 3.571429
v -4.142857 0.047733 3.285714
v -4.142857 0.114592 3.000000
v -4.142857 0.172881 2.714286
v -4.142857 0.241003 2.428571
v -4.142857 0.277492 2.142857
v -4.142857 0.354564 1.857143
v -4.142857 0.427801 1.571429
v -4.142857 0.460115 1.285714
v -4.142857 0.533269 1.000000
v -4.142857 0.520294 0.714286
v -4.142857 0.538058 0.428571
v -4.142857 0.541386 0.142857
v -4.142857 0.520710 -0.142857
v -4.142857 0.465563 -0.428571
v -4.142857 0.415319 -0.714286
v -4.142857 0.316384 -1.000000
v -4.142857 0.218802 -1.285714
v -4.142857 0.132682 -1.571429
v -4.142857 0.123221 -1.857143
v -4.142857 0.137780 -2.142857
v -4.142857 0.061802 -2.428571
v -4.142857 0.015710 -2.714286
v -4.142857 -0.027346 -3.000000
v -4.142857 -0.039880 -3.285714
v -4.142857 -0.034320 -3.571429
v -4.142857 -0.019273 -3.857143
v -4.142857 -0.002116 -4.142857
v -4.142857 0.000000 -4.428572
v -4.142857 0.000000 -4.714286
v -4.142857 0.000000 -5.000000
v -3.857143 0.000000 5.000000
v -3.857143 0.000000 4.714286
v -3.857143 -0.000229 4.428572
v -3.857143 -0.005195 4.142857
v -3.857143 -0.009833 3.857143
v -3.857143 -0.007235 3.571429
v -3.857143 -0.009807 3.285714
v -3.857143 0.057759 3.000000
v -3.857143 0.179838 2.714286
v -3.857143 0.322989 2.428571
v -3.857143 0.423469 2.142857
v -3.857143 0.555799 1.857143
v -3.857143 0.619338 1.571429
v -3.857143 0.695326 1.285714
v -3.857143 0.793860 1.000000
v -3.857143 0.822479 0.714286
v -3.857143 0.842727 0.428571
v -3.857143 0.813501 0.142857
v -3.857143 0.781509 -0.142857
v -3.857143 0.726710 -0.428571
v -3.857143 0.580758 -0.714286
v -3.857143 0.398473 -1.000000
v -3.857143 0.251019 -1.285714
v -3.857143 0.127601 -1.571429
v -3.857143 0.173917 -1.857143
v -3.857143 0.168296 -2.142857
v -3.857143 0.047356 -2.428571
v -3.857143 -0.042276 -2.714286
v -3.857143 -0.066252 -3.000000
v -3.857143 -0.120572 -3.285714
v -3.857143 -0.107343 -3.571429
v -3.857143 -0.074938 -3.857143
v -3.857143 -0.025990 -4.142857
v -3.857143 -0.000912 -4.428572
v -3.857143 0.000000 -4.714286
v -3.857143 0.000000 -5.000000
v -3.571429 0.000000 5.000000
v -3.571429 0.000000 4.714286
v -3.571429 -0.004670 4.428572
v -3.571429 -0.021215 4.142857
v -3.571429 -0.024377 3.857143
v -3.571429 -0.057647 3.571429
v -3.571429 -0.025507 3.285714
v -3.571429 0.043024 3.000000
v -3.571429 0.086782 2.714286
v -3.571429 0.321984 2.428571
v -3.571429 0.442643 2.142857
v -3.571429 0.587247 1.857143
v -3.571429 0.718098 1.571429
v -3.571429 0.826730 1.285714
v -3.571429 0.962701 1.000000
v -3.571429 1.045437 0.714286
v -3.571429 1.036612 0.428571
v -3.571429 1.121683 0.142857
v -3.571429 1.123063 -0.142857
v -3.571429 1.000478 -0.428571
v -3.571429 0.762233 -0.714286
v -3.571429 0.520719 -1.000000
v -3.571429 0.321953 -1.285714
v -3.571429 0.189323 -1.571429
v -3.571429 0.148504 -1.857143
v -3.571429 0.085424 -2.142857
v -3.571429 -0.046625 -2.428571
v -3.571429 -0.150796 -2.714286
v -3.571429 -0.161430 -3.000000
v -3.571429 -0.234943 -3.285714
v -3.571429 -0.227316 -3.571429
v -3.571429 -0.156800 -3.857143
v -3.571429 -0.081301 -4.142857
v -3.571429 -0.015902 -4.428572
v -3.571429 0.000000 -4.714286
v -3.571429 0.000000 -5.000000
v -3.285714 0.000000 5.000000
v -3.285714 -0.000343 4.714286
v -3.285714 -0.017067 4.428572
v -3.285714 -0.047944 4.142857
v -3.285714 -0.100433 3.857143
v -3.285714 -0.118847 3.571429
v -3.285714 -0.168052 3.285714
v -3.285714 -0.093948 3.000000
v -3.285714 -0.037100 2.714286
v -3.285714 0.184851 2.428571
v -3.285714 0.299362 2.142857
v -3.285714 0.511054 1.857143
v -3.285714 0.696650 1.571429
v -3.285714 0.883599 1.285714
v -3.285714 1.060505 1.000000
v -3.285714 1.138521 0.714286
v -3.285714 1.295619 0.428571
v -3.285714 1.439833 0.142857
v -3.285714 1.462549 -0.142857
v -3.285714 1.144776 -0.428571
v -3.285714 0.880002 -0.714286
v -3.285714 0.603236 -1.000000
v -3.285714 0.340209 -1.285714
v -3.285714 0.129242 -1.571429
v -3.285714 -0.014458 -1.857143
v -3.285714 -0.042602 -2.142857
v -3.285714 -0.123861 -2.428571
v -3.285714 -0.234268 -2.714286
v -3.285714 -0.319339 -3.000000
v -3.285714 -0.369390 -3.285714
v -3.285714 -0.330225 -3.571429
v -3.285714 -0.254703 -3.857143
v -3.285714 -0.147720 -4.142857
v -3.285714 -0.049719 -4.428572
v -3.285714 -0.000731 -4.714286
v -3.285714 0.000000 -5.000000
v -3.000000 0.000000 5.000000
v -3.000000 -0.005134 4.714286
v -3.000000 -0.047414 4.428572
v -3.000000 -0.110665 4.142857
v -3.000000 -0.208797 3.857143
v -3.000000 -0.283138 3.571429
v -3.000000 -0.353467 3.285714
v -3.000000 -0.367034 3.000000
v -3.000000 -0.191364 2.714286
v -3.000000 0.088066 2.428571
v -3.000000 0.264174 2.142857
v -3.000000 0.479054 1.857143
v -3.000000 0.614349 1.571429
v -3.000000 0.749371 1.285714
v -3.000000 1.025783 1.000000
v -3.000000 1.247230 0.714286
v -3.000000 1.509997 0.428571
v -3.000000 1.707145 0.142857
v -3.000000 1.608981 -0.142857
v -3.000000 1.135849 -0.428571
v -3.000000 0.860871 -0.714286
v -3.000000 0.510867 -1.000000
v -3.000000 0.188344 -1.285714
v -3.000000 0.048518 -1.571429
v -3.000000 -0.171836 -1.857143
v -3.000000 -0.295335 -2.142857
v -3.000000 -0.285597 -2.428571
v -3.000000 -0.357827 -2.714286
v -3.000000 -0.409005 -3.000000
v -3.000000 -0.439576 -3.285714
v -3.000000 -0.408668 -3.571429
v -3.000000 -0.324267 -3.857143
v -3.000000 -0.206772 -4.142857
v -3.000000 -0.087618 -4.428572
v -3.000000 -0.008731 -4.714286
v -3.000000 0.000000 -5.000000
v -2.714286 0.000000 5.000000
v -2.714286 -0.015147 4.714286
v -2.714286 -0.093384 4.428572
v -2.714286 -0.238862 4.142857
v -2.714286 -0.369077 3.857143
v -2.714286 -0.494022 3.571429
v -2.714286 -0.555759 3.285714
v -2.714286 -0.478437 3.000000
v -2.714286 -0.354576 2.714286
v -2.714286 -0.141943 2.428571
v -2.714286 0.013493 2.142857
v -2.714286 0.208251 1.857143
v -2.714286 0.395070 1.571429
v -2.714286 0.580780 1.285714
v -2.714286 0.856208 1.000000
v -2.714286 1.263363 0.714286
v -2.714286 1.724105 0.428571
v -2.714286 1.701307 0.142857
v -2.714286 1.434628 -0.142857
v -2.714286 1.086834 -0.428571
v -2.714286 0.821193 -0.714286
v -2.714286 0.472348 -1.000000
v -2.714286 0.138155 -1.285714
v -2.714286 -0.100320 -1.571429
v -2.714286 -0.376157 -1.857143
v -2.714286 -0.474706 -2.142857
v -2.714286 -0.507276 -2.428571
v -2.714286 -0.449511 -2.714286
v -2.714286 -0.456716 -3.000000
v -2.714286 -0.490729 -3.285714
v -2.714286 -0.355567 -3.571429
v -2.714286 -0.314057 -3.857143
v -2.714286 -0.223393 -4.142857
v -2.714286 -0.113487 -4.428572
v -2.714286 -0.020649 -4.714286
v -2.714286 0.000000 -5.000000
v -2.428571 0.000000 5.000000
v -2.428571 -0.028739 4.714286
v -2.428571 -0.138410 4.428572
v -2.428571 -0.307249 4.142857
v -2.428571 -0.487014 3.857143
v -2.428571 -0.600068 3.571429
v -2.428571 -0.700173 3.285714
v -2.428571 -0.605106 3.000000
v -2.428571 -0.435913 2.714286
v -2.428571 -0.237580 2.428571
v -2.428571 -0.177371 2.142857
v -2.428571 -0.002525 1.857143
v -2.428571 0.163868 1.571429
v -2.428571 0.469001 1.285714
v -2.428571 0.872598 1.000000
v -2.428571 1.577993 0.714286
v -2.428571 1.996299 0.428571
v -2.428571 1.763268 0.142857
v -2.428571 1.450130 -0.142857
v -2.428571 0.978120 -0.428571
v -2.428571 0.805850 -0.714286
v -2.428571 0.471980 -1.000000
v -2.428571 0.068353 -1.285714
v -2.428571 -0.217322 -1.571429
v -2.428571 -0.408456 -1.857143
v -2.428571 -0.462556 -2.142857
v -2.428571 -0.523471 -2.428571
v -2.428571 -0.503166 -2.714286
v -2.428571 -0.566628 -3.000000
v -2.428571 -0.423247 -3.285714
v -2.428571 -0.344150 -3.571429
v -2.428571 -0.290692 -3.857143
v -2.428571 -0.204150 -4.142857
v -2.428571 -0.096333 -4.428572
v -2.428571 -0.027879 -4.714286
v -2.428571 0.000000 -5.000000
v -2.142857 0.000000 5.000000
v -2.142857 -0.037157 4.714286
v -2.142857 -0.149815 4.428572
v -2.142857 -0.314857 4.142857
v -2.142857 -0.469767 3.857143
v -2.142857 -0.539289 3.571429
v -2.142857 -0.689756 3.285714
v -2.142857 -0.493466 3.000000
v -2.142857 -0.331776 2.714286
v -2.142857 -0.273755 2.428571
v -2.142857 -0.332274 2.142857
v -2.142857 -0.087844 1.857143
v -2.142857 0.242684 1.571429
v -2.142857 0.638891 1.285714
v -2.142857 1.106383 1.000000
v -2.142857 1.542702 0.714286
v -2.142857 1.935276 0.428571
v -2.142857 1.861664 0.142857
v -2.142857 1.576758 -0.142857
v -2.142857 1.148385 -0.428571
v -2.142857 0.883233 -0.714286
v -2.142857 0.398720 -1.000000
v -2.142857 -0.121708 -1.285714
v -2.142857 -0.427893 -1.571429
v -2.142857 -0.550295 -1.857143
v -2.142857 -0.572302 -2.142857
v -2.142857 -0.418764 -2.428571
v -2.142857 -0.427445 -2.714286
v -2.142857 -0.399612 -3.000000
v -2.142857 -0.362617 -3.285714
v -2.142857 -0.306188 -3.571429
v -2.142857 -0.293778 -3.857143
v -2.142857 -0.215684 -4.142857
v -2.142857 -0.123867 -4.428572
v -2.142857 -0.032367 -4.714286
v -2.142857 0.000000 -5.000000
v -1.857143 0.000000 5.000000
v -1.857143 -0.034276 4.714286
v -1.857143 -0.137324 4.428572
v -1.857143 -0.306603 4.142857
v -1.857143 -0.433975 3.857143
v -1.857143 -0.400508 3.571429
v -1.857143 -0.454140 3.285714
v -1.857143 -0.405136 3.000000
v -1.857143 -0.303180 2.714286
v -1.857143 -0.257140 2.428571
v -1.857143 -0.227635 2.142857
v -1.857143 -0.143256 1.857143
v -1.857143 0.314720 1.571429
v -1.857143 0.870652 1.285714
v -1.857143 1.158826 1.000000
v -1.857143 1.465645 0.714286
v -1.857143 1.456364 0.428571
v -1.857143 1.474875 0.142857
v -1.857143 1.343116 -0.142857
v -1.857143 1.067146 -0.428571
v -1.857143 0.681683 -0.714286
v -1.857143 0.249765 -1.000000
v -1.857143 -0.230024 -1.285714
v -1.857143 -0.482492 -1.571429
v -1.857143 -0.556627 -1.857143
v -1.857143 -0.481098 -2.142857
v -1.857143 -0.483817 -2.428571
v -1.857143 -0.346722 -2.714286
v -1.857143 -0.406781 -3.000000
v -1.857143 -0.425763 -3.285714
v -1.857143 -0.337523 -3.571429
v -1.857143 -0.310904 -3.857143
v -1.857143 -0.242943 -4.142857
v -1.857143 -0.103840 -4.428572
v -1.857143 -0.031171 -4.714286
v -1.857143 0.000000 -5.000000
v -1.571429 0.000000 5.000000
v -1.571429 -0.030621 4.714286
v -1.571429 -0.131094 4.428572
v -1.571429 -0.276091 4.142857
v -1.571429 -0.405512 3.857143
v -1.571429 -0.348569 3.571429
v -1.571429 -0.430103 3.285714
v -1.571429 -0.512351 3.000000
v -1.571429 -0.375846 2.714286
v -1.571429 -0.371823 2.428571
v -1.571429 -0.216608 2.142857
v -1.571429 0.072260 1.857143
v -1.571429 0.445233 1.571429
v -1.571429 1.034584 1.285714
v -1.571429 0.993480 1.000000
v -1.571429 1.011040 0.714286
v -1.571429 1.036121 0.428571
v -1.571429 0.797119 0.142857
v -1.571429 0.926533 -0.142857
v -1.571429 0.747455 -0.428571
v -1.571429 0.518267 -0.714286
v -1.571429 -0.058967 -1.000000
v -1.571429 -0.406272 -1.285714
v -1.571429 -0.643296 -1.571429
v -1.571429 -0.658479 -1.857143
v -1.571429 -0.694828 -2.142857
v -1.571429 -0.676171 -2.428571
v -1.571429 -0.385075 -2.714286
v -1.571429 -0.423820 -3.000000
v -1.571429 -0.485286 -3.285714
v -1.571429 -0.509812 -3.571429
v -1.571429 -0.457371 -3.857143
v -1.571429 -0.283992 -4.142857
v -1.571429 -0.113517 -4.428572
v -1.571429 -0.029159 -4.714286
v -1.571429 0.000000 -5.000000
v -1.285714 0.000000 5.000000
v -1.285714 -0.031325 4.714286
v -1.285714 -0.104003 4.428572
v -1.285714 -0.244194 4.142857
v -1.285714 -0.364078 3.857143
v -1.285714 -0.435640 3.571429
v -1.285714 -0.607524 3.285714
v -1.285714 -0.521185 3.000000
v -1.285714 -0.476695 2.714286
v -1.285714 -0.442179 2.428571
v -1.285714 -0.252221 2.142857
v -1.285714 0.159587 1.857143
v -1.285714 0.547787 1.571429
v -1.285714 0.973831 1.285714
v -1.285714 1.065901 1.000000
v -1.285714 0.817570 0.714286
v -1.285714 0.480367 0.428571
v -1.285714 0.175029 0.142857
v -1.285714 0.267287 -0.142857
v -1.285714 0.454370 -0.428571
v -1.285714 0.318755 -0.714286
v -1.285714 -0.240298 -1.000000
v -1.285714 -0.623645 -1.285714
v -1.285714 -0.695762 -1.571429
v -1.285714 -0.721196 -1.857143
v -1.285714 -0.831975 -2.142857
v -1.285714 -0.879858 -2.428571
v -1.285714 -0.677480 -2.714286
v -1.285714 -0.611817 -3.000000
v -1.285714 -0.518720 -3.285714
v -1.285714 -0.550943 -3.571429
v -1.285714 -0.491982 -3.857143
v -1.285714 -0.343424 -4.142857
v -1.285714 -0.144517 -4.428572
v -1.285714 -0.035365 -4.714286
v -1.285714 0.000000 -5.000000
v -1.000000 0.000000 5.000000
v -1.000000 -0.027443 4.714286
v -1.000000 -0.094204 4.428572
v -1.000000 -0.218126 4.142857
v -1.000000 -0.319939 3.857143
v -1.000000 -0.433164 3.571429
v -1.000000 -0.509560 3.285714
v -1.000000 -0.533443 3.000000
v -1.000000 -0.417600 2.714286
v -1.000000 -0.320757 2.428571
v -1.000000 -0.162625 2.142857
v -1.000000 0.140059 1.857143
v -1.000000 0.618260 1.571429
v -1.000000 0.552355 1.285714
v -1.000000 0.770552 1.000000
v -1.000000 0.503755 0.714286
v -1.000000 0.179051 0.428571
v -1.000000 -0.163575 0.142857
v -1.000000 -0.052362 -0.142857
v -1.000000 0.042665 -0.428571
v -1.000000 -0.130820 -0.714286
v -1.000000 -0.554592 -1.000000
v -1.000000 -0.646957 -1.285714
v -1.000000 -0.554495 -1.571429
v -1.000000 -0.524745 -1.857143
v -1.000000 -0.664408 -2.142857
v -1.000000 -0.780712 -2.428571
v -1.000000 -0.721354 -2.714286
v -1.000000 -0.778742 -3.000000
v -1.000000 -0.715270 -3.285714
v -1.000000 -0.619024 -3.571429
v -1.000000 -0.551680 -3.857143
v -1.000000 -0.324655 -4.142857
v -1.000000 -0.136715 -4.428572
v -1.000000 -0.037025 -4.714286
v -1.000000 0.000000 -5.000000
v -0.714286 0.000000 5.000000
v -0.714286 -0.022999 4.714286
v -0.714286 -0.076688 4.428572
v -0.714286 -0.205984 4.142857
v -0.714286 -0.341264 3.857143
v -0.714286 -0.341329 3.571429
v -0.714286 -0.599511 3.285714
v -0.714286 -0.623832 3.000000
v -0.714286 -0.488414 2.714286
v -0.714286 -0.436479 2.428571
v -0.714286 -0.146187 2.142857
v -0.714286 0.149154 1.857143
v -0.714286 0.308005 1.571429
v -0.714286 0.326987 1.285714
v -0.714286 0.356290 1.000000
v -0.714286 0.182150 0.714286
v -0.714286 -0.060935 0.428571
v -0.714286 -0.419928 0.142857
v -0.714286 -0.250080 -0.142857
v -0.714286 -0.170447 -0.428571
v -0.714286 -0.419690 -0.714286
v -0.714286 -0.766762 -1.000000
v -0.714286 -0.791482 -1.285714
v -0.714286 -0.671128 -1.571429
v -0.714286 -0.604112 -1.857143
v -0.714286 -0.555366 -2.142857
v -0.714286 -0.558348 -2.428571
v -0.714286 -0.618835 -2.714286
v -0.714286 -0.832502 -3.000000
v -0.714286 -0.731468 -3.285714
v -0.714286 -0.621291 -3.571429
v -0.714286 -0.505547 -3.857143
v -0.714286 -0.281539 -4.142857
v -0.714286 -0.127808 -4.428572
v -0.714286 -0.034265 -4.714286
v -0.714286 0.000000 -5.000000
v -0.428571 0.000000 5.000000
v -0.428571 -0.011419 4.714286
v -0.428571 -0.073868 4.428572
v -0.428571 -0.149044 4.142857
v -0.428571 -0.238067 3.857143
v -0.428571 -0.261973 3.571429
v -0.428571 -0.428027 3.285714
v -0.428571 -0.508335 3.000000
v -0.428571 -0.462911 2.714286
v -0.428571 -0.297382 2.428571
v -0.428571 -0.232056 2.142857
v -0.428571 -0.015827 1.857143
v -0.428571 0.092581 1.571429
v -0.428571 0.075028 1.285714
v -0.428571 -0.090490 1.000000
v -0.428571 -0.296836 0.714286
v -0.428571 -0.232610 0.428571
v -0.428571 -0.488440 0.142857
v -0.428571 -0.400470 -0.142857
v -0.428571 -0.514885 -0.428571
v -0.428571 -0.629063 -0.714286
v -0.428571 -0.861977 -1.000000
v -0.428571 -1.094146 -1.285714
v -0.428571 -0.975193 -1.571429
v -0.428571 -0.839069 -1.857143
v -0.428571 -0.619814 -2.142857
v -0.428571 -0.638066 -2.428571
v -0.428571 -0.598119 -2.714286
v -0.428571 -0.669172 -3.000000
v -0.428571 -0.647412 -3.285714
v -0.428571 -0.500082 -3.571429
v -0.428571 -0.415736 -3.857143
v -0.428571 -0.263688 -4.142857
v -0.428571 -0.109504 -4.428572
v -0.428571 -0.030318 -4.714286
v -0.428571 0.000000 -5.000000
v -0.142857 0.000000 5.000000
v -0.142857 -0.004431 4.714286
v -0.142857 -0.057219 4.428572
v -0.142857 -0.187660 4.142857
v -0.142857 -0.221711 3.857143
v -0.142857 -0.265991 3.571429
v -0.142857 -0.410141 3.285714
v -0.142857 -0.448351 3.000000
v -0.142857 -0.530158 2.714286
v -0.142857 -0.373252 2.428571
v -0.142857 -0.436521 2.142857
v -0.142857 -0.286207 1.857143
v -0.142857 -0.270800 1.571429
v -0.142857 0.013858 1.285714
v -0.142857 -0.077916 1.000000
v -0.142857 -0.325549 0.714286
v -0.142857 -0.428672 0.428571
v -0.142857 -0.567421 0.142857
v -0.142857 -0.485163 -0.142857
v -0.142857 -0.525946 -0.428571
v -0.142857 -0.611648 -0.714286
v -0.142857 -0.958797 -1.000000
v -0.142857 -1.085101 -1.285714
v -0.142857 -1.034310 -1.571429
v -0.142857 -0.788044 -1.857143
v -0.142857 -0.797383 -2.142857
v -0.142857 -0.644889 -2.428571
v -0.142857 -0.608023 -2.714286
v -0.142857 -0.449414 -3.000000
v -0.142857 -0.425636 -3.285714
v -0.142857 -0.390525 -3.571429
v -0.142857 -0.352005 -3.857143
v -0.142857 -0.218343 -4.142857
v -0.142857 -0.096225 -4.428572
v -0.142857 -0.027666 -4.714286
v -0.142857 0.000000 -5.000000
v 0.142857 0.000000 5.000000
v 0.142857 -0.004107 4.714286
v 0.142857 -0.039171 4.428572
v 0.142857 -0.113303 4.142857
v 0.142857 -0.226555 3.857143
v 0.142857 -0.300629 3.571429
v 0.142857 -0.468485 3.285714
v 0.142857 -0.401912 3.000000
v 0.142857 -0.451075 2.714286
v 0.142857 -0.435488 2.428571
v 0.142857 -0.474843 2.142857
v 0.142857 -0.301729 1.857143
v 0.142857 -0.171123 1.571429
v 0.142857 0.042386 1.285714
v 0.142857 0.177619 1.000000
v 0.142857 -0.152242 0.714286
v 0.142857 -0.334258 0.428571
v 0.142857 -0.382067 0.142857
v 0.142857 -0.440745 -0.142857
v 0.142857 -0.512721 -0.428571
v 0.142857 -0.769405 -0.714286
v 0.142857 -1.048298 -1.000000
v 0.142857 -1.120263 -1.285714
v 0.142857 -1.075493 -1.571429
v 0.142857 -1.012034 -1.857143
v 0.142857 -0.808426 -2.142857
v 0.142857 -0.643772 -2.428571
v 0.142857 -0.488278 -2.714286
v 0.142857 -0.372964 -3.000000
v 0.142857 -0.438277 -3.285714
v 0.142857 -0.410938 -3.571429
v 0.142857 -0.352068 -3.857143
v 0.142857 -0.231478 -4.142857
v 0.142857 -0.105047 -4.428572
v 0.142857 -0.027997 -4.714286
v 0.142857 0.000000 -5.000000
v 0.428571 0.000000 5.000000
v 0.428571 0.006605 4.714286
v 0.428571 0.009685 4.428572
v 0.428571 -0.022861 4.142857
v 0.428571 -0.080665 3.857143
v 0.428571 -0.193304 3.571429
v 0.428571 -0.404647 3.285714
v 0.428571 -0.392030 3.000000
v 0.428571 -0.318486 2.714286
v 0.428571 -0.435503 2.428571
v 0.428571 -0.470392 2.142857
v 0.428571 -0.249939 1.857143
v 0.428571 -0.229594 1.571429
v 0.428571 0.060579 1.285714
v 0.428571 0.258223 1.000000
v 0.428571 0.175295 0.714286
v 0.428571 -0.029471 0.428571
v 0.428571 -0.406322 0.142857
v 0.428571 -0.472139 -0.142857
v 0.428571 -0.652840 -0.428571
v 0.428571 -1.009988 -0.714286
v 0.428571 -1.097997 -1.000000
v 0.428571 -1.170407 -1.285714
v 0.428571 -1.111259 -1.571429
v 0.428571 -1.181491 -1.857143
v 0.428571 -0.963074 -2.142857
v 0.428571 -0.763678 -2.428571
v 0.428571 -0.630179 -2.714286
v 0.428571 -0.480443 -3.000000
v 0.428571 -0.439832 -3.285714
v 0.428571 -0.421060 -3.571429
v 0.428571 -0.369847 -3.857143
v 0.428571 -0.254434 -4.142857
v 0.428571 -0.117100 -4.428572
v 0.428571 -0.029953 -4.714286
v 0.428571 0.000000 -5.000000
v 0.714286 0.000000 5.000000
v 0.714286 0.014421 4.714286
v 0.714286 0.037648 4.428572
v 0.714286 -0.009971 4.142857
v 0.714286 -0.068035 3.857143
v 0.714286 -0.049215 3.571429
v 0.714286 -0.138543 3.285714
v 0.714286 -0.254055 3.000000
v 0.714286 -0.235288 2.714286
v 0.714286 -0.326360 2.428571
v 0.714286 -0.272682 2.142857
v 0.714286 -0.005962 1.857143
v 0.714286 0.274123 1.571429
v 0.714286 0.305164 1.285714
v 0.714286 0.374344 1.000000
v 0.714286 0.369926 0.714286
v 0.714286 0.238361 0.428571
v 0.714286 -0.257202 0.142857
v 0.714286 -0.470463 -0.142857
v 0.714286 -0.841095 -0.428571
v 0.714286 -1.042812 -0.714286
v 0.714286 -1.052325 -1.000000
v 0.714286 -1.164334 -1.285714
v 0.714286 -1.185412 -1.571429
v 0.714286 -1.144892 -1.857143
v 0.714286 -0.972744 -2.142857
v 0.714286 -0.864624 -2.428571
v 0.714286 -0.769801 -2.714286
v 0.714286 -0.616178 -3.000000
v 0.714286 -0.457252 -3.285714
v 0.714286 -0.501466 -3.571429
v 0.714286 -0.407209 -3.857143
v 0.714286 -0.279101 -4.142857
v 0.714286 -0.126937 -4.428572
v 0.714286 -0.025962 -4.714286
v 0.714286 0.000000 -5.000000
v 1.000000 0.000000 5.000000
v 1.000000 0.012203 4.714286
v 1.000000 0.030726 4.428572
v 1.000000 0.008315 4.142857
v 1.000000 -0.022700 3.857143
v 1.000000 0.020936 3.571429
v 1.000000 0.047991 3.285714
v 1.000000 0.013469 3.000000
v 1.000000 0.017230 2.714286
v 1.000000 -0.084427 2.428571
v 1.000000 0.115573 2.142857
v 1.000000 0.508068 1.857143
v 1.000000 0.680254 1.571429
v 1.000000 0.534597 1.285714
v 1.000000 0.445197 1.000000
v 1.000000 0.583778 0.714286
v 1.000000 0.423774 0.428571
v 1.000000 -0.081456 0.142857
v 1.000000 -0.421303 -0.142857
v 1.000000 -0.838646 -0.428571
v 1.000000 -1.067475 -0.714286
v 1.000000 -1.115188 -1.000000
v 1.000000 -1.205895 -1.285714
v 1.000000 -1.122325 -1.571429
v 1.000000 -1.143439 -1.857143
v 1.000000 -1.053411 -2.142857
v 1.000000 -1.030041 -2.428571
v 1.000000 -0.928474 -2.714286
v 1.000000 -0.692652 -3.000000
v 1.000000 -0.465737 -3.285714
v 1.000000 -0.442682 -3.571429
v 1.000000 -0.383837 -3.857143
v 1.000000 -0.282590 -4.142857
v 1.000000 -0.117937 -4.428572
v 1.000000 -0.022542 -4.714286
v 1.000000 0.000000 -5.000000
v 1.285714 0.000000 5.000000
v 1.285714 0.017006 4.714286
v 1.285714 0.029949 4.428572
v 1.285714 0.019909 4.142857
v 1.285714 0.076281 3.857143
v 1.285714 0.129357 3.571429
v 1.285714 0.208211 3.285714
v 1.285714 0.277116 3.000000
v 1.285714 0.233966 2.714286
v 1.285714 0.308367 2.428571
v 1.285714 0.434042 2.142857
v 1.285714 0.764914 1.857143
v 1.285714 0.964944 1.571429
v 1.285714 0.872158 1.285714
v 1.285714 0.798897 1.000000
v 1.285714 0.869529 0.714286
v 1.285714 0.721492 0.428571
v 1.285714 0.353357 0.142857
v 1.285714 0.167030 -0.142857
v 1.285714 -0.184484 -0.428571
v 1.285714 -0.608294 -0.714286
v 1.285714 -0.944249 -1.000000
v 1.285714 -1.108247 -1.285714
v 1.285714 -1.016732 -1.571429
v 1.285714 -1.114778 -1.857143
v 1.285714 -1.084984 -2.142857
v 1.285714 -0.978484 -2.428571
v 1.285714 -0.959481 -2.714286
v 1.285714 -0.620041 -3.000000
v 1.285714 -0.448463 -3.285714
v 1.285714 -0.393862 -3.571429
v 1.285714 -0.331208 -3.857143
v 1.285714 -0.202319 -4.142857
v 1.285714 -0.085679 -4.428572
v 1.285714 -0.015885 -4.714286
v 1.285714 0.000000 -5.000000
v 1.571429 0.000000 5.000000
v 1.571429 0.028551 4.714286
v 1.571429 0.057657 4.428572
v 1.571429 0.091577 4.142857
v 1.571429 0.192559 3.857143
v 1.571429 0.265679 3.571429
v 1.571429 0.348278 3.285714
v 1.571429 0.531588 3.000000
v 1.571429 0.605962 2.714286
v 1.571429 0.758604 2.428571
v 1.571429 0.901482 2.142857
v 1.571429 1.086431 1.857143
v 1.571429 1.370289 1.571429
v 1.571429 1.204087 1.285714
v 1.571429 1.094252 1.000000
v 1.571429 1.067835 0.714286
v 1.571429 0.929848 0.428571
v 1.571429 0.766741 0.142857
v 1.571429 0.592707 -0.142857
v 1.571429 0.254285 -0.428571
v 1.571429 -0.019329 -0.714286
v 1.571429 -0.432685 -1.000000
v 1.571429 -0.575091 -1.285714
v 1.571429 -0.570135 -1.571429
v 1.571429 -0.835755 -1.857143
v 1.571429 -0.943016 -2.142857
v 1.571429 -0.891673 -2.428571
v 1.571429 -0.870033 -2.714286
v 1.571429 -0.669789 -3.000000
v 1.571429 -0.569642 -3.285714
v 1.571429 -0.357310 -3.571429
v 1.571429 -0.195787 -3.857143
v 1.571429 -0.109544 -4.142857
v 1.571429 -0.043288 -4.428572
v 1.571429 -0.007636 -4.714286
v 1.571429 0.000000 -5.000000
v 1.857143 0.000000 5.000000
v 1.857143 0.033234 4.714286
v 1.857143 0.109520 4.428572
v 1.857143 0.168774 4.142857
v 1.857143 0.280422 3.857143
v 1.857143 0.471105 3.571429
v 1.857143 0.633934 3.285714
v 1.857143 0.789783 3.000000
v 1.857143 0.873304 2.714286
v 1.857143 1.085891 2.428571
v 1.857143 1.373146 2.142857
v 1.857143 1.497304 1.857143
v 1.857143 1.746757 1.571429
v 1.857143 1.458811 1.285714
v 1.857143 1.303193 1.000000
v 1.857143 1.223809 0.714286
v 1.857143 1.066034 0.428571
v 1.857143 0.953233 0.142857
v 1.857143 0.852110 -0.142857
v 1.857143 0.586954 -0.428571
v 1.857143 0.279386 -0.714286
v 1.857143 -0.125548 -1.000000
v 1.857143 -0.316504 -1.285714
v 1.857143 -0.287409 -1.571429
v 1.857143 -0.490012 -1.857143
v 1.857143 -0.672770 -2.142857
v 1.857143 -0.898420 -2.428571
v 1.857143 -0.776079 -2.714286
v 1.857143 -0.622372 -3.000000
v 1.857143 -0.429845 -3.285714
v 1.857143 -0.197077 -3.571429
v 1.857143 -0.114045 -3.857143
v 1.857143 -0.057533 -4.142857
v 1.857143 -0.019575 -4.428572
v 1.857143 0.001141 -4.714286
v 1.857143 0.000000 -5.000000
v 2.142857 0.000000 5.000000
v 2.142857 0.034990 4.714286
v 2.142857 0.131862 4.428572
v 2.142857 0.230065 4.142857
v 2.142857 0.476056 3.857143
v 2.142857 0.730084 3.571429
v 2.142857 0.901809 3.285714
v 2.142857 0.911967 3.000000
v 2.142857 0.982416 2.714286
v 2.142857 0.968112 2.428571
v 2.142857 1.371768 2.142857
v 2.142857 1.573288 1.857143
v 2.142857 1.675515 1.571429
v 2.142857 1.620495 1.285714
v 2.142857 1.360750 1.000000
v 2.142857 1.286244 0.714286
v 2.142857 1.238334 0.428571
v 2.142857 0.949011 0.142857
v 2.142857 0.918865 -0.142857
v 2.142857 0.685350 -0.428571
v 2.142857 0.391853 -0.714286
v 2.142857 -0.010460 -1.000000
v 2.142857 -0.138512 -1.285714
v 2.142857 -0.182449 -1.571429
v 2.142857 -0.453308 -1.857143
v 2.142857 -0.666201 -2.142857
v 2.142857 -0.773780 -2.428571
v 2.142857 -0.631688 -2.714286
v 2.142857 -0.474154 -3.000000
v 2.142857 -0.326524 -3.285714
v 2.142857 -0.156653 -3.571429
v 2.142857 -0.111102 -3.857143
v 2.142857 -0.039921 -4.142857
v 2.142857 -0.006438 -4.428572
v 2.142857 -0.000777 -4.714286
v 2.142857 0.000000 -5.000000
v 2.428571 0.000000 5.000000
v 2.428571 0.034854 4.714286
v 2.428571 0.152790 4.428572
v 2.428571 0.301379 4.142857
v 2.428571 0.532014 3.857143
v 2.428571 0.757389 3.571429
v 2.428571 0.991157 3.285714
v 2.428571 1.012951 3.000000
v 2.428571 0.936545 2.714286
v 2.428571 0.968886 2.428571
v 2.428571 1.156391 2.142857
v 2.428571 1.449554 1.857143
v 2.428571 1.678060 1.571429
v 2.428571 1.586254 1.285714
v 2.428571 1.249518 1.000000
v 2.428571 1.138056 0.714286
v 2.428571 0.958185 0.428571
v 2.428571 0.916577 0.142857
v 2.428571 0.867466 -0.142857
v 2.428571 0.693005 -0.428571
v 2.428571 0.546032 -0.714286
v 2.428571 0.380164 -1.000000
v 2.428571 0.268525 -1.285714
v 2.428571 0.013657 -1.571429
v 2.428571 -0.203624 -1.857143
v 2.428571 -0.402438 -2.142857
v 2.428571 -0.551055 -2.428571
v 2.428571 -0.444988 -2.714286
v 2.428571 -0.417084 -3.000000
v 2.428571 -0.286075 -3.285714
v 2.428571 -0.120613 -3.571429
v 2.428571 -0.089125 -3.857143
v 2.428571 -0.050982 -4.142857
v 2.428571 -0.021045 -4.428572
v 2.428571 -0.005367 -4.714286
v 2.428571 0.000000 -5.000000
v 2.714286 0.000000 5.000000
v 2.714286 0.023505 4.714286
v 2.714286 0.135571 4.428572
v 2.714286 0.306276 4.142857
v 2.714286 0.522048 3.857143
v 2.714286 0.764209 3.571429
v 2.714286 0.983275 3.285714
v 2.714286 1.077921 3.000000
v 2.714286 0.973989 2.714286
v 2.714286 1.132567 2.428571
v 2.714286 1.295283 2.142857
v 2.714286 1.524675 1.857143
v 2.714286 1.704663 1.571429
v 2.714286 1.587254 1.285714
v 2.714286 1.194402 1.000000
v 2.714286 0.979575 0.714286
v 2.714286 0.877035 0.428571
v 2.714286 1.024384 0.142857
v 2.714286 0.989984 -0.142857
v 2.714286 0.875384 -0.428571
v 2.714286 0.636898 -0.714286
v 2.714286 0.586557 -1.000000
v 2.714286 0.399721 -1.285714
v 2.714286 0.171827 -1.571429
v 2.714286 0.101976 -1.857143
v 2.714286 -0.157557 -2.142857
v 2.714286 -0.424240 -2.428571
v 2.714286 -0.350488 -2.714286
v 2.714286 -0.353087 -3.000000
v 2.714286 -0.214130 -3.285714
v 2.714286 -0.101837 -3.571429
v 2.714286 -0.109991 -3.857143
v 2.714286 -0.058563 -4.142857
v 2.714286 -0.019530 -4.428572
v 2.714286 -0.004468 -4.714286
v 2.714286 0.000000 -5.000000
v 3.000000 0.000000 5.000000
v 3.000000 0.010649 4.714286
v 3.000000 0.105615 4.428572
v 3.000000 0.293816 4.142857
v 3.000000 0.484132 3.857143
v 3.000000 0.738320 3.571429
v 3.000000 1.020032 3.285714
v 3.000000 1.074584 3.000000
v 3.000000 1.145231 2.714286
v 3.000000 1.380287 2.428571
v 3.000000 1.503107 2.142857
v 3.000000 1.645778 1.857143
v 3.000000 1.636211 1.571429
v 3.000000 1.525204 1.285714
v 3.000000 1.280251 1.000000
v 3.000000 1.106411 0.714286
v 3.000000 1.040918 0.428571
v 3.000000 1.042758 0.142857
v 3.000000 1.032160 -0.142857
v 3.000000 0.923978 -0.428571
v 3.000000 0.686921 -0.714286
v 3.000000 0.612085 -1.000000
v 3.000000 0.335899 -1.285714
v 3.000000 0.224978 -1.571429
v 3.000000 -0.003571 -1.857143
v 3.000000 -0.167588 -2.142857
v 3.000000 -0.271098 -2.428571
v 3.000000 -0.205765 -2.714286
v 3.000000 -0.216106 -3.000000
v 3.000000 -0.123519 -3.285714
v 3.000000 -0.065063 -3.571429
v 3.000000 -0.099560 -3.857143
v 3.000000 -0.091164 -4.142857
v 3.000000 -0.029991 -4.428572
v 3.000000 -0.002763 -4.714286
v 3.000000 0.000000 -5.000000
v 3.285714 0.000000 5.000000
v 3.285714 0.000993 4.714286
v 3.285714 0.076067 4.428572
v 3.285714 0.229173 4.142857
v 3.285714 0.428328 3.857143
v 3.285714 0.687765 3.571429
v 3.285714 0.960814 3.285714
v 3.285714 1.143161 3.000000
v 3.285714 1.272359 2.714286
v 3.285714 1.427152 2.428571
v 3.285714 1.507708 2.142857
v 3.285714 1.524537 1.857143
v 3.285714 1.387138 1.571429
v 3.285714 1.214575 1.285714
v 3.285714 1.119604 1.000000
v 3.285714 0.991848 0.714286
v 3.285714 0.901332 0.428571
v 3.285714 0.808159 0.142857
v 3.285714 0.849035 -0.142857
v 3.285714 0.772612 -0.428571
v 3.285714 0.589180 -0.714286
v 3.285714 0.446062 -1.000000
v 3.285714 0.310897 -1.285714
v 3.285714 0.099291 -1.571429
v 3.285714 -0.043440 -1.857143
v 3.285714 -0.165642 -2.142857
v 3.285714 -0.142279 -2.428571
v 3.285714 -0.071435 -2.714286
v 3.285714 -0.125920 -3.000000
v 3.285714 -0.059363 -3.285714
v 3.285714 -0.074652 -3.571429
v 3.285714 -0.098308 -3.857143
v 3.285714 -0.081886 -4.142857
v 3.285714 -0.022134 -4.428572
v 3.285714 -0.000228 -4.714286
v 3.285714 0.000000 -5.000000
v 3.571429 0.000000 5.000000
v 3.571429 0.000000 4.714286
v 3.571429 0.030100 4.428572
v 3.571429 0.137883 4.142857
v 3.571429 0.322382 3.857143
v 3.571429 0.576474 3.571429
v 3.571429 0.828427 3.285714
v 3.571429 1.037788 3.000000
v 3.571429 1.138836 2.714286
v 3.571429 1.157395 2.428571
v 3.571429 1.169341 2.142857
v 3.571429 1.146457 1.857143
v 3.571429 1.079320 1.571429
v 3.571429 0.960614 1.285714
v 3.571429 0.919862 1.000000
v 3.571429 0.849386 0.714286
v 3.571429 0.786751 0.428571
v 3.571429 0.632372 0.142857
v 3.571429 0.609402 -0.142857
v 3.571429 0.528249 -0.428571
v 3.571429 0.468185 -0.714286
v 3.571429 0.307019 -1.000000
v 3.571429 0.210033 -1.285714
v 3.571429 0.075136 -1.571429
v 3.571429 -0.051657 -1.857143
v 3.571429 -0.121317 -2.142857
v 3.571429 -0.156867 -2.428571
v 3.571429 -0.125091 -2.714286
v 3.571429 -0.109949 -3.000000
v 3.571429 -0.099824 -3.285714
v 3.571429 -0.091727 -3.571429
v 3.571429 -0.086482 -3.857143
v 3.571429 -0.056913 -4.142857
v 3.571429 -0.008996 -4.428572
v 3.571429 0.000000 -4.714286
v 3.571429 0.000000 -5.000000
v 3.857143 0.000000 5.000000
v 3.857143 0.000000 4.714286
v 3.857143 0.001958 4.428572
v 3.857143 0.059944 4.142857
v 3.857143 0.184085 3.857143
v 3.857143 0.359724 3.571429
v 3.857143 0.555285 3.285714
v 3.857143 0.737859 3.000000
v 3.857143 0.855213 2.714286
v 3.857143 0.879958 2.428571
v 3.857143 0.883798 2.142857
v 3.857143 0.746318 1.857143
v 3.857143 0.661018 1.571429
v 3.857143 0.715684 1.285714
v 3.857143 0.687338 1.000000
v 3.857143 0.586196 0.714286
v 3.857143 0.561485 0.428571
v 3.857143 0.463665 0.142857
v 3.857143 0.372471 -0.142857
v 3.857143 0.250363 -0.428571
v 3.857143 0.166492 -0.714286
v 3.857143 0.085988 -1.000000
v 3.857143 0.054116 -1.285714
v 3.857143 -0.034148 -1.571429
v 3.857143 -0.057960 -1.857143
v 3.857143 -0.093300 -2.142857
v 3.857143 -0.138222 -2.428571
v 3.857143 -0.180684 -2.714286
v 3.857143 -0.154982 -3.000000
v 3.857143 -0.100079 -3.285714
v 3.857143 -0.064598 -3.571429
v 3.857143 -0.053681 -3.857143
v 3.857143 -0.021613 -4.142857
v 3.857143 -0.000566 -4.428572
v 3.857143 0.000000 -4.714286
v 3.857143 0.000000 -5.000000
v 4.142857 0.000000 5.000000
v 4.142857 0.000000 4.714286
v 4.142857 0.000000 4.428572
v 4.142857 0.006407 4.142857
v 4.142857 0.062700 3.857143
v 4.142857 0.164154 3.571429
v 4.142857 0.282725 3.285714
v 4.142857 0.409562 3.000000
v 4.142857 0.479814 2.714286
v 4.142857 0.532179 2.428571
v 4.142857 0.527529 2.142857
v 4.142857 0.471019 1.857143
v 4.142857 0.434585 1.571429
v 4.142857 0.432264 1.285714
v 4.142857 0.444041 1.000000
v 4.142857 0.420295 0.714286
v 4.142857 0.369123 0.428571
v 4.142857 0.320308 0.142857
v 4.142857 0.219465 -0.142857
v 4.142857 0.123497 -0.428571
v 4.142857 0.036625 -0.714286
v 4.142857 -0.057659 -1.000000
v 4.142857 -0.056319 -1.285714
v 4.142857 -0.078745 -1.571429
v 4.142857 -0.121330 -1.857143
v 4.142857 -0.118665 -2.142857
v 4.142857 -0.132039 -2.428571
v 4.142857 -0.149824 -2.714286
v 4.142857 -0.120365 -3.000000
v 4.142857 -0.070357 -3.285714
v 4.142857 -0.035855 -3.571429
v 4.142857 -0.018084 -3.857143
v 4.142857 -0.001766 -4.142857
v 4.142857 0.000000 -4.428572
v 4.142857 0.000000 -4.714286
v 4.142857 0.000000 -5.000000
v 4.428572 0.000000 5.000000
v 4.428572 0.000000 4.714286
v 4.428572 0.000000 4.428572
v 4.428572 0.000000 4.142857
v 4.428572 0.001745 3.857143
v 4.428572 0.030875 3.571429
v 4.428572 0.087055 3.285714
v 4.428572 0.148380 3.000000
v 4.428572 0.197349 2.714286
v 4.428572 0.228486 2.428571
v 4.428572 0.240904 2.142857
v 4.428572 0.231625 1.857143
v 4.428572 0.206046 1.571429
v 4.428572 0.199588 1.285714
v 4.428572 0.218251 1.000000
v 4.428572 0.210690 0.714286
v 4.428572 0.157594 0.428571
v 4.428572 0.141624 0.142857
v 4.428572 0.098493 -0.142857
v 4.428572 0.027123 -0.428571
v 4.428572 -0.009903 -0.714286
v 4.428572 -0.040753 -1.000000
v 4.428572 -0.084564 -1.285714
v 4.428572 -0.103854 -1.571429
v 4.428572 -0.096737 -1.857143
v 4.428572 -0.071780 -2.142857
v 4.428572 -0.065867 -2.428571
v 4.428572 -0.072119 -2.714286
v 4.428572 -0.050903 -3.000000
v 4.428572 -0.026437 -3.285714
v 4.428572 -0.008058 -3.571429
v 4.428572 -0.000399 -3.857143
v 4.428572 0.000000 -4.142857
v 4.428572 0.000000 -4.428572
v 4.428572 0.000000 -4.714286
v 4.428572 0.000000 -5.000000
v 4.714286 0.000000 5.000000
v 4.714286 0.000000 4.714286
v 4.714286 0.000000 4.428572
v 4.714286 0.000000 4.142857
v 4.714286 0.000000 3.857143
v 4.714286 0.000000 3.571429
v 4.714286 0.001140 3.285714
v 4.714286 0.013210 3.000000
v 4.714286 0.032065 2.714286
v 4.714286 0.050699 2.428571
v 4.714286 0.057592 2.142857
v 4.714286 0.058575 1.857143
v 4.714286 0.052734 1.571429
v 4.714286 0.054189 1.285714
v 4.714286 0.055592 1.000000
v 4.714286 0.052614 0.714286
v 4.714286 0.040640 0.428571
v 4.714286 0.034725 0.142857
v 4.714286 0.022597 -0.142857
v 4.714286 0.008526 -0.428571
v 4.714286 -0.003770 -0.714286
v 4.714286 -0.015623 -1.000000
v 4.714286 -0.027568 -1.285714
v 4.714286 -0.031127 -1.571429
v 4.714286 -0.030055 -1.857143
v 4.714286 -0.019763 -2.142857
v 4.714286 -0.014693 -2.428571
v 4.714286 -0.012606 -2.714286
v 4.714286 -0.005157 -3.000000
v 4.714286 -0.000389 -3.285714
v 4.714286 0.000000 -3.571429
v 4.714286 0.000000 -3.857143
v 4.714286 0.000000 -4.142857
v 4.714286 0.000000 -4.428572
v 4.714286 0.000000 -4.714286
v 4.714286 0.000000 -5.000000
v 5.000000 0.000000 5.000000
v 5.000000 0.000000 4.714286
v 5.000000 0.000000 4.428572
v 5.000000 0.000000 4.142857
v 5.000000 0.000000 3.857143
v 5.000000 0.000000 3.571429
v 5.000000 0.000000 3.285714
v 5.000000 0.000000 3.000000
v 5.000000 0.000000 2.714286
v 5.000000 0.000000 2.428571
v 5.000000 0.000000 2.142857
v 5.000000 0.000000 1.857143
v 5.000000 0.000000 1.571429
v 5.000000 0.000000 1.285714
v 5.000000 0.000000 1.000000
v 5.000000 0.000000 0.714286
v 5.000000 0.000000 0.428571
v 5.000000 0.000000 0.142857
v 5.000000 0.000000 -0.142857
v 5.000000 0.000000 -0.428571
v 5.000000 0.000000 -0.714286
v 5.000000 0.000000 -1.000000
v 5.000000 0.000000 -1.285714
v 5.000000 0.000000 -1.571429
v 5.000000 0.000000 -1.857143
v 5.000000 0.000000 -2.142857
v 5.000000 0.000000 -2.428571
v 5.000000 0.000000 -2.714286
v 5.000000 0.000000 -3.000000
v 5.000000 0.000000 -3.285714
v 5.000000 0.000000 -3.571429
v 5.000000 0.000000 -3.857143
v 5.000000 0.000000 -4.142857
v 5.000000 0.000000 -4.428572
v 5.000000 0.000000 -4.714286
v 5.000000 0.000000 -5.000000
s 1
f 2 1 37 38
f 3 2 38 39
f 4 3 39 40
f 5 4 40 41
f 6 5 41 42
f 7 6 42 43
f 8 7 43 44
f 9 8 44 45
f 10 9 45 46
f 11 10 46 47
f 12 11 47 48
f 13 12 48 49
f 14 13 49 50
f 15 14 50 51
f 16 15 51 52
f 17 16 52 53
f 18 17 53 54
f 19 18 54 55
f 20 19 55 56
f 21 20 56 57
f 22 21 57 58
f 23 22 58 59
f 24 23 59 60
f 25 24 60 61
f 26 25 61 62
f 27 26 62 63
f 28 27 63 64
f 29 28 64 65
f 30 29 65 66
f 31 30 66 67
f 32 31 67 68
f 33 32 68 69
f 34 33 69 70
f 35 34 70 71
f 36 35 71 72
f 38 37 73 74
f 39 38 74 75
f 40 39 75 76
f 41 40 76 77
f 42 41 77 78
f 43 42 78 79
f 44 43 79 80
f 45 44 80 81
f 46 45 81 82
f 47 46 82 83
f 48 47 83 84
f 49 48 84 85
f 50 49 85 86
f 51 50 86 87
f 52 51 87 88
f 53 52 88 89
f 54 53 89 90
f 55 54 90 91
f 56 55 91 92
f 57 56 92 93
f 58 57 93 94
f 59 58 94 95
f 60 59 95 96
f 61 60 96 97
f 62 61 97 98
f 63 62 98 99
f 64 63 99 100
f 65 64 100 101
f 66 65 101 102
f 67 66 102 103
f 68 67 103 104
f 69 68 104 105
f 70 69 105 106
f 71 70 106 107
f 72 71 107 108
f 74 73 109 110
f 75 74 110 111
f 76 75 111 112
f 77 76 112 113
f 78 77 113 114
f 79 78 114 115
f 80 79 115 116
f 81 80 116 117
f 82 81 117 118
f 83 82 118 119
f 84 83 119 120
f 85 84 120 121
f 86 85 121 122
f 87 86 122 123
f 88 87 123 124
f 89 88 124 125
f 90 89 125 126
f 91 90 126 127
f 92 91 127 128
f 93 92 128 129
f 94 93 129 130
f 95 94 130 131
f 96 95 131 132
f 97 96 132 133
f 98 97 133 134
f 99 98 134 135
f 100 99 135 136
f 101 100 136 137
f 102 101 137 138
f 103 102 138 139
f 104 103 139 140
f 105 104 140 141
f 106 105 141 142
f 107 106 142 143
f 108 107 143 144
f 110 109 145 146
f 111 110 146 147
f 112 111 147 148
f 113 112 148 149
f 114 113 149 150
f 115 114 150 151
f 116 115 151 152
f 117 116 152 153
f 118 117 153 154
f 119 118 154 155
f 120 119 155 156
f 121 120 156 157
f 122 121 157 158
f 123 122 158 159
f 124 123 159 160
f 125 124 160 161
f 126 125 161 162
f 127 126 162 163
f 128 127 163 164
f 129 128 164 165
f 130 129 165 166
f 131 130 166 167
f 132 131 167 168
f 133 132 168 169
f 134 133 169 170
f 135 134 170 171
f 136 135 171 172
f 137 136 172 173
f 138 137 173 174
f 139 138 174 175
f 140 139 175 176
f 141 140 176 177
f 142 141 177 178
f 143 142 178 179
f 144 143 179 180
f 146 145 181 182
f 147 146 182 183
f 148 147 183 184
f 149 148 184 185
f 150 149 185 186
f 151 150 186 187
f 152 151 187 188
f 153 152 188 189
f 154 153 189 190
f 155 154 190 191
f 156 155 191 192
f 157 156 192 193
f 158 157 193 194
f 159 158 194 195
f 160 159 195 196
f 161 160 196 197
f 162 161 197 198
f 163 162 198 199
f 164 163 199 200
f 165 164 200 201
f 166 165 201 202
f 167 166 202 203
f 168 167 203 204
f 169 168 204 205
f 170 169 205 206
f 171 170 206 207
f 172 171 207 208
f 173 172 208 209
f 174 173 209 210
f 175 174 210 211
f 176 175 211 212
f 177 176 212 213
f 178 177 213 214
f 179 178 214 215
f 180 179 215 216
f 182 181 217 218
f 183 182 218 219
f 184 183 219 220
f 185 184 220 221
f 186 185 221 222
f 187 186 222 223
f 188 187 223 224
f 189 188 224 225
f 190 189 225 226
f 191 190 226 227
f 192 191 227 228
f 193 192 228 229
f 194 193 229 230
f 195 194 230 231
f 196 195 231 232
f 197 196 232 233
f 198 197 233 234
f 199 198 234 235
f 200 199 235 236
f 201 200 236 237
f 202 201 237 238
f 203 202 238 239
f 204 203 239 240
f 205 204 240 241
f 206 205 241 242
f 207 206 242 243
f 208 207 243 244
f 209 208 244 245
f 210 209 245 246
f 211 210 246 247
f 212 211 247 248
f 213 212 248 249
f 214 213 249 250
f 215 214 250 251
f 216 215 251 252
f 218 217 253 254
f 219 218 254 255
f 220 219 255 256
f 221 220 256 257
f 222 221 257 258
f 223 222 258 259
f 224 223 259 260
f 225 224 260 261
f 226 225 261 262
f 227 226 262 263
f 228 227 263 264
f 229 228 264 265
f 230 229 265 266
f 231 230 266 267
f 232 231 267 268
f 233 232 268 269
f 234 233 269 270
f 235 234 270 271
f 236 235 271 272
f 237 236 272 273
f 238 237 273 274
f 239 238 274 275
f 240 239 275 276
f 241 240 276 277
f 242 241 277 278
f 243 242 278 279
f 244 243 279 280
f 245 244 280 281
f 246 245 281 282
f 247 246 282 283
f 248 247 283 284
f 249 248 284 285
f 250 249 285 286
f 251 250 286 287
f 252 251 287 288
f 254 253 289 290
f 255 254 290 291
f 256 255 291 292
f 257 256 292 293
f 258 257 293 294
f 259 258 294 295
f 260 259 295 296
f 261 260 296 297
f 262 261 297 298
f 263 262 298 299
f 264 263 299 300
f 265 264 300 301
f 266 265 301 302
f 267 266 302 303
f 268 267 303 304
f 269 268 304 305
f 270 269 305 306
f 271 270 306 307
f 272 271 307 308
f 273 272 308 309
f 274 273 309 310
f 275 274 310 311
f 276 275 311 312
f 277 276 312 313
f 278 277 313 314
f 279 278 314 315
f 280 279 315 316
f 281 280 316 317
f 282 281 317 318
f 283 282 318 319
f 284 283 319 320
f 285 284 320 321
f 286 285 321 322
f 287 286 322 323
f 288 287 323 324
f 290 289 325 326
f 291 290 326 327
f 292 291 327 328
f 293 292 328 329
f 294 293 329 330
f 295 294 330 331
f 296 295 331 332
f 297 296 332 333
f 298 297 333 334
f 299 298 334 335
f 300 299 335 336
f 301 300 336 337
f 302 301 337 338
f 303 302 338 339
f 304 303 339 340
f 305 304 340 341
f 306 305 341 342
f 307 306 342 343
f 308 307 343 344
f 309 308 344 345
f 310 309 345 346
f 311 310 346 347
f 312 311 347 348
f 313 312 348 349
f 314 313 349 350
f 315 314 350 351
f 316 315 351 352
f 317 316 352 353
f 318 317 353 354
f 319 318 354 355
f 320 319 355 356
f 321 320 356 357
f 322 321 357 358
f 323 322 358 359
f 324 323 359 360
f 326 325 361 362
f 327 326 362 363
f 328 327 363 364
f 329 328 364 365
f 330 329 365 366
f 331 330 366 367
f 332 331 367 368
f 333 332 368 369
f 334 333 369 370
f 335 334 370 371
f 336 335 371 372
f 337 336 372 373
f 338 337 373 374
f 339 338 374 375
f 340 339 375 376
f 341 340 376 377
f 342 341 377 378
f 343 342 378 379
f 344 343 379 380
f 345 344 380 381
f 346 345 381 382
f 347 346 382 383
f 348 347 383 384
f 349 348 384 385
f 350 349 385 386
f 351 350 386 387
f 352 351 387 388
f 353 352 388 389
f 354 353 389 390
f 355 354 390 391
f 356 355 391 392
f 357 356 392 393
f 358 357 393 394
f 359 358 394 395
f 360 359 395 396
f 362 361 397 398
f 363 362 398 399
f 364 363 399 400
f 365 364 400 401
f 366 365 401 402
f 367 366 402 403
f 368 367 403 404
f 369 368 404 405
f 370 369 405 406
f 371 370 406 407
f 372 371 407 408
f 373 372 408 409
f 374 373 409 410
f 375 374 410 411
f 376 375 411 412
f 377 376 412 413
f 378 377 413 414
f 379 378 414 415
f 380 379 415 416
f 381 380 416 417
f 382 381 417 418
f 383 382 418 419
f 384 383 419 420
f 385 384 420 421
f 386 385 421 422
f 387 386 422 423
f 388 387 423 424
f 389 388 424 425
f 390 389 425 426
f 391 390 426 427
f 392 391 427 428
f 393 392 428 429
f 394 393 429 430
f 395 394 430 431
f 396 395 431 432
f 398 397 433 434
f 399 398 434 435
f 400 399 435 436
f 401 400 436 437
f 402 401 437 438
f 403 402 438 439
f 404 403 439 440
f 405 404 440 441
f 406 405 441 442
f 407 406 442 443
f 408 407 443 444
f 409 408 444 445
f 410 409 445 446
f 411 410 446 447
f 412 411 447 448
f 413 412 448 449
f 414 413 449 450
f 415 414 450 451
f 416 415 451 452
f 417 416 452 453
f 418 417 453 454
f 419 418 454 455
f 420 419 455 456
f 421 420 456 457
f 422 421 457 458
f 423 422 458 459
f 424 423 459 460
f 425 424 460 461
f 426 425 461 462
f 427 426 462 463
f 428 427 463 464
f 429 428 464 465
f 430 429 465 466
f 431 430 466 467
f 432 431 467 468
f 434 433 469 470
f 435 434 470 471
f 436 435 471 472
f 437 436 472 473
f 438 437 473 474
f 439 438 474 475
f 440 439 475 476
f 441 440 476 477
f 442 441 477 478
f 443 442 478 479
f 444 443 479 480
f 445 444 480 481
f 446 445 481 482
f 447 446 482 483
f 448 447 483 484
f 449 448 484 485
f 450 449 485 486
f 451 450 486 487
f 452 451 487 488
f 453 452 488 489
f 454 453 489 490
f 455 454 490 491
f 456 455 491 492
f 457 456 492 493
f 458 457 493 494
f 459 458 494 495
f 460 459 495 496
f 461 460 496 497
f 462 461 497 498
f 463 462 498 499
f 464 463 499 500
f 465 464 500 501
f 466 465 501 502
f 467 466 502 503
f 468 467 503 504
f 470 469 505 506
f 471 470 506 507
f 472 471 507 508
f 473 472 508 509
f 474 473 509 510
f 475 474 510 511
f 476 475 511 512
f 477 476 512 513
f 478 477 513 514
f 479 478 514 515
f 480 479 515 516
f 481 480 516 517
f 482 481 517 518
f 483 482 518 519
f 484 483 519 520
f 485 484 520 521
f 486 485 521 522
f 487 486 522 523
f 488 487 523 524
f 489 488 524 525
f 490 489 525 526
f 491 490 526 527
f 492 491 527 528
f 493 492 528 529
f 494 493 529 530
f 495 494 530 531
f 496 495 531 532
f 497 496 532 533
f 498 497 533 534
f 499 498 534 535
f 500 499 535 536
f 501 500 536 537
f 502 501 537 538
f 503 502 538 539
f 504 503 539 540
f 506 505 541 542
f 507 506 542 543
f 508 507 543 544
f 509 508 544 545
f 510 509 545 546
f 511 510 546 547
f 512 511 547 548
f 513 512 548 549
f 514 513 549 550
f 515 514 550 551
f 516 515 551 552
f 517 516 552 553
f 518 517 553 554
f 519 518 554 555
f 520 519 555 556
f 521 520 556 557
f 522 521 557 558
f 523 522 558 559
f 524 523 559 560
f 525 524 560 561
f 526 525 561 562
f 527 526 562 563
f 528 527 563 564
f 529 528 564 565
f 530 529 565 566
f 531 530 566 567
f 532 531 567 568
f 533 532 568 569
f 534 533 569 570
f 535 534 570 571
f 536 535 571 572
f 537 536 572 573
f 538 537 573 574
f 539 538 574 575
f 540 539 575 576
f 542 541 577 578
f 543 542 578 579
f 544 543 579 580
f 545 544 580 581
f 546 545 581 582
f 547 546 582 583
f 548 547 583 584
f 549 548 584 585
f 550 549 585 586
f 551 550 586 587
f 552 551 587 588
f 553 552 588 589
f 554 553 589 590
f 555 554 590 591
f 556 555 591 592
f 557 556 592 593
f 558 557 593 594
f 559 558 594 595
f 560 559 595 596
f 561 560 596 597
f 562 561 597 598
f 563 562 598 599
f 564 563 599 600
f 565 564 600 601
f 566 565 601 602
f 567 566 602 603
f 568 567 603 604
f 569 568 604 605
f 570 569 605 606
f 571 570 606 607
f 572 571 607 608
f 573 572 608 609
f 574 573 609 610
f 575 574 610 611
f 576 575 611 612
f 578 577 613 614
f 579 578 614 615
f 580 579 615 616
f 581 580 616 617
f 582 581 617 618
f 583 582 618 619
f 584 583 619 620
f 585 584 620 621
f 586 585 621 622
f 587 586 622 623
f 588 587 623 624
f 589 588 624 625
f 590 589 625 626
f 591 590 626 627
f 592 591 627 628
f 593 592 628 629
f 594 593 629 630
f 595 594 630 631
f 596 595 631 632
f 597 596 632 633
f 598 597 633 634
f 599 598 634 635
f 600 599 635 636
f 601 600 636 637
f 602 601 637 638
f 603 602 638 639
f 604 603 639 640
f 605 604 640 641
f 606 605 641 642
f 607 606 642 643
f 608 607 643 644
f 609 608 644 645
f 610 609 645 646
f 611 610 646 647
f 612 611 647 648
f 614 613 649 650
f 615 614 650 651
f 616 615 651 652
f 617 616 652 653
f 618 617 653 654
f 619 618 654 655
f 620 619 655 656
f 621 620 656 657
f 622 621 657 658
f 623 622 658 659
f 624 623 659 660
f 625 624 660 661
f 626 625 661 662
f 627 626 662 663
f 628 627 663 664
f 629 628 664 665
f 630 629 665 666
f 631 630 666 667
f 632 631 667 668
f 633 632 668 669
f 634 633 669 670
f 635 634 670 671
f 636 635 671 672
f 637 636 672 673
f 638 637 673 674
f 639 638 674 675
f 640 639 675 676
f 641 640 676 677
f 642 641 677 678
f 643 642 678 679
f 644 643 679 680
f 645 644 680 681
f 646 645 681 682
f 647 646 682 683
f 648 647 683 684
f 650 649 685 686
f 651 650 686 687
f 652 651 687 688
f 653 652 688 689
f 654 653 689 690
f 655 654 690 691
f 656 655 691 692
f 657 656 692 693
f 658 657 693 694
f 659 658 694 695
f 660 659 695 696
f 661 660 696 697
f 662 661 697 698
f 663 662 698 699
f 664 663 699 700
f 665 664 700 701
f 666 665 701 702
f 667 666 702 703
f 668 667 703 704
f 669 668 704 705
f 670 669 705 706
f 671 670 706 707
f 672 671 707 708
f 673 672 708 709
f 674 673 709 710
f 675 674 710 711
f 676 675 711 712
f 677 676 712 713
f 678 677 713 714
f 679 678 714 715
f 680 679 715 716
f 681 680 716 717
f 682 681 717 718
f 683 682 718 719
f 684 683 719 720
f 686 685 721 722
f 687 686 722 723
f 688 687 723 724
f 689 688 724 725
f 690 689 725 726
f 691 690 726 727
f 692 691 727 728
f 693 692 728 729
f 694 693 729 730
f 695 694 730 731
f 696 695 731 732
f 697 696 732 733
f 698 697 733 734
f 699 698 734 735
f 700 699 735 736
f 701 700 736 737
f 702 701 737 738
f 703 702 738 739
f 704 703 739 740
f 705 704 740 741
f 706 705 741 742
f 707 706 742 743
f 708 707 743 744
f 709 708 744 745
f 710 709 745 746
f 711 710 746 747
f 712 711 747 748
f 713 712 748 749
f 714 713 749 750
f 715 714 750 751
f 716 715 751 752
f 717 716 752 753
f 718 717 753 754
f 719 718 754 755
f 720 719 755 756
f 722 721 757 758
f 723 722 758 759
f 724 723 759 760
f 725 724 760 761
f 726 725 761 762
f 727 726 762 763
f 728 727 763 764
f 729 728 764 765
f 730 729 765 766
f 731 730 766 767
f 732 731 767 768
f 733 732 768 769
f 734 733 769 770
f 735 734 770 771
f 736 735 771 772
f 737 736 772 773
f 738 737 773 774
f 739 738 774 775
f 740 739 775 776
f 741 740 776 777
f 742 741 777 778
f 743 742 778 779
f 744 743 779 780
f 745 744 780 781
f 746 745 781 782
f 747 746 782 783
f 748 747 783 784
f 749 748 784 785
f 750 749 785 786
f 751 750 786 787
f 752 751 787 788
f 753 752 788 789
f 754 753 789 790
f 755 754 790 791
f 756 755 791 792
f 758 757 793 794
f 759 758 794 795
f 760 759 795 796
f 761 760 796 797
f 762 761 797 798
f 763 762 798 799
f 764 763 799 800
f 765 764 800 801
f 766 765 801 802
f 767 766 802 803
f 768 767 803 804
f 769 768 804 805
f 770 769 805 806
f 771 770 806 807
f 772 771 807 808
f 773 772 808 809
f 774 773 809 810
f 775 774 810 811
f 776 775 811 812
f 777 776 812 813
f 778 777 813 814
f 779 778 814 815
f 780 779 815 816
f 781 780 816 817
f 782 781 817 818
f 783 782 818 819
f 784 783 819 820
f 785 784 820 821
f 786 785 821 822
f 787 786 822 823
f 788 787 823 824
f 789 788 824 825
f 790 789 825 826
f 791 790 826 827
f 792 791 827 828
f 794 793 829 830
f 795 794 830 831
f 796 795 831 832
f 797 796 832 833
f 798 797 833 834
f 799 798 834 835
f 800 799 835 836
f 801 800 836 837
f 802 801 837 838
f 803 802 838 839
f 804 803 839 840
f 805 804 840 841
f 806 805 841 842
f 807 806 842 843
f 808 807 843 844
f 809 808 844 845
f 810 809 845 846
f 811 810 846 847
f 812 811 847 848
f 813 812 848 849
f 814 813 849 850
f 815 814 850 851
f 816 815 851 852
f 817 816 852 853
f 818 817 853 854
f 819 818 854 855
f 820 819 855 856
f 821 820 856 857
f 822 821 857 858
f 823 822 858 859
f 824 823 859 860
f 825 824 860 861
f 826 825 861 862
f 827 826 862 863
f 828 827 863 864
f 830 829 865 866
f 831 830 866 867
f 832 831 867 868
f 833 832 868 869
f 834 833 869 870
f 835 834 870 871
f 836 835 871 872
f 837 836 872 873
f 838 837 873 874
f 839 838 874 875
f 840 839 875 876
f 841 840 876 877
f 842 841 877 878
f 843 842 878 879
f 844 843 879 880
f 845 844 880 881
f 846 845 881 882
f 847 846 882 883
f 848 847 883 884
f 849 848 884 885
f 850 849 885 886
f 851 850 886 887
f 852 851 887 888
f 853 852 888 889
f 854 853 889 890
f 855 854 890 891
f 856 855 891 892
f 857 856 892 893
f 858 857 893 894
f 859 858 894 895
f 860 859 895 896
f 861 860 896 897
f 862 861 897 898
f 863 862 898 899
f 864 863 899 900
f 866 865 901 902
f 867 866 902 903
f 868 867 903 904
f 869 868 904 905
f 870 869 905 906
f 871 870 906 907
f 872 871 907 908
f 873 872 908 909
f 874 873 909 910
f 875 874 910 911
f 876 875 911 912
f 877 876 912 913
f 878 877 913 914
f 879 878 914 915
f 880 879 915 916
f 881 880 916 917
f 882 881 917 918
f 883 882 918 919
f 884 883 919 920
f 885 884 920 921
f 886 885 921 922
f 887 886 922 923
f 888 887 923 924
f 889 888 924 925
f 890 889 925 926
f 891 890 926 927
f 892 891 927 928
f 893 892 928 929
f 894 893 929 930
f 895 894 930 931
f 896 895 931 932
f 897 896 932 933
f 898 897 933 934
f 899 898 934 935
f 900 899 935 936
f 902 901 937 938
f 903 902 938 939
f 904 903 939 940
f 905 904 940 941
f 906 905 941 942
f 907 906 942 943
f 908 907 943 944
f 909 908 944 945
f 910 909 945 946
f 911 910 946 947
f 912 911 947 948
f 913 912 948 949
f 914 913 949 950
f 915 914 950 951
f 916 915 951 952
f 917 916 952 953
f 918 917 953 954
f 919 918 954 955
f 920 919 955 956
f 921 920 956 957
f 922 921 957 958
f 923 922 958 959
f 924 923 959 960
f 925 924 960 961
f 926 925 961 962
f 927 926 962 963
f 928 927 963 964
f 929 928 964 965
f 930 929 965 966
f 931 930 966 967
f 932 931 967 968
f 933 932 968 969
f 934 933 969 970
f 935 934 970 971
f 936 935 971 972
f 938 937 973 974
f 939 938 974 975
f 940 939 975 976
f 941 940 976 977
f 942 941 977 978
f 943 942 978 979
f 944 943 979 980
f 945 944 980 981
f 946 945 981 982
f 947 946 982 983
f 948 947 983 984
f 949 948 984 985
f 950 949 985 986
f 951 950 986 987
f 952 951 987 988
f 953 952 988 989
f 954 953 989 990
f 955 954 990 991
f 956 955 991 992
f 957 956 992 993
f 958 957 993 994
f 959 958 994 995
f 960 959 995 996
f 961 960 996 997
f 962 961 997 998
f 963 962 998 999
f 964 963 999 1000
f 965 964 1000 1001
f 966 965 1001 1002
f 967 966 1002 1003
f 968 967 1003 1004
f 969 968 1004 1005
f 970 969 1005 1006
f 971 970 1006 1007
f 972 971 1007 1008
f 974 973 1009 1010
f 975 974 1010 1011
f 976 975 1011 1012
f 977 976 1012 1013
f 978 977 1013 1014
f 979 978 1014 1015
f 980 979 1015 1016
f 981 980 1016 1017
f 982 981 1017 1018
f 983 982 1018 1019
f 984 983 1019 1020
f 985 984 1020 1021
f 986 985 1021 1022
f 987 986 1022 1023
f 988 987 1023 1024
f 989 988 1024 1025
f 990 989 1025 1026
f 991 990 1026 1027
f 992 991 1027 1028
f 993 992 1028 1029
f 994 993 1029 1030
f 995 994 1030 1031
f 996 995 1031 1032
f 997 996 1032 1033
f 998 997 1033 1034
f 999 998 1034 1035
f 1000 999 1035 1036
f 1001 1000 1036 1037
f 1002 1001 1037 1038
f 1003 1002 1038 1039
f 1004 1003 1039 1040
f 1005 1004 1040 1041
f 1006 1005 1041 1042
f 1007 1006 1042 1043
f 1008 1007 1043 1044
f 1010 1009 1045 1046
f 1011 1010 1046 1047
f 1012 1011 1047 1048
f 1013 1012 1048 1049
f 1014 1013 1049 1050
f 1015 1014 1050 1051
f 1016 1015 1051 1052
f 1017 1016 1052 1053
f 1018 1017 1053 1054
f 1019 1018 1054 1055
f 1020 1019 1055 1056
f 1021 1020 1056 1057
f 1022 1021 1057 1058
f 1023 1022 1058 1059
f 1024 1023 1059 1060
f 1025 1024 1060 1061
f 1026 1025 1061 1062
f 1027 1026 1062 1063
f 1028 1027 1063 1064
f 1029 1028 1064 1065
f 1030 1029 1065 1066
f 1031 1030 1066 1067
f 1032 1031 1067 1068
f 1033 1032 1068 1069
f 1034 1033 1069 1070
f 1035 1034 1070 1071
f 1036 1035 1071 1072
f 1037 1036 1072 1073
f 1038 1037 1073 1074
f 1039 1038 1074 1075
f 1040 1039 1075 1076
f 1041 1040 1076 1077
f 1042 1041 1077 1078
f 1043 1042 1078 1079
f 1044 1043 1079 1080
f 1046 1045 1081 1082
f 1047 1046 1082 1083
f 1048 1047 1083 1084
f 1049 1048 1084 1085
f 1050 1049 1085 1086
f 1051 1050 1086 1087
f 1052 1051 1087 1088
f 1053 1052 1088 1089
f 1054 1053 1089 1090
f 1055 1054 1090 1091
f 1056 1055 1091 1092
f 1057 1056 1092 1093
f 1058 1057 1093 1094
f 1059 1058 1094 1095
f 1060 1059 1095 1096
f 1061 1060 1096 1097
f 1062 1061 1097 1098
f 1063 1062 1098 1099
f 1064 1063 1099 1100
f 1065 1064 1100 1101
f 1066 1065 1101 1102
f 1067 1066 1102 1103
f 1068 1067 1103 1104
f 1069 1068 1104 1105
f 1070 1069 1105 1106
f 1071 1070 1106 1107
f 1072 1071 1107 1108
f 1073 1072 1108 1109
f 1074 1073 1109 1110
f 1075 1074 1110 1111
f 1076 1075 1111 1112
f 1077 1076 1112 1113
f 1078 1077 1113 1114
f 1079 1078 1114 1115
f 1080 1079 1115 1116
f 1082 1081 1117 1118
f 1083 1082 1118 1119
f 1084 1083 1119 1120
f 1085 1084 1120 1121
f 1086 1085 1121 1122
f 1087 1086 1122 1123
f 1088 1087 1123 1124
f 1089 1088 1124 1125
f 1090 1089 1125 1126
f 1091 1090 1126 1127
f 1092 1091 1127 1128
f 1093 1092 1128 1129
f 1094 1093 1129 1130
f 1095 1094 1130 1131
f 1096 1095 1131 1132
f 1097 1096 1132 1133
f 1098 1097 1133 1134
f 1099 1098 1134 1135
f 1100 1099 1135 1136
f 1101 1100 1136 1137
f 1102 1101 1137 1138
f 1103 1102 1138 1139
f 1104 1103 1139 1140
f 1105 1104 1140 1141
f 1106 1105 1141 1142
f 1107 1106 1142 1143
f 1108 1107 1143 1144
f 1109 1108 1144 1145
f 1110 1109 1145 1146
f 1111 1110 1146 1147
f 1112 1111 1147 1148
f 1113 1112 1148 1149
f 1114 1113 1149 1150
f 1115 1114 1150 1151
f 1116 1115 1151 1152
f 1118 1117 1153 1154
f 1119 1118 1154 1155
f 1120 1119 1155 1156
f 1121 1120 1156 1157
f 1122 1121 1157 1158
f 1123 1122 1158 1159
f 1124 1123 1159 1160
f 1125 1124 1160 1161
f 1126 1125 1161 1162
f 1127 1126 1162 1163
f 1128 1127 1163 1164
f 1129 1128 1164 1165
f 1130 1129 1165 1166
f 1131 1130 1166 1167
f 1132 1131 1167 1168
f 1133 1132 1168 1169
f 1134 1133 1169 1170
f 1135 1134 1170 1171
f 1136 1135 1171 1172
f 1137 1136 1172 1173
f 1138 1137 1173 1174
f 1139 1138 1174 1175
f 1140 1139 1175 1176
f 1141 1140 1176 1177
f 1142 1141 1177 1178
f 1143 1142 1178 1179
f 1144 1143 1179 1180
f 1145 1144 1180 1181
f 1146 1145 1181 1182
f 1147 1146 1182 1183
f 1148 1147 1183 1184
f 1149 1148 1184 1185
f 1150 1149 1185 1186
f 1151 1150 1186 1187
f 1152 1151 1187 1188
f 1154 1153 1189 1190
f 1155 1154 1190 1191
f 1156 1155 1191 1192
f 1157 1156 1192 1193
f 1158 1157 1193 1194
f 1159 1158 1194 1195
f 1160 1159 1195 1196
f 1161 1160 1196 1197
f 1162 1161 1197 1198
f 1163 1162 1198 1199
f 1164 1163 1199 1200
f 1165 1164 1200 1201
f 1166 1165 1201 1202
f 1167 1166 1202 1203
f 1168 1167 1203 1204
f 1169 1168 1204 1205
f 1170 1169 1205 1206
f 1171 1170 1206 1207
f 1172 1171 1207 1208
f 1173 1172 1208 1209
f 1174 1173 1209 1210
f 1175 1174 1210 1211
f 1176 1175 1211 1212
f 1177 1176 1212 1213
f 1178 1177 1213 1214
f 1179 1178 1214 1215
f 1180 1179 1215 1216
f 1181 1180 1216 1217
f 1182 1181 1217 1218
f 1183 1182 1218 1219
f 1184 1183 1219 1220
f 1185 1184 1220 1221
f 1186 1185 1221 1222
f 1187 1186 1222 1223
f 1188 1187 1223 1224
f 1190 1189 1225 1226
f 1191 1190 1226 1227
f 1192 1191 1227 1228
f 1193 1192 1228 1229
f 1194 1193 1229 1230
f 1195 1194 1230 1231
f 1196 1195 1231 1232
f 1197 1196 1232 1233
f 1198 1197 1233 1234
f 1199 1198 1234 1235
f 1200 1199 1235 1236
f 1201 1200 1236 1237
f 1202 1201 1237 1238
f 1203 1202 1238 1239
f 1204 1203 1239 1240
f 1205 1204 1240 1241
f 1206 1205 1241 1242
f 1207 1206 1242 1243
f 1208 1207 1243 1244
f 1209 1208 1244 1245
f 1210 1209 1245 1246
f 1211 1210 1246 1247
f 1212 1211 1247 1248
f 1213 1212 1248 1249
f 1214 1213 1249 1250
f 1215 1214 1250 1251
f 1216 1215 1251 1252
f 1217 1216 1252 1253
f 1218 1217 1253 1254
f 1219 1218 1254 1255
f 1220 1219 1255 1256
f 1221 1220 1256 1257
f 1222 1221 1257 1258
f 1223 1222 1258 1259
f 1224 1223 1259 1260
f 1226 1225 1261 1262
f 1227 1226 1262 1263
f 1228 1227 1263 1264
f 1229 1228 1264 1265
f 1230 1229 1265 1266
f 1231 1230 1266 1267
f 1232 1231 1267 1268
f 1233 1232 1268 1269
f 1234 1233 1269 1270
f 1235 1234 1270 1271
f 1236 1235 1271 1272
f 1237 1236 1272 1273
f 1238 1237 1273 1274
f 1239 1238 1274 1275
f 1240 1239 1275 1276
f 1241 1240 1276 1277
f 1242 1241 1277 1278
f 1243 1242 1278 1279
f 1244 1243 1279 1280
f 1245 1244 1280 1281
f 1246 1245 1281 1282
f 1247 1246 1282 1283
f 1248 1247 1283 1284
f 1249 1248 1284 1285
f 1250 1249 1285 1286
f 1251 1250 1286 1287
f 1252 1251 1287 1288
f 1253 1252 1288 1289
f 1254 1253 1289 1290
f 1255 1254 1290 1291
f 1256 1255 1291 1292
f 1257 1256 1292 1293
f 1258 1257 1293 1294
f 1259 1258 1294 1295
f 1260 1259 1295 1296
