# Blender v2.79 (sub 0) OBJ File: ''
# www.blender.org
v -5.000000 0.000000 5.000000
v -5.000000 0.000000 4.090909
v -5.000000 0.000000 3.181818
v -5.000000 0.000000 2.272727
v -5.000000 0.000000 1.363636
v -5.000000 0.000000 0.454545
v -5.000000 0.000000 -0.454545
v -5.000000 0.000000 -1.363636
v -5.000000 0.000000 -2.272727
v -5.000000 0.000000 -3.181818
v -5.000000 0.000000 -4.090909
v -5.000000 0.000000 -5.000000
v -4.090909 0.000000 5.000000
v -4.090909 0.001273 4.090909
v -4.090909 0.066204 3.181818
v -4.090909 0.285444 2.272727
v -4.090909 0.486547 1.363636
v -4.090909 0.587352 0.454545
v -4.090909 0.504422 -0.454545
v -4.090909 0.199522 -1.363636
v -4.090909 0.112686 -2.272727
v -4.090909 -0.053647 -3.181818
v -4.090909 -0.006771 -4.090909
v -4.090909 0.000000 -5.000000
v -3.181818 0.000000 5.000000
v -3.181818 -0.075943 4.090909
v -3.181818 -0.243222 3.181818
v -3.181818 0.172759 2.272727
v -3.181818 0.780346 1.363636
v -3.181818 1.352912 0.454545
v -3.181818 1.146932 -0.454545
v -3.181818 0.228835 -1.363636
v -3.181818 -0.182483 -2.272727
v -3.181818 -0.407678 -3.181818
v -3.181818 -0.196514 -4.090909
v -3.181818 0.000000 -5.000000
v -2.272727 0.000000 5.000000
v -2.272727 -0.353034 4.090909
v -2.272727 -0.652280 3.181818
v -2.272727 -0.230229 2.272727
v -2.272727 0.455700 1.363636
v -2.272727 1.950312 0.454545
v -2.272727 1.066035 -0.454545
v -2.272727 -0.138683 -1.363636
v -2.272727 -0.454996 -2.272727
v -2.272727 -0.426102 -3.181818
v -2.272727 -0.232241 -4.090909
v -2.272727 0.000000 -5.000000
v -1.363636 0.000000 5.000000
v -1.363636 -0.272370 4.090909
v -1.363636 -0.640443 3.181818
v -1.363636 -0.461162 2.272727
v -1.363636 0.936169 1.363636
v -1.363636 0.676803 0.454545
v -1.363636 0.566137 -0.454545
v -1.363636 -0.597147 -1.363636
v -1.363636 -0.823965 -2.272727
v -1.363636 -0.494796 -3.181818
v -1.363636 -0.372864 -4.090909
v -1.363636 0.000000 -5.000000
v -0.454545 0.000000 5.000000
v -0.454545 -0.179376 4.090909
v -0.454545 -0.452570 3.181818
v -0.454545 -0.252082 2.272727
v -0.454545 0.104918 1.363636
v -0.454545 -0.191517 0.454545
v -0.454545 -0.520135 -0.454545
v -0.454545 -1.004981 -1.363636
v -0.454545 -0.563062 -2.272727
v -0.454545 -0.620506 -3.181818
v -0.454545 -0.292699 -4.090909
v -0.454545 0.000000 -5.000000
v 0.454545 0.000000 5.000000
v 0.454545 -0.028518 4.090909
v 0.454545 -0.414865 3.181818
v 0.454545 -0.522841 2.272727
v 0.454545 0.020248 1.363636
v 0.454545 0.064629 0.454545
v 0.454545 -0.666029 -0.454545
v 0.454545 -1.151312 -1.363636
v 0.454545 -0.839001 -2.272727
v 0.454545 -0.465307 -3.181818
v 0.454545 -0.287828 -4.090909
v 0.454545 0.000000 -5.000000
v 1.363636 0.000000 5.000000
v 1.363636 0.056783 4.090909
v 1.363636 0.235195 3.181818
v 1.363636 0.459327 2.272727
v 1.363636 1.094269 1.363636
v 1.363636 0.822115 0.454545
v 1.363636 -0.126735 -0.454545
v 1.363636 -1.003465 -1.363636
v 1.363636 -0.978687 -2.272727
v 1.363636 -0.514401 -3.181818
v 1.363636 -0.182389 -4.090909
v 1.363636 0.000000 -5.000000
v 2.272727 0.000000 5.000000
v 2.272727 0.295778 4.090909
v 2.272727 0.983194 3.181818
v 2.272727 1.143495 2.272727
v 2.272727 1.678601 1.363636
v 2.272727 1.155610 0.454545
v 2.272727 0.647260 -0.454545
v 2.272727 0.008857 -1.363636
v 2.272727 -0.659320 -2.272727
v 2.272727 -0.377586 -3.181818
v 2.272727 -0.057177 -4.090909
v 2.272727 0.000000 -5.000000
v 3.181818 0.000000 5.000000
v 3.181818 0.297707 4.090909
v 3.181818 1.083162 3.181818
v 3.181818 1.542710 2.272727
v 3.181818 1.381308 1.363636
v 3.181818 0.985515 0.454545
v 3.181818 0.874395 -0.454545
v 3.181818 0.275499 -1.363636
v 3.181818 -0.194666 -2.272727
v 3.181818 -0.074792 -3.181818
v 3.181818 -0.101860 -4.090909
v 3.181818 0.000000 -5.000000
v 4.090909 0.000000 5.000000
v 4.090909 0.021291 4.090909
v 4.090909 0.387175 3.181818
v 4.090909 0.600943 2.272727
v 4.090909 0.480557 1.363636
v 4.090909 0.421366 0.454545
v 4.090909 0.140206 -0.454545
v 4.090909 -0.040506 -1.363636
v 4.090909 -0.103322 -2.272727
v 4.090909 -0.101677 -3.181818
v 4.090909 -0.006320 -4.090909
v 4.090909 0.000000 -5.000000
v 5.000000 0.000000 5.000000
v 5.000000 0.000000 4.090909
v 5.000000 0.000000 3.181818
v 5.000000 0.000000 2.272727
v 5.000000 0.000000 1.363636
v 5.000000 0.000000 0.454545
v 5.000000 0.000000 -0.454545
v 5.000000 0.000000 -1.363636
v 5.000000 0.000000 -2.272727
v 5.000000 0.000000 -3.181818
v 5.000000 0.000000 -4.090909
v 5.000000 0.000000 -5.000000
s 1
f 2 1 13 14
f 3 2 14 15
f 4 3 15 16
f 5 4 16 17
f 6 5 17 18
f 7 6 18 19
f 8 7 19 20
f 9 8 20 21
f 10 9 21 22
f 11 10 22 23
f 12 11 23 24
f 14 13 25 26
f 15 14 26 27
f 16 15 27 28
f 17 16 28 29
f 18 17 29 30
f 19 18 30 31
f 20 19 31 32
f 21 20 32 33
f 22 21 33 34
f 23 22 34 35
f 24 23 35 36
f 26 25 37 38
f 27 26 38 39
f 28 27 39 40
f 29 28 40 41
f 30 29 41 42
f 31 30 42 43
f 32 31 43 44
f 33 32 44 45
f 34 33 45 46
f 35 34 46 47
f 36 35 47 48
f 38 37 49 50
f 39 38 50 51
f 40 39 51 52
f 41 40 52 53
f 42 41 53 54
f 43 42 54 55
f 44 43 55 56
f 45 44 56 57
f 46 45 57 58
f 47 46 58 59
f 48 47 59 60
f 50 49 61 62
f 51 50 62 63
f 52 51 63 64
f 53 52 64 65
f 54 53 65 66
f 55 54 66 67
f 56 55 67 68
f 57 56 68 69
f 58 57 69 70
f 59 58 70 71
f 60 59 71 72
f 62 61 73 74
f 63 62 74 75
f 64 63 75 76
f 65 64 76 77
f 66 65 77 78
f 67 66 78 79
f 68 67 79 80
f 69 68 80 81
f 70 69 81 82
f 71 70 82 83
f 72 71 83 84
f 74 73 85 86
f 75 74 86 87
f 76 75 87 88
f 77 76 88 89
f 78 77 89 90
f 79 78 90 91
f 80 79 91 92
f 81 80 92 93
f 82 81 93 94
f 83 82 94 95
f 84 83 95 96
f 86 85 97 98
f 87 86 98 99
f 88 87 99 100
f 89 88 100 101
f 90 89 101 102
f 91 90 102 103
f 92 91 103 104
f 93 92 104 105
f 94 93 105 106
f 95 94 106 107
f 96 95 107 108
f 98 97 109 110
f 99 98 110 111
f 100 99 111 112
f 101 100 112 113
f 102 101 113 114
f 103 102 114 115
f 104 103 115 116
f 105 104 116 117
f 106 105 117 118
f 107 106 118 119
f 108 107 119 120
f 110 109 121 122
f 111 110 122 123
f 112 111 123 124
f 113 112 124 125
f 114 113 125 126
f 115 114 126 127
f 116 115 127 128
f 117 116 128 129
f 118 117 129 130
f 119 118 130 131
f 120 119 131 132
f 122 121 133 134
f 123 122 134 135
f 124 123 135 136
f 125 124 136 137
f 126 125 137 138
f 127 126 138 139
f 128 127 139 140
f 129 128 140 141
f 130 129 141 142
f 131 130 142 143
f 132 131 143 144
