# Blender v2.79 (sub 0) OBJ File: ''
# www.blender.org
v -5.000000 0.000000 5.000000
v -5.000000 0.000000 4.629630
v -5.000000 0.000000 4.259259
v -5.000000 0.000000 3.888889
v -5.000000 0.000000 3.518518
v -5.000000 0.000000 3.148148
v -5.000000 0.000000 2.777778
v -5.000000 0.000000 2.407408
v -5.000000 0.000000 2.037037
v -5.000000 0.000000 1.666667
v -5.000000 0.000000 1.296296
v -5.000000 0.000000 0.925926
v -5.000000 0.000000 0.555556
v -5.000000 0.000000 0.185185
v -5.000000 0.000000 -0.185185
v -5.000000 0.000000 -0.555556
v -5.000000 0.000000 -0.925926
v -5.000000 0.000000 -1.296296
v -5.000000 0.000000 -1.666667
v -5.000000 0.000000 -2.037037
v -5.000000 0.000000 -2.407408
v -5.000000 0.000000 -2.777778
v -5.000000 0.000000 -3.148148
v -5.000000 0.000000 -3.518518
v -5.000000 0.000000 -3.888889
v -5.000000 0.000000 -4.259259
v -5.000000 0.000000 -4.629630
v -5.000000 0.000000 -5.000000
v -4.629630 0.000000 5.000000
v -4.629630 0.000000 4.629630
v -4.629630 0.000000 4.259259
v -4.629630 0.000000 3.888889
v -4.629630 0.000294 3.518518
v -4.629630 0.011679 3.148148
v -4.629630 0.039165 2.777778
v -4.629630 0.064048 2.407408
v -4.629630 0.090523 2.037037
v -4.629630 0.100256 1.666667
v -4.629630 0.110090 1.296296
v -4.629630 0.131698 0.925926
v -4.629630 0.114679 0.555556
v -4.629630 0.101684 0.185185
v -4.629630 0.118402 -0.185185
v -4.629630 0.114935 -0.555556
v -4.629630 0.091320 -0.925926
v -4.629630 0.067050 -1.296296
v -4.629630 0.036723 -1.666667
v -4.629630 0.034271 -2.037037
v -4.629630 0.028908 -2.407408
v -4.629630 0.006997 -2.777778
v -4.629630 -0.001376 -3.148148
v -4.629630 -0.000163 -3.518518
v -4.629630 0.000000 -3.888889
v -4.629630 0.000000 -4.259259
v -4.629630 0.000000 -4.629630
v -4.629630 0.000000 -5.000000
v -4.259259 0.000000 5.000000
v -4.259259 0.000000 4.629630
v -4.259259 0.000000 4.259259
v -4.259259 0.003539 3.888889
v -4.259259 0.023204 3.518518
v -4.259259 0.074081 3.148148
v -4.259259 0.145697 2.777778
v -4.259259 0.207931 2.407408
v -4.259259 0.238767 2.037037
v -4.259259 0.334065 1.666667
v -4.259259 0.375836 1.296296
v -4.259259 0.427647 0.925926
v -4.259259 0.416179 0.555556
v -4.259259 0.407478 0.185185
v -4.259259 0.427235 -0.185185
v -4.259259 0.353713 -0.555556
v -4.259259 0.270003 -0.925926
v -4.259259 0.177697 -1.296296
v -4.259259 0.102795 -1.666667
v -4.259259 0.125271 -2.037037
v -4.259259 0.062673 -2.407408
v -4.259259 0.010253 -2.777778
v -4.259259 -0.020625 -3.148148
v -4.259259 -0.021102 -3.518518
v -4.259259 -0.006748 -3.888889
v -4.259259 0.000000 -4.259259
v -4.259259 0.000000 -4.629630
v -4.259259 0.000000 -5.000000
v -3.888889 0.000000 5.000000
v -3.888889 0.000000 4.629630
v -3.888889 -0.002470 4.259259
v -3.888889 -0.005395 3.888889
v -3.888889 -0.003239 3.518518
v -3.888889 0.007490 3.148148
v -3.888889 0.148771 2.777778
v -3.888889 0.319691 2.407408
v -3.888889 0.457549 2.037037
v -3.888889 0.590900 1.666667
v -3.888889 0.663562 1.296296
v -3.888889 0.770567 0.925926
v -3.888889 0.793756 0.555556
v -3.888889 0.771396 0.185185
v -3.888889 0.740252 -0.185185
v -3.888889 0.654151 -0.555556
v -3.888889 0.460193 -0.925926
v -3.888889 0.239722 -1.296296
v -3.888889 0.128092 -1.666667
v -3.888889 0.173747 -2.037037
v -3.888889 0.056498 -2.407408
v -3.888889 -0.046404 -2.777778
v -3.888889 -0.080893 -3.148148
v -3.888889 -0.105360 -3.518518
v -3.888889 -0.061962 -3.888889
v -3.888889 -0.009808 -4.259259
v -3.888889 0.000000 -4.629630
v -3.888889 0.000000 -5.000000
v -3.518518 0.000000 5.000000
v -3.518518 -0.000198 4.629630
v -3.518518 -0.015364 4.259259
v -3.518518 -0.032117 3.888889
v -3.518518 -0.064736 3.518518
v -3.518518 -0.016212 3.148148
v -3.518518 0.039008 2.777778
v -3.518518 0.317898 2.407408
v -3.518518 0.443270 2.037037
v -3.518518 0.682493 1.666667
v -3.518518 0.838541 1.296296
v -3.518518 1.003973 0.925926
v -3.518518 1.071988 0.555556
v -3.518518 1.192346 0.185185
v -3.518518 1.212823 -0.185185
v -3.518518 0.930091 -0.555556
v -3.518518 0.596596 -0.925926
v -3.518518 0.322448 -1.296296
v -3.518518 0.169670 -1.666667
v -3.518518 0.087081 -2.037037
v -3.518518 -0.077177 -2.407408
v -3.518518 -0.180658 -2.777778
v -3.518518 -0.238009 -3.148148
v -3.518518 -0.248998 -3.518518
v -3.518518 -0.157708 -3.888889
v -3.518518 -0.057164 -4.259259
v -3.518518 -0.000461 -4.629630
v -3.518518 0.000000 -5.000000
v -3.148148 0.000000 5.000000
v -3.148148 -0.007590 4.629630
v -3.148148 -0.053389 4.259259
v -3.148148 -0.140816 3.888889
v -3.148148 -0.168910 3.518518
v -3.148148 -0.254186 3.148148
v -3.148148 -0.144660 2.777778
v -3.148148 0.135810 2.407408
v -3.148148 0.327005 2.037037
v -3.148148 0.592461 1.666667
v -3.148148 0.806262 1.296296
v -3.148148 1.115622 0.925926
v -3.148148 1.332618 0.555556
v -3.148148 1.588301 0.185185
v -3.148148 1.527936 -0.185185
v -3.148148 1.039371 -0.555556
v -3.148148 0.670052 -0.925926
v -3.148148 0.261183 -1.296296
v -3.148148 0.060561 -1.666667
v -3.148148 -0.107030 -2.037037
v -3.148148 -0.205710 -2.407408
v -3.148148 -0.309949 -2.777778
v -3.148148 -0.420173 -3.148148
v -3.148148 -0.429298 -3.518518
v -3.148148 -0.298373 -3.888889
v -3.148148 -0.129420 -4.259259
v -3.148148 -0.016205 -4.629630
v -3.148148 0.000000 -5.000000
v -2.777778 0.000000 5.000000
v -2.777778 -0.025779 4.629630
v -2.777778 -0.151593 4.259259
v -2.777778 -0.308729 3.888889
v -2.777778 -0.447932 3.518518
v -2.777778 -0.446915 3.148148
v -2.777778 -0.381001 2.777778
v -2.777778 -0.097384 2.407408
v -2.777778 0.142794 2.037037
v -2.777778 0.402589 1.666667
v -2.777778 0.638237 1.296296
v -2.777778 0.943217 0.925926
v -2.777778 1.507947 0.555556
v -2.777778 1.709207 0.185185
v -2.777778 1.430357 -0.185185
v -2.777778 0.979686 -0.555556
v -2.777778 0.590413 -0.925926
v -2.777778 0.096394 -1.296296
v -2.777778 -0.162887 -1.666667
v -2.777778 -0.407010 -2.037037
v -2.777778 -0.456943 -2.407408
v -2.777778 -0.465970 -2.777778
v -2.777778 -0.469473 -3.148148
v -2.777778 -0.372453 -3.518518
v -2.777778 -0.325684 -3.888889
v -2.777778 -0.170968 -4.259259
v -2.777778 -0.038641 -4.629630
v -2.777778 0.000000 -5.000000
v -2.407408 0.000000 5.000000
v -2.407408 -0.055974 4.629630
v -2.407408 -0.238208 4.259259
v -2.407408 -0.470387 3.888889
v -2.407408 -0.609634 3.518518
v -2.407408 -0.663976 3.148148
v -2.407408 -0.462759 2.777778
v -2.407408 -0.236198 2.407408
v -2.407408 -0.090446 2.037037
v -2.407408 0.118747 1.666667
v -2.407408 0.468481 1.296296
v -2.407408 1.024975 0.925926
v -2.407408 1.857716 0.555556
v -2.407408 1.847596 0.185185
v -2.407408 1.397749 -0.185185
v -2.407408 0.928834 -0.555556
v -2.407408 0.567650 -0.925926
v -2.407408 0.034629 -1.296296
v -2.407408 -0.353525 -1.666667
v -2.407408 -0.407679 -2.037037
v -2.407408 -0.518894 -2.407408
v -2.407408 -0.508940 -2.777778
v -2.407408 -0.494750 -3.148148
v -2.407408 -0.347486 -3.518518
v -2.407408 -0.289770 -3.888889
v -2.407408 -0.160836 -4.259259
v -2.407408 -0.050375 -4.629630
v -2.407408 0.000000 -5.000000
v -2.037037 0.000000 5.000000
v -2.037037 -0.064865 4.629630
v -2.037037 -0.240817 4.259259
v -2.037037 -0.443882 3.888889
v -2.037037 -0.508252 3.518518
v -2.037037 -0.574522 3.148148
v -2.037037 -0.292676 2.777778
v -2.037037 -0.275593 2.407408
v -2.037037 -0.280615 2.037037
v -2.037037 0.165216 1.666667
v -2.037037 0.751125 1.296296
v -2.037037 1.276772 0.925926
v -2.037037 1.700021 0.555556
v -2.037037 1.768654 0.185185
v -2.037037 1.405609 -0.185185
v -2.037037 0.986521 -0.555556
v -2.037037 0.444191 -0.925926
v -2.037037 -0.143164 -1.296296
v -2.037037 -0.514769 -1.666667
v -2.037037 -0.575946 -2.037037
v -2.037037 -0.400759 -2.407408
v -2.037037 -0.342471 -2.777778
v -2.037037 -0.411167 -3.148148
v -2.037037 -0.307449 -3.518518
v -2.037037 -0.290911 -3.888889
v -2.037037 -0.188442 -4.259259
v -2.037037 -0.055253 -4.629630
v -2.037037 0.000000 -5.000000
v -1.666667 0.000000 5.000000
v -1.666667 -0.054012 4.629630
v -1.666667 -0.221429 4.259259
v -1.666667 -0.380158 3.888889
v -1.666667 -0.367929 3.518518
v -1.666667 -0.477394 3.148148
v -1.666667 -0.366091 2.777778
v -1.666667 -0.380954 2.407408
v -1.666667 -0.131393 2.037037
v -1.666667 0.242236 1.666667
v -1.666667 1.029287 1.296296
v -1.666667 1.042743 0.925926
v -1.666667 1.217317 0.555556
v -1.666667 1.053632 0.185185
v -1.666667 1.109086 -0.185185
v -1.666667 0.764967 -0.555556
v -1.666667 0.161233 -0.925926
v -1.666667 -0.331037 -1.296296
v -1.666667 -0.634958 -1.666667
v -1.666667 -0.653143 -2.037037
v -1.666667 -0.609307 -2.407408
v -1.666667 -0.356039 -2.777778
v -1.666667 -0.461878 -3.148148
v -1.666667 -0.482988 -3.518518
v -1.666667 -0.417347 -3.888889
v -1.666667 -0.201803 -4.259259
v -1.666667 -0.043367 -4.629630
v -1.666667 0.000000 -5.000000
v -1.296296 0.000000 5.000000
v -1.296296 -0.047915 4.629630
v -1.296296 -0.175645 4.259259
v -1.296296 -0.352470 3.888889
v -1.296296 -0.483417 3.518518
v -1.296296 -0.629589 3.148148
v -1.296296 -0.484056 2.777778
v -1.296296 -0.450376 2.407408
v -1.296296 -0.115308 2.037037
v -1.296296 0.405548 1.666667
v -1.296296 0.970300 1.296296
v -1.296296 1.066828 0.925926
v -1.296296 0.654262 0.555556
v -1.296296 0.163753 0.185185
v -1.296296 0.338570 -0.185185
v -1.296296 0.440606 -0.555556
v -1.296296 -0.073311 -0.925926
v -1.296296 -0.631048 -1.296296
v -1.296296 -0.740005 -1.666667
v -1.296296 -0.795077 -2.037037
v -1.296296 -0.898459 -2.407408
v -1.296296 -0.640820 -2.777778
v -1.296296 -0.529154 -3.148148
v -1.296296 -0.537133 -3.518518
v -1.296296 -0.478781 -3.888889
v -1.296296 -0.234832 -4.259259
v -1.296296 -0.060391 -4.629630
v -1.296296 0.000000 -5.000000
v -0.925926 0.000000 5.000000
v -0.925926 -0.043407 4.629630
v -0.925926 -0.157143 4.259259
v -0.925926 -0.314234 3.888889
v -0.925926 -0.436372 3.518518
v -0.925926 -0.575198 3.148148
v -0.925926 -0.507915 2.777778
v -0.925926 -0.371801 2.407408
v -0.925926 -0.019195 2.037037
v -0.925926 0.508981 1.666667
v -0.925926 0.477153 1.296296
v -0.925926 0.619699 0.925926
v -0.925926 0.325477 0.555556
v -0.925926 -0.209556 0.185185
v -0.925926 -0.072384 -0.185185
v -0.925926 -0.114628 -0.555556
v -0.925926 -0.544270 -0.925926
v -0.925926 -0.691797 -1.296296
v -0.925926 -0.578492 -1.666667
v -0.925926 -0.600786 -2.037037
v -0.925926 -0.674956 -2.407408
v -0.925926 -0.773623 -2.777778
v -0.925926 -0.800000 -3.148148
v -0.925926 -0.628330 -3.518518
v -0.925926 -0.548599 -3.888889
v -0.925926 -0.234120 -4.259259
v -0.925926 -0.058500 -4.629630
v -0.925926 0.000000 -5.000000
v -0.555556 0.000000 5.000000
v -0.555556 -0.028440 4.629630
v -0.555556 -0.126629 4.259259
v -0.555556 -0.285634 3.888889
v -0.555556 -0.322767 3.518518
v -0.555556 -0.543443 3.148148
v -0.555556 -0.516677 2.777778
v -0.555556 -0.353907 2.407408
v -0.555556 -0.055533 2.037037
v -0.555556 0.188888 1.666667
v -0.555556 0.184478 1.296296
v -0.555556 0.047530 0.925926
v -0.555556 0.004830 0.555556
v -0.555556 -0.470925 0.185185
v -0.555556 -0.333713 -0.185185
v -0.555556 -0.551966 -0.555556
v -0.555556 -0.807118 -0.925926
v -0.555556 -0.974792 -1.296296
v -0.555556 -0.852580 -1.666667
v -0.555556 -0.604443 -2.037037
v -0.555556 -0.546522 -2.407408
v -0.555556 -0.639558 -2.777778
v -0.555556 -0.664929 -3.148148
v -0.555556 -0.592359 -3.518518
v -0.555556 -0.434888 -3.888889
v -0.555556 -0.190360 -4.259259
v -0.555556 -0.046811 -4.629630
v -0.555556 0.000000 -5.000000
v -0.185185 0.000000 5.000000
v -0.185185 -0.013116 4.629630
v -0.185185 -0.128407 4.259259
v -0.185185 -0.233745 3.888889
v -0.185185 -0.291375 3.518518
v -0.185185 -0.444579 3.148148
v -0.185185 -0.486804 2.777778
v -0.185185 -0.372908 2.407408
v -0.185185 -0.409012 2.037037
v -0.185185 -0.305591 1.666667
v -0.185185 -0.008140 1.296296
v -0.185185 -0.194903 0.925926
v -0.185185 -0.373364 0.555556
v -0.185185 -0.563164 0.185185
v -0.185185 -0.469262 -0.185185
v -0.185185 -0.562528 -0.555556
v -0.185185 -0.866325 -0.925926
v -0.185185 -1.111861 -1.296296
v -0.185185 -0.939493 -1.666667
v -0.185185 -0.794228 -2.037037
v -0.185185 -0.699372 -2.407408
v -0.185185 -0.604503 -2.777778
v -0.185185 -0.458220 -3.148148
v -0.185185 -0.410111 -3.518518
v -0.185185 -0.344309 -3.888889
v -0.185185 -0.167820 -4.259259
v -0.185185 -0.042609 -4.629630
v -0.185185 0.000000 -5.000000
v 0.185185 0.000000 5.000000
v 0.185185 -0.008583 4.629630
v 0.185185 -0.057916 4.259259
v 0.185185 -0.201613 3.888889
v 0.185185 -0.325650 3.518518
v 0.185185 -0.468074 3.148148
v 0.185185 -0.390420 2.777778
v 0.185185 -0.461961 2.407408
v 0.185185 -0.484026 2.037037
v 0.185185 -0.177196 1.666667
v 0.185185 0.043641 1.296296
v 0.185185 0.171886 0.925926
v 0.185185 -0.192364 0.555556
v 0.185185 -0.369928 0.185185
v 0.185185 -0.455725 -0.185185
v 0.185185 -0.638741 -0.555556
v 0.185185 -1.056545 -0.925926
v 0.185185 -1.125089 -1.296296
v 0.185185 -1.111485 -1.666667
v 0.185185 -0.903232 -2.037037
v 0.185185 -0.674716 -2.407408
v 0.185185 -0.454309 -2.777778
v 0.185185 -0.440873 -3.148148
v 0.185185 -0.417676 -3.518518
v 0.185185 -0.348912 -3.888889
v 0.185185 -0.167391 -4.259259
v 0.185185 -0.046875 -4.629630
v 0.185185 0.000000 -5.000000
v 0.555556 0.000000 5.000000
v 0.555556 0.014219 4.629630
v 0.555556 0.037826 4.259259
v 0.555556 -0.039123 3.888889
v 0.555556 -0.121328 3.518518
v 0.555556 -0.383474 3.148148
v 0.555556 -0.316938 2.777778
v 0.555556 -0.392785 2.407408
v 0.555556 -0.389727 2.037037
v 0.555556 -0.127682 1.666667
v 0.555556 0.103221 1.296296
v 0.555556 0.301914 0.925926
v 0.555556 0.225050 0.555556
v 0.555556 -0.272750 0.185185
v 0.555556 -0.488803 -0.185185
v 0.555556 -0.904163 -0.555556
v 0.555556 -1.077639 -0.925926
v 0.555556 -1.186764 -1.296296
v 0.555556 -1.172735 -1.666667
v 0.555556 -1.068158 -2.037037
v 0.555556 -0.784534 -2.407408
v 0.555556 -0.659342 -2.777778
v 0.555556 -0.506708 -3.148148
v 0.555556 -0.427181 -3.518518
v 0.555556 -0.375587 -3.888889
v 0.555556 -0.185886 -4.259259
v 0.555556 -0.049676 -4.629630
v 0.555556 0.000000 -5.000000
v 0.925926 0.000000 5.000000
v 0.925926 0.021229 4.629630
v 0.925926 0.012640 4.259259
v 0.925926 -0.045977 3.888889
v 0.925926 -0.018939 3.518518
v 0.925926 -0.072081 3.148148
v 0.925926 -0.066809 2.777778
v 0.925926 -0.115094 2.407408
v 0.925926 0.206591 2.037037
v 0.925926 0.538483 1.666667
v 0.925926 0.427847 1.296296
v 0.925926 0.461021 0.925926
v 0.925926 0.434278 0.555556
v 0.925926 -0.104013 0.185185
v 0.925926 -0.528109 -0.185185
v 0.925926 -1.030893 -0.555556
v 0.925926 -1.111511 -0.925926
v 0.925926 -1.202365 -1.296296
v 0.925926 -1.140167 -1.666667
v 0.925926 -1.109809 -2.037037
v 0.925926 -0.988437 -2.407408
v 0.925926 -0.876946 -2.777778
v 0.925926 -0.546945 -3.148148
v 0.925926 -0.470810 -3.518518
v 0.925926 -0.393941 -3.888889
v 0.925926 -0.221775 -4.259259
v 0.925926 -0.044170 -4.629630
v 0.925926 0.000000 -5.000000
v 1.296296 0.000000 5.000000
v 1.296296 0.021979 4.629630
v 1.296296 0.018086 4.259259
v 1.296296 0.075312 3.888889
v 1.296296 0.159146 3.518518
v 1.296296 0.227565 3.148148
v 1.296296 0.274619 2.777778
v 1.296296 0.318350 2.407408
v 1.296296 0.567928 2.037037
v 1.296296 0.952426 1.666667
v 1.296296 0.900165 1.296296
v 1.296296 0.860020 0.925926
v 1.296296 0.768363 0.555556
v 1.296296 0.472334 0.185185
v 1.296296 0.142675 -0.185185
v 1.296296 -0.354223 -0.555556
v 1.296296 -0.818177 -0.925926
v 1.296296 -1.084107 -1.296296
v 1.296296 -1.000122 -1.666667
v 1.296296 -1.125934 -2.037037
v 1.296296 -0.973083 -2.407408
v 1.296296 -0.876929 -2.777778
v 1.296296 -0.504362 -3.148148
v 1.296296 -0.435378 -3.518518
v 1.296296 -0.317643 -3.888889
v 1.296296 -0.153941 -4.259259
v 1.296296 -0.027952 -4.629630
v 1.296296 0.000000 -5.000000
v 1.666667 0.000000 5.000000
v 1.666667 0.049733 4.629630
v 1.666667 0.079918 4.259259
v 1.666667 0.199620 3.888889
v 1.666667 0.353521 3.518518
v 1.666667 0.540954 3.148148
v 1.666667 0.662773 2.777778
v 1.666667 0.912399 2.407408
v 1.666667 1.144632 2.037037
v 1.666667 1.445217 1.666667
v 1.666667 1.332308 1.296296
v 1.666667 1.208123 0.925926
v 1.666667 1.058800 0.555556
v 1.666667 0.867023 0.185185
v 1.666667 0.642738 -0.185185
v 1.666667 0.240794 -0.555556
v 1.666667 -0.246399 -0.925926
v 1.666667 -0.516504 -1.296296
v 1.666667 -0.508992 -1.666667
v 1.666667 -0.867953 -2.037037
v 1.666667 -0.854584 -2.407408
v 1.666667 -0.798895 -2.777778
v 1.666667 -0.612223 -3.148148
v 1.666667 -0.345804 -3.518518
v 1.666667 -0.151280 -3.888889
v 1.666667 -0.068910 -4.259259
v 1.666667 -0.010193 -4.629630
v 1.666667 0.000000 -5.000000
v 2.037037 0.000000 5.000000
v 2.037037 0.060702 4.629630
v 2.037037 0.170411 4.259259
v 2.037037 0.398101 3.888889
v 2.037037 0.718110 3.518518
v 2.037037 0.880854 3.148148
v 2.037037 0.960102 2.777778
v 2.037037 1.099742 2.407408
v 2.037037 1.472074 2.037037
v 2.037037 1.616349 1.666667
v 2.037037 1.561519 1.296296
v 2.037037 1.352355 0.925926
v 2.037037 1.269810 0.555556
v 2.037037 1.063323 0.185185
v 2.037037 0.857241 -0.185185
v 2.037037 0.522100 -0.555556
v 2.037037 0.167999 -0.925926
v 2.037037 -0.244665 -1.296296
v 2.037037 -0.364379 -1.666667
v 2.037037 -0.596505 -2.037037
v 2.037037 -0.891092 -2.407408
v 2.037037 -0.669276 -2.777778
v 2.037037 -0.464873 -3.148148
v 2.037037 -0.189208 -3.518518
v 2.037037 -0.091492 -3.888889
v 2.037037 -0.023994 -4.259259
v 2.037037 0.002440 -4.629630
v 2.037037 0.000000 -5.000000
v 2.407408 0.000000 5.000000
v 2.407408 0.063605 4.629630
v 2.407408 0.238106 4.259259
v 2.407408 0.496321 3.888889
v 2.407408 0.814317 3.518518
v 2.407408 1.009668 3.148148
v 2.407408 0.949667 2.777778
v 2.407408 0.966535 2.407408
v 2.407408 1.278782 2.037037
v 2.407408 1.628507 1.666667
v 2.407408 1.610039 1.296296
v 2.407408 1.226780 0.925926
v 2.407408 1.086547 0.555556
v 2.407408 0.921441 0.185185
v 2.407408 0.848767 -0.185185
v 2.407408 0.627783 -0.555556
v 2.407408 0.366401 -0.925926
v 2.407408 0.240126 -1.296296
v 2.407408 -0.067019 -1.666667
v 2.407408 -0.341794 -2.037037
v 2.407408 -0.556990 -2.407408
v 2.407408 -0.418939 -2.777778
v 2.407408 -0.344400 -3.148148
v 2.407408 -0.151893 -3.518518
v 2.407408 -0.084821 -3.888889
v 2.407408 -0.029490 -4.259259
v 2.407408 -0.007720 -4.629630
v 2.407408 0.000000 -5.000000
v 2.777778 0.000000 5.000000
v 2.777778 0.044502 4.629630
v 2.777778 0.231070 4.259259
v 2.777778 0.484962 3.888889
v 2.777778 0.802752 3.518518
v 2.777778 1.018701 3.148148
v 2.777778 1.007622 2.777778
v 2.777778 1.172049 2.407408
v 2.777778 1.422809 2.037037
v 2.777778 1.660776 1.666667
v 2.777778 1.568682 1.296296
v 2.777778 1.157043 0.925926
v 2.777778 0.933526 0.555556
v 2.777778 1.033660 0.185185
v 2.777778 0.965765 -0.185185
v 2.777778 0.812866 -0.555556
v 2.777778 0.665437 -0.925926
v 2.777778 0.387717 -1.296296
v 2.777778 0.191352 -1.666667
v 2.777778 -0.081810 -2.037037
v 2.777778 -0.377635 -2.407408
v 2.777778 -0.304665 -2.777778
v 2.777778 -0.278098 -3.148148
v 2.777778 -0.084186 -3.518518
v 2.777778 -0.109365 -3.888889
v 2.777778 -0.048167 -4.259259
v 2.777778 -0.009217 -4.629630
v 2.777778 0.000000 -5.000000
v 3.148148 0.000000 5.000000
v 3.148148 0.021126 4.629630
v 3.148148 0.190691 4.259259
v 3.148148 0.428320 3.888889
v 3.148148 0.746393 3.518518
v 3.148148 1.106706 3.148148
v 3.148148 1.233624 2.777778
v 3.148148 1.481597 2.407408
v 3.148148 1.556638 2.037037
v 3.148148 1.541403 1.666667
v 3.148148 1.375342 1.296296
v 3.148148 1.206685 0.925926
v 3.148148 1.029298 0.555556
v 3.148148 0.934467 0.185185
v 3.148148 0.964302 -0.185185
v 3.148148 0.768513 -0.555556
v 3.148148 0.504362 -0.925926
v 3.148148 0.315044 -1.296296
v 3.148148 0.042890 -1.666667
v 3.148148 -0.080604 -2.037037
v 3.148148 -0.188957 -2.407408
v 3.148148 -0.103183 -2.777778
v 3.148148 -0.090028 -3.148148
v 3.148148 -0.041573 -3.518518
v 3.148148 -0.101923 -3.888889
v 3.148148 -0.056301 -4.259259
v 3.148148 -0.005438 -4.629630
v 3.148148 0.000000 -5.000000
v 3.518518 0.000000 5.000000
v 3.518518 0.000739 4.629630
v 3.518518 0.099900 4.259259
v 3.518518 0.323468 3.888889
v 3.518518 0.670533 3.518518
v 3.518518 0.960012 3.148148
v 3.518518 1.184948 2.777778
v 3.518518 1.209972 2.407408
v 3.518518 1.240614 2.037037
v 3.518518 1.154927 1.666667
v 3.518518 0.990037 1.296296
v 3.518518 0.925552 0.925926
v 3.518518 0.830713 0.555556
v 3.518518 0.698917 0.185185
v 3.518518 0.653196 -0.185185
v 3.518518 0.553129 -0.555556
v 3.518518 0.379026 -0.925926
v 3.518518 0.254243 -1.296296
v 3.518518 0.047679 -1.666667
v 3.518518 -0.121452 -2.037037
v 3.518518 -0.163518 -2.407408
v 3.518518 -0.120208 -2.777778
v 3.518518 -0.111123 -3.148148
v 3.518518 -0.082303 -3.518518
v 3.518518 -0.087999 -3.888889
v 3.518518 -0.035501 -4.259259
v 3.518518 -0.000185 -4.629630
v 3.518518 0.000000 -5.000000
v 3.888889 0.000000 5.000000
v 3.888889 0.000000 4.629630
v 3.888889 0.023587 4.259259
v 3.888889 0.153183 3.888889
v 3.888889 0.366064 3.518518
v 3.888889 0.622881 3.148148
v 3.888889 0.799831 2.777778
v 3.888889 0.843468 2.407408
v 3.888889 0.801178 2.037037
v 3.888889 0.654974 1.666667
v 3.888889 0.695629 1.296296
v 3.888889 0.639384 0.925926
v 3.888889 0.570464 0.555556
v 3.888889 0.450882 0.185185
v 3.888889 0.339509 -0.185185
v 3.888889 0.189273 -0.555556
v 3.888889 0.063504 -0.925926
v 3.888889 0.048255 -1.296296
v 3.888889 -0.050881 -1.666667
v 3.888889 -0.094489 -2.037037
v 3.888889 -0.120608 -2.407408
v 3.888889 -0.192325 -2.777778
v 3.888889 -0.134631 -3.148148
v 3.888889 -0.062005 -3.518518
v 3.888889 -0.046188 -3.888889
v 3.888889 -0.007788 -4.259259
v 3.888889 0.000000 -4.629630
v 3.888889 0.000000 -5.000000
v 4.259259 0.000000 5.000000
v 4.259259 0.000000 4.629630
v 4.259259 0.000000 4.259259
v 4.259259 0.022787 3.888889
v 4.259259 0.116325 3.518518
v 4.259259 0.240244 3.148148
v 4.259259 0.336302 2.777778
v 4.259259 0.404625 2.407408
v 4.259259 0.391884 2.037037
v 4.259259 0.341346 1.666667
v 4.259259 0.337731 1.296296
v 4.259259 0.332930 0.925926
v 4.259259 0.306895 0.555556
v 4.259259 0.248267 0.185185
v 4.259259 0.147845 -0.185185
v 4.259259 0.025261 -0.555556
v 4.259259 -0.022993 -0.925926
v 4.259259 -0.086911 -1.296296
v 4.259259 -0.116449 -1.666667
v 4.259259 -0.114330 -2.037037
v 4.259259 -0.104135 -2.407408
v 4.259259 -0.118975 -2.777778
v 4.259259 -0.066013 -3.148148
v 4.259259 -0.024027 -3.518518
v 4.259259 -0.006041 -3.888889
v 4.259259 0.000000 -4.259259
v 4.259259 0.000000 -4.629630
v 4.259259 0.000000 -5.000000
v 4.629630 0.000000 5.000000
v 4.629630 0.000000 4.629630
v 4.629630 0.000000 4.259259
v 4.629630 0.000000 3.888889
v 4.629630 0.000796 3.518518
v 4.629630 0.025120 3.148148
v 4.629630 0.062948 2.777778
v 4.629630 0.094078 2.407408
v 4.629630 0.103958 2.037037
v 4.629630 0.091566 1.666667
v 4.629630 0.092695 1.296296
v 4.629630 0.102322 0.925926
v 4.629630 0.076664 0.555556
v 4.629630 0.059286 0.185185
v 4.629630 0.034797 -0.185185
v 4.629630 0.003367 -0.555556
v 4.629630 -0.020969 -0.925926
v 4.629630 -0.046013 -1.296296
v 4.629630 -0.050429 -1.666667
v 4.629630 -0.039086 -2.037037
v 4.629630 -0.028383 -2.407408
v 4.629630 -0.022807 -2.777778
v 4.629630 -0.007628 -3.148148
v 4.629630 -0.000260 -3.518518
v 4.629630 0.000000 -3.888889
v 4.629630 0.000000 -4.259259
v 4.629630 0.000000 -4.629630
v 4.629630 0.000000 -5.000000
v 5.000000 0.000000 5.000000
v 5.000000 0.000000 4.629630
v 5.000000 0.000000 4.259259
v 5.000000 0.000000 3.888889
v 5.000000 0.000000 3.518518
v 5.000000 0.000000 3.148148
v 5.000000 0.000000 2.777778
v 5.000000 0.000000 2.407408
v 5.000000 0.000000 2.037037
v 5.000000 0.000000 1.666667
v 5.000000 0.000000 1.296296
v 5.000000 0.000000 0.925926
v 5.000000 0.000000 0.555556
v 5.000000 0.000000 0.185185
v 5.000000 0.000000 -0.185185
v 5.000000 0.000000 -0.555556
v 5.000000 0.000000 -0.925926
v 5.000000 0.000000 -1.296296
v 5.000000 0.000000 -1.666667
v 5.000000 0.000000 -2.037037
v 5.000000 0.000000 -2.407408
v 5.000000 0.000000 -2.777778
v 5.000000 0.000000 -3.148148
v 5.000000 0.000000 -3.518518
v 5.000000 0.000000 -3.888889
v 5.000000 0.000000 -4.259259
v 5.000000 0.000000 -4.629630
v 5.000000 0.000000 -5.000000
s 1
f 2 1 29 30
f 3 2 30 31
f 4 3 31 32
f 5 4 32 33
f 6 5 33 34
f 7 6 34 35
f 8 7 35 36
f 9 8 36 37
f 10 9 37 38
f 11 10 38 39
f 12 11 39 40
f 13 12 40 41
f 14 13 41 42
f 15 14 42 43
f 16 15 43 44
f 17 16 44 45
f 18 17 45 46
f 19 18 46 47
f 20 19 47 48
f 21 20 48 49
f 22 21 49 50
f 23 22 50 51
f 24 23 51 52
f 25 24 52 53
f 26 25 53 54
f 27 26 54 55
f 28 27 55 56
f 30 29 57 58
f 31 30 58 59
f 32 31 59 60
f 33 32 60 61
f 34 33 61 62
f 35 34 62 63
f 36 35 63 64
f 37 36 64 65
f 38 37 65 66
f 39 38 66 67
f 40 39 67 68
f 41 40 68 69
f 42 41 69 70
f 43 42 70 71
f 44 43 71 72
f 45 44 72 73
f 46 45 73 74
f 47 46 74 75
f 48 47 75 76
f 49 48 76 77
f 50 49 77 78
f 51 50 78 79
f 52 51 79 80
f 53 52 80 81
f 54 53 81 82
f 55 54 82 83
f 56 55 83 84
f 58 57 85 86
f 59 58 86 87
f 60 59 87 88
f 61 60 88 89
f 62 61 89 90
f 63 62 90 91
f 64 63 91 92
f 65 64 92 93
f 66 65 93 94
f 67 66 94 95
f 68 67 95 96
f 69 68 96 97
f 70 69 97 98
f 71 70 98 99
f 72 71 99 100
f 73 72 100 101
f 74 73 101 102
f 75 74 102 103
f 76 75 103 104
f 77 76 104 105
f 78 77 105 106
f 79 78 106 107
f 80 79 107 108
f 81 80 108 109
f 82 81 109 110
f 83 82 110 111
f 84 83 111 112
f 86 85 113 114
f 87 86 114 115
f 88 87 115 116
f 89 88 116 117
f 90 89 117 118
f 91 90 118 119
f 92 91 119 120
f 93 92 120 121
f 94 93 121 122
f 95 94 122 123
f 96 95 123 124
f 97 96 124 125
f 98 97 125 126
f 99 98 126 127
f 100 99 127 128
f 101 100 128 129
f 102 101 129 130
f 103 102 130 131
f 104 103 131 132
f 105 104 132 133
f 106 105 133 134
f 107 106 134 135
f 108 107 135 136
f 109 108 136 137
f 110 109 137 138
f 111 110 138 139
f 112 111 139 140
f 114 113 141 142
f 115 114 142 143
f 116 115 143 144
f 117 116 144 145
f 118 117 145 146
f 119 118 146 147
f 120 119 147 148
f 121 120 148 149
f 122 121 149 150
f 123 122 150 151
f 124 123 151 152
f 125 124 152 153
f 126 125 153 154
f 127 126 154 155
f 128 127 155 156
f 129 128 156 157
f 130 129 157 158
f 131 130 158 159
f 132 131 159 160
f 133 132 160 161
f 134 133 161 162
f 135 134 162 163
f 136 135 163 164
f 137 136 164 165
f 138 137 165 166
f 139 138 166 167
f 140 139 167 168
f 142 141 169 170
f 143 142 170 171
f 144 143 171 172
f 145 144 172 173
f 146 145 173 174
f 147 146 174 175
f 148 147 175 176
f 149 148 176 177
f 150 149 177 178
f 151 150 178 179
f 152 151 179 180
f 153 152 180 181
f 154 153 181 182
f 155 154 182 183
f 156 155 183 184
f 157 156 184 185
f 158 157 185 186
f 159 158 186 187
f 160 159 187 188
f 161 160 188 189
f 162 161 189 190
f 163 162 190 191
f 164 163 191 192
f 165 164 192 193
f 166 165 193 194
f 167 166 194 195
f 168 167 195 196
f 170 169 197 198
f 171 170 198 199
f 172 171 199 200
f 173 172 200 201
f 174 173 201 202
f 175 174 202 203
f 176 175 203 204
f 177 176 204 205
f 178 177 205 206
f 179 178 206 207
f 180 179 207 208
f 181 180 208 209
f 182 181 209 210
f 183 182 210 211
f 184 183 211 212
f 185 184 212 213
f 186 185 213 214
f 187 186 214 215
f 188 187 215 216
f 189 188 216 217
f 190 189 217 218
f 191 190 218 219
f 192 191 219 220
f 193 192 220 221
f 194 193 221 222
f 195 194 222 223
f 196 195 223 224
f 198 197 225 226
f 199 198 226 227
f 200 199 227 228
f 201 200 228 229
f 202 201 229 230
f 203 202 230 231
f 204 203 231 232
f 205 204 232 233
f 206 205 233 234
f 207 206 234 235
f 208 207 235 236
f 209 208 236 237
f 210 209 237 238
f 211 210 238 239
f 212 211 239 240
f 213 212 240 241
f 214 213 241 242
f 215 214 242 243
f 216 215 243 244
f 217 216 244 245
f 218 217 245 246
f 219 218 246 247
f 220 219 247 248
f 221 220 248 249
f 222 221 249 250
f 223 222 250 251
f 224 223 251 252
f 226 225 253 254
f 227 226 254 255
f 228 227 255 256
f 229 228 256 257
f 230 229 257 258
f 231 230 258 259
f 232 231 259 260
f 233 232 260 261
f 234 233 261 262
f 235 234 262 263
f 236 235 263 264
f 237 236 264 265
f 238 237 265 266
f 239 238 266 267
f 240 239 267 268
f 241 240 268 269
f 242 241 269 270
f 243 242 270 271
f 244 243 271 272
f 245 244 272 273
f 246 245 273 274
f 247 246 274 275
f 248 247 275 276
f 249 248 276 277
f 250 249 277 278
f 251 250 278 279
f 252 251 279 280
f 254 253 281 282
f 255 254 282 283
f 256 255 283 284
f 257 256 284 285
f 258 257 285 286
f 259 258 286 287
f 260 259 287 288
f 261 260 288 289
f 262 261 289 290
f 263 262 290 291
f 264 263 291 292
f 265 264 292 293
f 266 265 293 294
f 267 266 294 295
f 268 267 295 296
f 269 268 296 297
f 270 269 297 298
f 271 270 298 299
f 272 271 299 300
f 273 272 300 301
f 274 273 301 302
f 275 274 302 303
f 276 275 303 304
f 277 276 304 305
f 278 277 305 306
f 279 278 306 307
f 280 279 307 308
f 282 281 309 310
f 283 282 310 311
f 284 283 311 312
f 285 284 312 313
f 286 285 313 314
f 287 286 314 315
f 288 287 315 316
f 289 288 316 317
f 290 289 317 318
f 291 290 318 319
f 292 291 319 320
f 293 292 320 321
f 294 293 321 322
f 295 294 322 323
f 296 295 323 324
f 297 296 324 325
f 298 297 325 326
f 299 298 326 327
f 300 299 327 328
f 301 300 328 329
f 302 301 329 330
f 303 302 330 331
f 304 303 331 332
f 305 304 332 333
f 306 305 333 334
f 307 306 334 335
f 308 307 335 336
f 310 309 337 338
f 311 310 338 339
f 312 311 339 340
f 313 312 340 341
f 314 313 341 342
f 315 314 342 343
f 316 315 343 344
f 317 316 344 345
f 318 317 345 346
f 319 318 346 347
f 320 319 347 348
f 321 320 348 349
f 322 321 349 350
f 323 322 350 351
f 324 323 351 352
f 325 324 352 353
f 326 325 353 354
f 327 326 354 355
f 328 327 355 356
f 329 328 356 357
f 330 329 357 358
f 331 330 358 359
f 332 331 359 360
f 333 332 360 361
f 334 333 361 362
f 335 334 362 363
f 336 335 363 364
f 338 337 365 366
f 339 338 366 367
f 340 339 367 368
f 341 340 368 369
f 342 341 369 370
f 343 342 370 371
f 344 343 371 372
f 345 344 372 373
f 346 345 373 374
f 347 346 374 375
f 348 347 375 376
f 349 348 376 377
f 350 349 377 378
f 351 350 378 379
f 352 351 379 380
f 353 352 380 381
f 354 353 381 382
f 355 354 382 383
f 356 355 383 384
f 357 356 384 385
f 358 357 385 386
f 359 358 386 387
f 360 359 387 388
f 361 360 388 389
f 362 361 389 390
f 363 362 390 391
f 364 363 391 392
f 366 365 393 394
f 367 366 394 395
f 368 367 395 396
f 369 368 396 397
f 370 369 397 398
f 371 370 398 399
f 372 371 399 400
f 373 372 400 401
f 374 373 401 402
f 375 374 402 403
f 376 375 403 404
f 377 376 404 405
f 378 377 405 406
f 379 378 406 407
f 380 379 407 408
f 381 380 408 409
f 382 381 409 410
f 383 382 410 411
f 384 383 411 412
f 385 384 412 413
f 386 385 413 414
f 387 386 414 415
f 388 387 415 416
f 389 388 416 417
f 390 389 417 418
f 391 390 418 419
f 392 391 419 420
f 394 393 421 422
f 395 394 422 423
f 396 395 423 424
f 397 396 424 425
f 398 397 425 426
f 399 398 426 427
f 400 399 427 428
f 401 400 428 429
f 402 401 429 430
f 403 402 430 431
f 404 403 431 432
f 405 404 432 433
f 406 405 433 434
f 407 406 434 435
f 408 407 435 436
f 409 408 436 437
f 410 409 437 438
f 411 410 438 439
f 412 411 439 440
f 413 412 440 441
f 414 413 441 442
f 415 414 442 443
f 416 415 443 444
f 417 416 444 445
f 418 417 445 446
f 419 418 446 447
f 420 419 447 448
f 422 421 449 450
f 423 422 450 451
f 424 423 451 452
f 425 424 452 453
f 426 425 453 454
f 427 426 454 455
f 428 427 455 456
f 429 428 456 457
f 430 429 457 458
f 431 430 458 459
f 432 431 459 460
f 433 432 460 461
f 434 433 461 462
f 435 434 462 463
f 436 435 463 464
f 437 436 464 465
f 438 437 465 466
f 439 438 466 467
f 440 439 467 468
f 441 440 468 469
f 442 441 469 470
f 443 442 470 471
f 444 443 471 472
f 445 444 472 473
f 446 445 473 474
f 447 446 474 475
f 448 447 475 476
f 450 449 477 478
f 451 450 478 479
f 452 451 479 480
f 453 452 480 481
f 454 453 481 482
f 455 454 482 483
f 456 455 483 484
f 457 456 484 485
f 458 457 485 486
f 459 458 486 487
f 460 459 487 488
f 461 460 488 489
f 462 461 489 490
f 463 462 490 491
f 464 463 491 492
f 465 464 492 493
f 466 465 493 494
f 467 466 494 495
f 468 467 495 496
f 469 468 496 497
f 470 469 497 498
f 471 470 498 499
f 472 471 499 500
f 473 472 500 501
f 474 473 501 502
f 475 474 502 503
f 476 475 503 504
f 478 477 505 506
f 479 478 506 507
f 480 479 507 508
f 481 480 508 509
f 482 481 509 510
f 483 482 510 511
f 484 483 511 512
f 485 484 512 513
f 486 485 513 514
f 487 486 514 515
f 488 487 515 516
f 489 488 516 517
f 490 489 517 518
f 491 490 518 519
f 492 491 519 520
f 493 492 520 521
f 494 493 521 522
f 495 494 522 523
f 496 495 523 524
f 497 496 524 525
f 498 497 525 526
f 499 498 526 527
f 500 499 527 528
f 501 500 528 529
f 502 501 529 530
f 503 502 530 531
f 504 503 531 532
f 506 505 533 534
f 507 506 534 535
f 508 507 535 536
f 509 508 536 537
f 510 509 537 538
f 511 510 538 539
f 512 511 539 540
f 513 512 540 541
f 514 513 541 542
f 515 514 542 543
f 516 515 543 544
f 517 516 544 545
f 518 517 545 546
f 519 518 546 547
f 520 519 547 548
f 521 520 548 549
f 522 521 549 550
f 523 522 550 551
f 524 523 551 552
f 525 524 552 553
f 526 525 553 554
f 527 526 554 555
f 528 527 555 556
f 529 528 556 557
f 530 529 557 558
f 531 530 558 559
f 532 531 559 560
f 534 533 561 562
f 535 534 562 563
f 536 535 563 564
f 537 536 564 565
f 538 537 565 566
f 539 538 566 567
f 540 539 567 568
f 541 540 568 569
f 542 541 569 570
f 543 542 570 571
f 544 543 571 572
f 545 544 572 573
f 546 545 573 574
f 547 546 574 575
f 548 547 575 576
f 549 548 576 577
f 550 549 577 578
f 551 550 578 579
f 552 551 579 580
f 553 552 580 581
f 554 553 581 582
f 555 554 582 583
f 556 555 583 584
f 557 556 584 585
f 558 557 585 586
f 559 558 586 587
f 560 559 587 588
f 562 561 589 590
f 563 562 590 591
f 564 563 591 592
f 565 564 592 593
f 566 565 593 594
f 567 566 594 595
f 568 567 595 596
f 569 568 596 597
f 570 569 597 598
f 571 570 598 599
f 572 571 599 600
f 573 572 600 601
f 574 573 601 602
f 575 574 602 603
f 576 575 603 604
f 577 576 604 605
f 578 577 605 606
f 579 578 606 607
f 580 579 607 608
f 581 580 608 609
f 582 581 609 610
f 583 582 610 611
f 584 583 611 612
f 585 584 612 613
f 586 585 613 614
f 587 586 614 615
f 588 587 615 616
f 590 589 617 618
f 591 590 618 619
f 592 591 619 620
f 593 592 620 621
f 594 593 621 622
f 595 594 622 623
f 596 595 623 624
f 597 596 624 625
f 598 597 625 626
f 599 598 626 627
f 600 599 627 628
f 601 600 628 629
f 602 601 629 630
f 603 602 630 631
f 604 603 631 632
f 605 604 632 633
f 606 605 633 634
f 607 606 634 635
f 608 607 635 636
f 609 608 636 637
f 610 609 637 638
f 611 610 638 639
f 612 611 639 640
f 613 612 640 641
f 614 613 641 642
f 615 614 642 643
f 616 615 643 644
f 618 617 645 646
f 619 618 646 647
f 620 619 647 648
f 621 620 648 649
f 622 621 649 650
f 623 622 650 651
f 624 623 651 652
f 625 624 652 653
f 626 625 653 654
f 627 626 654 655
f 628 627 655 656
f 629 628 656 657
f 630 629 657 658
f 631 630 658 659
f 632 631 659 660
f 633 632 660 661
f 634 633 661 662
f 635 634 662 663
f 636 635 663 664
f 637 636 664 665
f 638 637 665 666
f 639 638 666 667
f 640 639 667 668
f 641 640 668 669
f 642 641 669 670
f 643 642 670 671
f 644 643 671 672
f 646 645 673 674
f 647 646 674 675
f 648 647 675 676
f 649 648 676 677
f 650 649 677 678
f 651 650 678 679
f 652 651 679 680
f 653 652 680 681
f 654 653 681 682
f 655 654 682 683
f 656 655 683 684
f 657 656 684 685
f 658 657 685 686
f 659 658 686 687
f 660 659 687 688
f 661 660 688 689
f 662 661 689 690
f 663 662 690 691
f 664 663 691 692
f 665 664 692 693
f 666 665 693 694
f 667 666 694 695
f 668 667 695 696
f 669 668 696 697
f 670 669 697 698
f 671 670 698 699
f 672 671 699 700
f 674 673 701 702
f 675 674 702 703
f 676 675 703 704
f 677 676 704 705
f 678 677 705 706
f 679 678 706 707
f 680 679 707 708
f 681 680 708 709
f 682 681 709 710
f 683 682 710 711
f 684 683 711 712
f 685 684 712 713
f 686 685 713 714
f 687 686 714 715
f 688 687 715 716
f 689 688 716 717
f 690 689 717 718
f 691 690 718 719
f 692 691 719 720
f 693 692 720 721
f 694 693 721 722
f 695 694 722 723
f 696 695 723 724
f 697 696 724 725
f 698 697 725 726
f 699 698 726 727
f 700 699 727 728
f 702 701 729 730
f 703 702 730 731
f 704 703 731 732
f 705 704 732 733
f 706 705 733 734
f 707 706 734 735
f 708 707 735 736
f 709 708 736 737
f 710 709 737 738
f 711 710 738 739
f 712 711 739 740
f 713 712 740 741
f 714 713 741 742
f 715 714 742 743
f 716 715 743 744
f 717 716 744 745
f 718 717 745 746
f 719 718 746 747
f 720 719 747 748
f 721 720 748 749
f 722 721 749 750
f 723 722 750 751
f 724 723 751 752
f 725 724 752 753
f 726 725 753 754
f 727 726 754 755
f 728 727 755 756
f 730 729 757 758
f 731 730 758 759
f 732 731 759 760
f 733 732 760 761
f 734 733 761 762
f 735 734 762 763
f 736 735 763 764
f 737 736 764 765
f 738 737 765 766
f 739 738 766 767
f 740 739 767 768
f 741 740 768 769
f 742 741 769 770
f 743 742 770 771
f 744 743 771 772
f 745 744 772 773
f 746 745 773 774
f 747 746 774 775
f 748 747 775 776
f 749 748 776 777
f 750 749 777 778
f 751 750 778 779
f 752 751 779 780
f 753 752 780 781
f 754 753 781 782
f 755 754 782 783
f 756 755 783 784
