# Blender v2.79 (sub 0) OBJ File: ''
# www.blender.org
v -5.000000 0.000000 5.000000
v -5.000000 0.000000 4.411765
v -5.000000 0.000000 3.823529
v -5.000000 0.000000 3.235294
v -5.000000 0.000000 2.647059
v -5.000000 0.000000 2.058824
v -5.000000 0.000000 1.470588
v -5.000000 0.000000 0.882353
v -5.000000 0.000000 0.294118
v -5.000000 0.000000 -0.294118
v -5.000000 0.000000 -0.882353
v -5.000000 0.000000 -1.470588
v -5.000000 0.000000 -2.058824
v -5.000000 0.000000 -2.647059
v -5.000000 0.000000 -3.235294
v -5.000000 0.000000 -3.823529
v -5.000000 0.000000 -4.411765
v -5.000000 0.000000 -5.000000
v -4.411765 0.000000 5.000000
v -4.411765 0.000000 4.411765
v -4.411765 0.001224 3.823529
v -4.411765 0.039280 3.235294
v -4.411765 0.115084 2.647059
v -4.411765 0.175789 2.058824
v -4.411765 0.236068 1.470588
v -4.411765 0.298220 0.882353
v -4.411765 0.262264 0.294118
v -4.411765 0.282826 -0.294118
v -4.411765 0.197263 -0.882353
v -4.411765 0.108644 -1.470588
v -4.411765 0.092585 -2.058824
v -4.411765 0.028255 -2.647059
v -4.411765 -0.012171 -3.235294
v -4.411765 -0.001256 -3.823529
v -4.411765 0.000000 -4.411765
v -4.411765 0.000000 -5.000000
v -3.823529 0.000000 5.000000
v -3.823529 -0.000742 4.411765
v -3.823529 -0.014726 3.823529
v -3.823529 -0.010186 3.235294
v -3.823529 0.206996 2.647059
v -3.823529 0.475895 2.058824
v -3.823529 0.653843 1.470588
v -3.823529 0.840573 0.882353
v -3.823529 0.848390 0.294118
v -3.823529 0.779360 -0.294118
v -3.823529 0.520109 -0.882353
v -3.823529 0.179428 -1.470588
v -3.823529 0.156628 -2.058824
v -3.823529 -0.043229 -2.647059
v -3.823529 -0.125970 -3.235294
v -3.823529 -0.088813 -3.823529
v -3.823529 -0.002646 -4.411765
v -3.823529 0.000000 -5.000000
v -3.235294 0.000000 5.000000
v -3.235294 -0.022029 4.411765
v -3.235294 -0.120144 3.823529
v -3.235294 -0.213270 3.235294
v -3.235294 -0.000979 2.647059
v -3.235294 0.314669 2.058824
v -3.235294 0.741871 1.470588
v -3.235294 1.112370 0.882353
v -3.235294 1.438423 0.294118
v -3.235294 1.339885 -0.294118
v -3.235294 0.735391 -0.882353
v -3.235294 0.173614 -1.470588
v -3.235294 -0.070222 -2.058824
v -3.235294 -0.235825 -2.647059
v -3.235294 -0.386073 -3.235294
v -3.235294 -0.287424 -3.823529
v -3.235294 -0.060189 -4.411765
v -3.235294 0.000000 -5.000000
v -2.647059 0.000000 5.000000
v -2.647059 -0.114151 4.411765
v -2.647059 -0.415895 3.823529
v -2.647059 -0.592689 3.235294
v -2.647059 -0.297267 2.647059
v -2.647059 0.005928 2.058824
v -2.647059 0.405169 1.470588
v -2.647059 1.029838 0.882353
v -2.647059 1.794093 0.294118
v -2.647059 1.232886 -0.294118
v -2.647059 0.662438 -0.882353
v -2.647059 -0.054180 -1.470588
v -2.647059 -0.462736 -2.058824
v -2.647059 -0.495675 -2.647059
v -2.647059 -0.495251 -3.235294
v -2.647059 -0.302073 -3.823529
v -2.647059 -0.115643 -4.411765
v -2.647059 0.000000 -5.000000
v -2.058824 0.000000 5.000000
v -2.058824 -0.152003 4.411765
v -2.058824 -0.478202 3.823529
v -2.058824 -0.607976 3.235294
v -2.058824 -0.305052 2.647059
v -2.058824 -0.305747 2.058824
v -2.058824 0.472947 1.470588
v -2.058824 1.301277 0.882353
v -2.058824 1.821425 0.294118
v -2.058824 1.283068 -0.294118
v -2.058824 0.533418 -0.882353
v -2.058824 -0.321805 -1.470588
v -2.058824 -0.556109 -2.058824
v -2.058824 -0.389513 -2.647059
v -2.058824 -0.403366 -3.235294
v -2.058824 -0.290129 -3.823529
v -2.058824 -0.134631 -4.411765
v -2.058824 0.000000 -5.000000
v -1.470588 0.000000 5.000000
v -1.470588 -0.129690 4.411765
v -1.470588 -0.395619 3.823529
v -1.470588 -0.556929 3.235294
v -1.470588 -0.442072 2.647059
v -1.470588 -0.181343 2.058824
v -1.470588 0.686595 1.470588
v -1.470588 0.962409 0.882353
v -1.470588 0.627747 0.294118
v -1.470588 0.648819 -0.294118
v -1.470588 0.190491 -0.882353
v -1.470588 -0.649727 -1.470588
v -1.470588 -0.796610 -2.058824
v -1.470588 -0.537390 -2.647059
v -1.470588 -0.490951 -3.235294
v -1.470588 -0.462698 -3.823529
v -1.470588 -0.131250 -4.411765
v -1.470588 0.000000 -5.000000
v -0.882353 0.000000 5.000000
v -0.882353 -0.096006 4.411765
v -0.882353 -0.341721 3.823529
v -0.882353 -0.563073 3.235294
v -0.882353 -0.385374 2.647059
v -0.882353 -0.066669 2.058824
v -0.882353 0.524902 1.470588
v -0.882353 0.538958 0.882353
v -0.882353 -0.150544 0.294118
v -0.882353 -0.026785 -0.294118
v -0.882353 -0.510559 -0.882353
v -0.882353 -0.563734 -1.470588
v -0.882353 -0.620265 -2.058824
v -0.882353 -0.615121 -2.647059
v -0.882353 -0.771549 -3.235294
v -0.882353 -0.587783 -3.823529
v -0.882353 -0.146457 -4.411765
v -0.882353 0.000000 -5.000000
v -0.294118 0.000000 5.000000
v -0.294118 -0.063753 4.411765
v -0.294118 -0.224223 3.823529
v -0.294118 -0.422581 3.235294
v -0.294118 -0.477382 2.647059
v -0.294118 -0.301334 2.058824
v -0.294118 -0.101675 1.470588
v -0.294118 -0.304008 0.882353
v -0.294118 -0.488796 0.294118
v -0.294118 -0.473904 -0.294118
v -0.294118 -0.724773 -0.882353
v -0.294118 -1.059452 -1.470588
v -0.294118 -0.760699 -2.058824
v -0.294118 -0.637950 -2.647059
v -0.294118 -0.536606 -3.235294
v -0.294118 -0.387666 -3.823529
v -0.294118 -0.115952 -4.411765
v -0.294118 0.000000 -5.000000
v 0.294118 0.000000 5.000000
v 0.294118 -0.009940 4.411765
v 0.294118 -0.139988 3.823529
v 0.294118 -0.448181 3.235294
v 0.294118 -0.401430 2.647059
v 0.294118 -0.524921 2.058824
v 0.294118 -0.108399 1.470588
v 0.294118 0.244157 0.882353
v 0.294118 -0.332909 0.294118
v 0.294118 -0.512009 -0.294118
v 0.294118 -1.086418 -0.882353
v 0.294118 -1.080537 -1.470588
v 0.294118 -0.968027 -2.058824
v 0.294118 -0.498031 -2.647059
v 0.294118 -0.440909 -3.235294
v 0.294118 -0.380574 -3.823529
v 0.294118 -0.124265 -4.411765
v 0.294118 0.000000 -5.000000
v 0.882353 0.000000 5.000000
v 0.882353 0.028652 4.411765
v 0.882353 -0.060503 3.823529
v 0.882353 -0.067448 3.235294
v 0.882353 -0.188125 2.647059
v 0.882353 0.146178 2.058824
v 0.882353 0.580764 1.470588
v 0.882353 0.393790 0.882353
v 0.882353 0.133964 0.294118
v 0.882353 -0.721170 -0.294118
v 0.882353 -1.068264 -0.882353
v 0.882353 -1.178981 -1.470588
v 0.882353 -1.072245 -2.058824
v 0.882353 -0.907300 -2.647059
v 0.882353 -0.478727 -3.235294
v 0.882353 -0.418472 -3.823529
v 0.882353 -0.133419 -4.411765
v 0.882353 0.000000 -5.000000
v 1.470588 0.000000 5.000000
v 1.470588 0.048096 4.411765
v 1.470588 0.179179 3.823529
v 1.470588 0.267991 3.235294
v 1.470588 0.438463 2.647059
v 1.470588 0.819734 2.058824
v 1.470588 1.283129 1.470588
v 1.470588 1.065906 0.882353
v 1.470588 0.767053 0.294118
v 1.470588 0.311692 -0.294118
v 1.470588 -0.433205 -0.882353
v 1.470588 -0.788558 -1.470588
v 1.470588 -1.036093 -2.058824
v 1.470588 -0.841559 -2.647059
v 1.470588 -0.607160 -3.235294
v 1.470588 -0.242056 -3.823529
v 1.470588 -0.058009 -4.411765
v 1.470588 0.000000 -5.000000
v 2.058824 0.000000 5.000000
v 2.058824 0.133938 4.411765
v 2.058824 0.469314 3.823529
v 2.058824 0.865502 3.235294
v 2.058824 0.985557 2.647059
v 2.058824 1.462056 2.058824
v 2.058824 1.717098 1.470588
v 2.058824 1.339948 0.882353
v 2.058824 1.075736 0.294118
v 2.058824 0.781113 -0.294118
v 2.058824 0.240316 -0.882353
v 2.058824 -0.224411 -1.470588
v 2.058824 -0.591493 -2.058824
v 2.058824 -0.674674 -2.647059
v 2.058824 -0.393889 -3.235294
v 2.058824 -0.095233 -3.823529
v 2.058824 -0.003961 -4.411765
v 2.058824 0.000000 -5.000000
v 2.647059 0.000000 5.000000
v 2.647059 0.154307 4.411765
v 2.647059 0.565949 3.823529
v 2.647059 1.019142 3.235294
v 2.647059 1.013160 2.647059
v 2.647059 1.312063 2.058824
v 2.647059 1.690796 1.470588
v 2.647059 1.070273 0.882353
v 2.647059 0.941515 0.294118
v 2.647059 0.842441 -0.294118
v 2.647059 0.567596 -0.882353
v 2.647059 0.226576 -1.470588
v 2.647059 -0.100099 -2.058824
v 2.647059 -0.416505 -2.647059
v 2.647059 -0.251771 -3.235294
v 2.647059 -0.113054 -3.823529
v 2.647059 -0.019326 -4.411765
v 2.647059 0.000000 -5.000000
v 3.235294 0.000000 5.000000
v 3.235294 0.091547 4.411765
v 3.235294 0.471252 3.823529
v 3.235294 1.026729 3.235294
v 3.235294 1.313890 2.647059
v 3.235294 1.545694 2.058824
v 3.235294 1.395305 1.470588
v 3.235294 1.145263 0.882353
v 3.235294 0.862411 0.294118
v 3.235294 0.885987 -0.294118
v 3.235294 0.524456 -0.882353
v 3.235294 0.213607 -1.470588
v 3.235294 -0.105588 -2.058824
v 3.235294 -0.094450 -2.647059
v 3.235294 -0.067655 -3.235294
v 3.235294 -0.097280 -3.823529
v 3.235294 -0.026595 -4.411765
v 3.235294 0.000000 -5.000000
v 3.823529 0.000000 5.000000
v 3.823529 0.005641 4.411765
v 3.823529 0.219097 3.823529
v 3.823529 0.628644 3.235294
v 3.823529 0.908619 2.647059
v 3.823529 0.890145 2.058824
v 3.823529 0.693609 1.470588
v 3.823529 0.672854 0.882353
v 3.823529 0.518001 0.294118
v 3.823529 0.354466 -0.294118
v 3.823529 0.129962 -0.882353
v 3.823529 0.016865 -1.470588
v 3.823529 -0.077274 -2.058824
v 3.823529 -0.173179 -2.647059
v 3.823529 -0.118726 -3.235294
v 3.823529 -0.060261 -3.823529
v 3.823529 -0.001716 -4.411765
v 3.823529 0.000000 -5.000000
v 4.411765 0.000000 5.000000
v 4.411765 0.000000 4.411765
v 4.411765 0.005076 3.823529
v 4.411765 0.106973 3.235294
v 4.411765 0.218904 2.647059
v 4.411765 0.261667 2.058824
v 4.411765 0.223707 1.470588
v 4.411765 0.236005 0.882353
v 4.411765 0.156635 0.294118
v 4.411765 0.063304 -0.294118
v 4.411765 -0.015882 -0.882353
v 4.411765 -0.099205 -1.470588
v 4.411765 -0.076186 -2.058824
v 4.411765 -0.076638 -2.647059
v 4.411765 -0.032653 -3.235294
v 4.411765 -0.001166 -3.823529
v 4.411765 0.000000 -4.411765
v 4.411765 0.000000 -5.000000
v 5.000000 0.000000 5.000000
v 5.000000 0.000000 4.411765
v 5.000000 0.000000 3.823529
v 5.000000 0.000000 3.235294
v 5.000000 0.000000 2.647059
v 5.000000 0.000000 2.058824
v 5.000000 0.000000 1.470588
v 5.000000 0.000000 0.882353
v 5.000000 0.000000 0.294118
v 5.000000 0.000000 -0.294118
v 5.000000 0.000000 -0.882353
v 5.000000 0.000000 -1.470588
v 5.000000 0.000000 -2.058824
v 5.000000 0.000000 -2.647059
v 5.000000 0.000000 -3.235294
v 5.000000 0.000000 -3.823529
v 5.000000 0.000000 -4.411765
v 5.000000 0.000000 -5.000000
s 1
f 2 1 19 20
f 3 2 20 21
f 4 3 21 22
f 5 4 22 23
f 6 5 23 24
f 7 6 24 25
f 8 7 25 26
f 9 8 26 27
f 10 9 27 28
f 11 10 28 29
f 12 11 29 30
f 13 12 30 31
f 14 13 31 32
f 15 14 32 33
f 16 15 33 34
f 17 16 34 35
f 18 17 35 36
f 20 19 37 38
f 21 20 38 39
f 22 21 39 40
f 23 22 40 41
f 24 23 41 42
f 25 24 42 43
f 26 25 43 44
f 27 26 44 45
f 28 27 45 46
f 29 28 46 47
f 30 29 47 48
f 31 30 48 49
f 32 31 49 50
f 33 32 50 51
f 34 33 51 52
f 35 34 52 53
f 36 35 53 54
f 38 37 55 56
f 39 38 56 57
f 40 39 57 58
f 41 40 58 59
f 42 41 59 60
f 43 42 60 61
f 44 43 61 62
f 45 44 62 63
f 46 45 63 64
f 47 46 64 65
f 48 47 65 66
f 49 48 66 67
f 50 49 67 68
f 51 50 68 69
f 52 51 69 70
f 53 52 70 71
f 54 53 71 72
f 56 55 73 74
f 57 56 74 75
f 58 57 75 76
f 59 58 76 77
f 60 59 77 78
f 61 60 78 79
f 62 61 79 80
f 63 62 80 81
f 64 63 81 82
f 65 64 82 83
f 66 65 83 84
f 67 66 84 85
f 68 67 85 86
f 69 68 86 87
f 70 69 87 88
f 71 70 88 89
f 72 71 89 90
f 74 73 91 92
f 75 74 92 93
f 76 75 93 94
f 77 76 94 95
f 78 77 95 96
f 79 78 96 97
f 80 79 97 98
f 81 80 98 99
f 82 81 99 100
f 83 82 100 101
f 84 83 101 102
f 85 84 102 103
f 86 85 103 104
f 87 86 104 105
f 88 87 105 106
f 89 88 106 107
f 90 89 107 108
f 92 91 109 110
f 93 92 110 111
f 94 93 111 112
f 95 94 112 113
f 96 95 113 114
f 97 96 114 115
f 98 97 115 116
f 99 98 116 117
f 100 99 117 118
f 101 100 118 119
f 102 101 119 120
f 103 102 120 121
f 104 103 121 122
f 105 104 122 123
f 106 105 123 124
f 107 106 124 125
f 108 107 125 126
f 110 109 127 128
f 111 110 128 129
f 112 111 129 130
f 113 112 130 131
f 114 113 131 132
f 115 114 132 133
f 116 115 133 134
f 117 116 134 135
f 118 117 135 136
f 119 118 136 137
f 120 119 137 138
f 121 120 138 139
f 122 121 139 140
f 123 122 140 141
f 124 123 141 142
f 125 124 142 143
f 126 125 143 144
f 128 127 145 146
f 129 128 146 147
f 130 129 147 148
f 131 130 148 149
f 132 131 149 150
f 133 132 150 151
f 134 133 151 152
f 135 134 152 153
f 136 135 153 154
f 137 136 154 155
f 138 137 155 156
f 139 138 156 157
f 140 139 157 158
f 141 140 158 159
f 142 141 159 160
f 143 142 160 161
f 144 143 161 162
f 146 145 163 164
f 147 146 164 165
f 148 147 165 166
f 149 148 166 167
f 150 149 167 168
f 151 150 168 169
f 152 151 169 170
f 153 152 170 171
f 154 153 171 172
f 155 154 172 173
f 156 155 173 174
f 157 156 174 175
f 158 157 175 176
f 159 158 176 177
f 160 159 177 178
f 161 160 178 179
f 162 161 179 180
f 164 163 181 182
f 165 164 182 183
f 166 165 183 184
f 167 166 184 185
f 168 167 185 186
f 169 168 186 187
f 170 169 187 188
f 171 170 188 189
f 172 171 189 190
f 173 172 190 191
f 174 173 191 192
f 175 174 192 193
f 176 175 193 194
f 177 176 194 195
f 178 177 195 196
f 179 178 196 197
f 180 179 197 198
f 182 181 199 200
f 183 182 200 201
f 184 183 201 202
f 185 184 202 203
f 186 185 203 204
f 187 186 204 205
f 188 187 205 206
f 189 188 206 207
f 190 189 207 208
f 191 190 208 209
f 192 191 209 210
f 193 192 210 211
f 194 193 211 212
f 195 194 212 213
f 196 195 213 214
f 197 196 214 215
f 198 197 215 216
f 200 199 217 218
f 201 200 218 219
f 202 201 219 220
f 203 202 220 221
f 204 203 221 222
f 205 204 222 223
f 206 205 223 224
f 207 206 224 225
f 208 207 225 226
f 209 208 226 227
f 210 209 227 228
f 211 210 228 229
f 212 211 229 230
f 213 212 230 231
f 214 213 231 232
f 215 214 232 233
f 216 215 233 234
f 218 217 235 236
f 219 218 236 237
f 220 219 237 238
f 221 220 238 239
f 222 221 239 240
f 223 222 240 241
f 224 223 241 242
f 225 224 242 243
f 226 225 243 244
f 227 226 244 245
f 228 227 245 246
f 229 228 246 247
f 230 229 247 248
f 231 230 248 249
f 232 231 249 250
f 233 232 250 251
f 234 233 251 252
f 236 235 253 254
f 237 236 254 255
f 238 237 255 256
f 239 238 256 257
f 240 239 257 258
f 241 240 258 259
f 242 241 259 260
f 243 242 260 261
f 244 243 261 262
f 245 244 262 263
f 246 245 263 264
f 247 246 264 265
f 248 247 265 266
f 249 248 266 267
f 250 249 267 268
f 251 250 268 269
f 252 251 269 270
f 254 253 271 272
f 255 254 272 273
f 256 255 273 274
f 257 256 274 275
f 258 257 275 276
f 259 258 276 277
f 260 259 277 278
f 261 260 278 279
f 262 261 279 280
f 263 262 280 281
f 264 263 281 282
f 265 264 282 283
f 266 265 283 284
f 267 266 284 285
f 268 267 285 286
f 269 268 286 287
f 270 269 287 288
f 272 271 289 290
f 273 272 290 291
f 274 273 291 292
f 275 274 292 293
f 276 275 293 294
f 277 276 294 295
f 278 277 295 296
f 279 278 296 297
f 280 279 297 298
f 281 280 298 299
f 282 281 299 300
f 283 282 300 301
f 284 283 301 302
f 285 284 302 303
f 286 285 303 304
f 287 286 304 305
f 288 287 305 306
f 290 289 307 308
f 291 290 308 309
f 292 291 309 310
f 293 292 310 311
f 294 293 311 312
f 295 294 312 313
f 296 295 313 314
f 297 296 314 315
f 298 297 315 316
f 299 298 316 317
f 300 299 317 318
f 301 300 318 319
f 302 301 319 320
f 303 302 320 321
f 304 303 321 322
f 305 304 322 323
f 306 305 323 324
