# Blender v2.79 (sub 0) OBJ File: ''
# www.blender.org
v -5.000000 0.000000 5.000000
v -5.000000 0.000000 4.767442
v -5.000000 0.000000 4.534884
v -5.000000 0.000000 4.302326
v -5.000000 0.000000 4.069767
v -5.000000 0.000000 3.837209
v -5.000000 0.000000 3.604651
v -5.000000 0.000000 3.372093
v -5.000000 0.000000 3.139535
v -5.000000 0.000000 2.906977
v -5.000000 0.000000 2.674419
v -5.000000 0.000000 2.441860
v -5.000000 0.000000 2.209302
v -5.000000 0.000000 1.976744
v -5.000000 0.000000 1.744186
v -5.000000 0.000000 1.511628
v -5.000000 0.000000 1.279070
v -5.000000 0.000000 1.046512
v -5.000000 0.000000 0.813954
v -5.000000 0.000000 0.581395
v -5.000000 0.000000 0.348837
v -5.000000 0.000000 0.116279
v -5.000000 0.000000 -0.116279
v -5.000000 0.000000 -0.348837
v -5.000000 0.000000 -0.581395
v -5.000000 0.000000 -0.813954
v -5.000000 0.000000 -1.046512
v -5.000000 0.000000 -1.279070
v -5.000000 0.000000 -1.511628
v -5.000000 0.000000 -1.744186
v -5.000000 0.000000 -1.976744
v -5.000000 0.000000 -2.209302
v -5.000000 0.000000 -2.441860
v -5.000000 0.000000 -2.674419
v -5.000000 0.000000 -2.906977
v -5.000000 0.000000 -3.139535
v -5.000000 0.000000 -3.372093
v -5.000000 0.000000 -3.604651
v -5.000000 0.000000 -3.837209
v -5.000000 0.000000 -4.069767
v -5.000000 0.000000 -4.302326
v -5.000000 0.000000 -4.534884
v -5.000000 0.000000 -4.767442
v -5.000000 0.000000 -5.000000
v -4.767442 0.000000 5.000000
v -4.767442 0.000000 4.767442
v -4.767442 0.000000 4.534884
v -4.767442 0.000000 4.302326
v -4.767442 0.000000 4.069767
v -4.767442 0.000000 3.837209
v -4.767442 0.000000 3.604651
v -4.767442 0.000000 3.372093
v -4.767442 0.000355 3.139535
v -4.767442 0.004937 2.906977
v -4.767442 0.012124 2.674419
v -4.767442 0.020659 2.441860
v -4.767442 0.029835 2.209302
v -4.767442 0.035955 1.976744
v -4.767442 0.040951 1.744186
v -4.767442 0.043440 1.511628
v -4.767442 0.048469 1.279070
v -4.767442 0.055473 1.046512
v -4.767442 0.054553 0.813954
v -4.767442 0.047995 0.581395
v -4.767442 0.042497 0.348837
v -4.767442 0.041897 0.116279
v -4.767442 0.046654 -0.116279
v -4.767442 0.053632 -0.348837
v -4.767442 0.049504 -0.581395
v -4.767442 0.043082 -0.813954
v -4.767442 0.034799 -1.046512
v -4.767442 0.028928 -1.279070
v -4.767442 0.021774 -1.511628
v -4.767442 0.018048 -1.744186
v -4.767442 0.015375 -1.976744
v -4.767442 0.013671 -2.209302
v -4.767442 0.008883 -2.441860
v -4.767442 0.003150 -2.674419
v -4.767442 0.000154 -2.906977
v -4.767442 -0.000045 -3.139535
v -4.767442 0.000000 -3.372093
v -4.767442 0.000000 -3.604651
v -4.767442 0.000000 -3.837209
v -4.767442 0.000000 -4.069767
v -4.767442 0.000000 -4.302326
v -4.767442 0.000000 -4.534884
v -4.767442 0.000000 -4.767442
v -4.767442 0.000000 -5.000000
v -4.534884 0.000000 5.000000
v -4.534884 0.000000 4.767442
v -4.534884 0.000000 4.534884
v -4.534884 0.000000 4.302326
v -4.534884 0.000000 4.069767
v -4.534884 0.000000 3.837209
v -4.534884 0.001630 3.604651
v -4.534884 0.010779 3.372093
v -4.534884 0.028508 3.139535
v -4.534884 0.056399 2.906977
v -4.534884 0.072677 2.674419
v -4.534884 0.091649 2.441860
v -4.534884 0.114838 2.209302
v -4.534884 0.138126 1.976744
v -4.534884 0.150641 1.744186
v -4.534884 0.159685 1.511628
v -4.534884 0.165591 1.279070
v -4.534884 0.193108 1.046512
v -4.534884 0.198951 0.813954
v -4.534884 0.181168 0.581395
v -4.534884 0.170718 0.348837
v -4.534884 0.166487 0.116279
v -4.534884 0.181159 -0.116279
v -4.534884 0.192890 -0.348837
v -4.534884 0.172805 -0.581395
v -4.534884 0.152082 -0.813954
v -4.534884 0.117505 -1.046512
v -4.534884 0.097800 -1.279070
v -4.534884 0.065120 -1.511628
v -4.534884 0.055326 -1.744186
v -4.534884 0.052602 -1.976744
v -4.534884 0.051112 -2.209302
v -4.534884 0.038498 -2.441860
v -4.534884 0.022976 -2.674419
v -4.534884 0.000929 -2.906977
v -4.534884 -0.003086 -3.139535
v -4.534884 -0.003577 -3.372093
v -4.534884 -0.001238 -3.604651
v -4.534884 0.000000 -3.837209
v -4.534884 0.000000 -4.069767
v -4.534884 0.000000 -4.302326
v -4.534884 0.000000 -4.534884
v -4.534884 0.000000 -4.767442
v -4.534884 0.000000 -5.000000
v -4.302326 0.000000 5.000000
v -4.302326 0.000000 4.767442
v -4.302326 0.000000 4.534884
v -4.302326 0.000000 4.302326
v -4.302326 0.000042 4.069767
v -4.302326 0.004069 3.837209
v -4.302326 0.015485 3.604651
v -4.302326 0.036638 3.372093
v -4.302326 0.073646 3.139535
v -4.302326 0.122330 2.906977
v -4.302326 0.143852 2.674419
v -4.302326 0.183065 2.441860
v -4.302326 0.208848 2.209302
v -4.302326 0.238211 1.976744
v -4.302326 0.292011 1.744186
v -4.302326 0.321265 1.511628
v -4.302326 0.339446 1.279070
v -4.302326 0.371342 1.046512
v -4.302326 0.395950 0.813954
v -4.302326 0.377189 0.581395
v -4.302326 0.360921 0.348837
v -4.302326 0.373859 0.116279
v -4.302326 0.390526 -0.116279
v -4.302326 0.375833 -0.348837
v -4.302326 0.318569 -0.581395
v -4.302326 0.284320 -0.813954
v -4.302326 0.212138 -1.046512
v -4.302326 0.168534 -1.279070
v -4.302326 0.130094 -1.511628
v -4.302326 0.090268 -1.744186
v -4.302326 0.120497 -1.976744
v -4.302326 0.099699 -2.209302
v -4.302326 0.055708 -2.441860
v -4.302326 0.034299 -2.674419
v -4.302326 -0.001194 -2.906977
v -4.302326 -0.015549 -3.139535
v -4.302326 -0.021089 -3.372093
v -4.302326 -0.014986 -3.604651
v -4.302326 -0.005994 -3.837209
v -4.302326 -0.000099 -4.069767
v -4.302326 0.000000 -4.302326
v -4.302326 0.000000 -4.534884
v -4.302326 0.000000 -4.767442
v -4.302326 0.000000 -5.000000
v -4.069767 0.000000 5.000000
v -4.069767 0.000000 4.767442
v -4.069767 0.000000 4.534884
v -4.069767 -0.000018 4.302326
v -4.069767 0.001902 4.069767
v -4.069767 0.008139 3.837209
v -4.069767 0.013994 3.604651
v -4.069767 0.038227 3.372093
v -4.069767 0.070591 3.139535
v -4.069767 0.142581 2.906977
v -4.069767 0.193319 2.674419
v -4.069767 0.247884 2.441860
v -4.069767 0.302637 2.209302
v -4.069767 0.349670 1.976744
v -4.069767 0.454657 1.744186
v -4.069767 0.499204 1.511628
v -4.069767 0.497284 1.279070
v -4.069767 0.583090 1.046512
v -4.069767 0.583049 0.813954
v -4.069767 0.596317 0.581395
v -4.069767 0.612969 0.348837
v -4.069767 0.619658 0.116279
v -4.069767 0.586470 -0.116279
v -4.069767 0.529795 -0.348837
v -4.069767 0.519629 -0.581395
v -4.069767 0.417276 -0.813954
v -4.069767 0.338448 -1.046512
v -4.069767 0.231431 -1.279070
v -4.069767 0.163188 -1.511628
v -4.069767 0.113978 -1.744186
v -4.069767 0.159321 -1.976744
v -4.069767 0.129139 -2.209302
v -4.069767 0.055876 -2.441860
v -4.069767 0.008149 -2.674419
v -4.069767 -0.028777 -2.906977
v -4.069767 -0.053379 -3.139535
v -4.069767 -0.053681 -3.372093
v -4.069767 -0.046275 -3.604651
v -4.069767 -0.033491 -3.837209
v -4.069767 -0.009597 -4.069767
v -4.069767 -0.000137 -4.302326
v -4.069767 0.000000 -4.534884
v -4.069767 0.000000 -4.767442
v -4.069767 0.000000 -5.000000
v -3.837209 0.000000 5.000000
v -3.837209 0.000000 4.767442
v -3.837209 0.000000 4.534884
v -3.837209 -0.002575 4.302326
v -3.837209 -0.008280 4.069767
v -3.837209 -0.012575 3.837209
v -3.837209 -0.009683 3.604651
v -3.837209 -0.012469 3.372093
v -3.837209 0.000084 3.139535
v -3.837209 0.093997 2.906977
v -3.837209 0.196823 2.674419
v -3.837209 0.326130 2.441860
v -3.837209 0.405395 2.209302
v -3.837209 0.503718 1.976744
v -3.837209 0.621393 1.744186
v -3.837209 0.636992 1.511628
v -3.837209 0.713746 1.279070
v -3.837209 0.799668 1.046512
v -3.837209 0.826711 0.813954
v -3.837209 0.831032 0.581395
v -3.837209 0.850387 0.348837
v -3.837209 0.835800 0.116279
v -3.837209 0.817122 -0.116279
v -3.837209 0.756609 -0.348837
v -3.837209 0.670120 -0.581395
v -3.837209 0.558532 -0.813954
v -3.837209 0.379149 -1.046512
v -3.837209 0.259409 -1.279070
v -3.837209 0.152525 -1.511628
v -3.837209 0.136008 -1.744186
v -3.837209 0.182887 -1.976744
v -3.837209 0.146024 -2.209302
v -3.837209 0.036564 -2.441860
v -3.837209 -0.038802 -2.674419
v -3.837209 -0.059016 -2.906977
v -3.837209 -0.091301 -3.139535
v -3.837209 -0.139833 -3.372093
v -3.837209 -0.108106 -3.604651
v -3.837209 -0.082902 -3.837209
v -3.837209 -0.042070 -4.069767
v -3.837209 -0.009691 -4.302326
v -3.837209 0.000000 -4.534884
v -3.837209 0.000000 -4.767442
v -3.837209 0.000000 -5.000000
v -3.604651 0.000000 5.000000
v -3.604651 0.000000 4.767442
v -3.604651 -0.001197 4.534884
v -3.604651 -0.009833 4.302326
v -3.604651 -0.021349 4.069767
v -3.604651 -0.024777 3.837209
v -3.604651 -0.043370 3.604651
v -3.604651 -0.033129 3.372093
v -3.604651 0.003234 3.139535
v -3.604651 0.068325 2.906977
v -3.604651 0.136351 2.674419
v -3.604651 0.324776 2.441860
v -3.604651 0.428757 2.209302
v -3.604651 0.519998 1.976744
v -3.604651 0.681258 1.744186
v -3.604651 0.717775 1.511628
v -3.604651 0.819603 1.279070
v -3.604651 0.931535 1.046512
v -3.604651 1.000323 0.813954
v -3.604651 1.009410 0.581395
v -3.604651 1.053883 0.348837
v -3.604651 1.078235 0.116279
v -3.604651 1.078823 -0.116279
v -3.604651 1.001426 -0.348837
v -3.604651 0.849284 -0.581395
v -3.604651 0.668594 -0.813954
v -3.604651 0.483144 -1.046512
v -3.604651 0.334185 -1.279070
v -3.604651 0.209217 -1.511628
v -3.604651 0.170198 -1.744186
v -3.604651 0.111505 -1.976744
v -3.604651 0.078686 -2.209302
v -3.604651 -0.030144 -2.441860
v -3.604651 -0.121032 -2.674419
v -3.604651 -0.133949 -2.906977
v -3.604651 -0.178441 -3.139535
v -3.604651 -0.224618 -3.372093
v -3.604651 -0.206929 -3.604651
v -3.604651 -0.152279 -3.837209
v -3.604651 -0.094010 -4.069767
v -3.604651 -0.034764 -4.302326
v -3.604651 -0.003088 -4.534884
v -3.604651 0.000000 -4.767442
v -3.604651 0.000000 -5.000000
v -3.372093 0.000000 5.000000
v -3.372093 0.000000 4.767442
v -3.372093 -0.006631 4.534884
v -3.372093 -0.020764 4.302326
v -3.372093 -0.053924 4.069767
v -3.372093 -0.077398 3.837209
v -3.372093 -0.103186 3.604651
v -3.372093 -0.127408 3.372093
v -3.372093 -0.080706 3.139535
v -3.372093 -0.031851 2.906977
v -3.372093 0.026174 2.674419
v -3.372093 0.203580 2.441860
v -3.372093 0.321449 2.209302
v -3.372093 0.408632 1.976744
v -3.372093 0.637074 1.744186
v -3.372093 0.728464 1.511628
v -3.372093 0.924366 1.279070
v -3.372093 1.035671 1.046512
v -3.372093 1.060877 0.813954
v -3.372093 1.124137 0.581395
v -3.372093 1.273205 0.348837
v -3.372093 1.330180 0.116279
v -3.372093 1.428153 -0.116279
v -3.372093 1.234934 -0.348837
v -3.372093 0.958684 -0.581395
v -3.372093 0.749854 -0.813954
v -3.372093 0.553742 -1.046512
v -3.372093 0.366814 -1.279070
v -3.372093 0.214296 -1.511628
v -3.372093 0.071157 -1.744186
v -3.372093 0.029955 -1.976744
v -3.372093 -0.035315 -2.209302
v -3.372093 -0.109969 -2.441860
v -3.372093 -0.221858 -2.674419
v -3.372093 -0.264751 -2.906977
v -3.372093 -0.323341 -3.139535
v -3.372093 -0.319394 -3.372093
v -3.372093 -0.284092 -3.604651
v -3.372093 -0.227750 -3.837209
v -3.372093 -0.147646 -4.069767
v -3.372093 -0.070245 -4.302326
v -3.372093 -0.017639 -4.534884
v -3.372093 0.000000 -4.767442
v -3.372093 0.000000 -5.000000
v -3.139535 0.000000 5.000000
v -3.139535 -0.000254 4.767442
v -3.139535 -0.016408 4.534884
v -3.139535 -0.049153 4.302326
v -3.139535 -0.091126 4.069767
v -3.139535 -0.151697 3.837209
v -3.139535 -0.198121 3.604651
v -3.139535 -0.218362 3.372093
v -3.139535 -0.258465 3.139535
v -3.139535 -0.213055 2.906977
v -3.139535 -0.046262 2.674419
v -3.139535 0.118575 2.441860
v -3.139535 0.239110 2.209302
v -3.139535 0.324101 1.976744
v -3.139535 0.548410 1.744186
v -3.139535 0.658704 1.511628
v -3.139535 0.815912 1.279070
v -3.139535 1.047105 1.046512
v -3.139535 1.152358 0.813954
v -3.139535 1.304206 0.581395
v -3.139535 1.516280 0.348837
v -3.139535 1.614672 0.116279
v -3.139535 1.633541 -0.116279
v -3.139535 1.271716 -0.348837
v -3.139535 1.008637 -0.581395
v -3.139535 0.750131 -0.813954
v -3.139535 0.553332 -1.046512
v -3.139535 0.278995 -1.279070
v -3.139535 0.156816 -1.511628
v -3.139535 -0.027253 -1.744186
v -3.139535 -0.104769 -1.976744
v -3.139535 -0.190520 -2.209302
v -3.139535 -0.221156 -2.441860
v -3.139535 -0.278675 -2.674419
v -3.139535 -0.360071 -2.906977
v -3.139535 -0.419497 -3.139535
v -3.139535 -0.429212 -3.372093
v -3.139535 -0.399676 -3.604651
v -3.139535 -0.318679 -3.837209
v -3.139535 -0.215318 -4.069767
v -3.139535 -0.111484 -4.302326
v -3.139535 -0.038968 -4.534884
v -3.139535 -0.000438 -4.767442
v -3.139535 0.000000 -5.000000
v -2.906977 0.000000 5.000000
v -2.906977 -0.003055 4.767442
v -2.906977 -0.034341 4.534884
v -2.906977 -0.102845 4.302326
v -2.906977 -0.172386 4.069767
v -2.906977 -0.253600 3.837209
v -2.906977 -0.362035 3.604651
v -2.906977 -0.404118 3.372093
v -2.906977 -0.408221 3.139535
v -2.906977 -0.415519 2.906977
v -2.906977 -0.199806 2.674419
v -2.906977 0.015404 2.441860
v -2.906977 0.180732 2.209302
v -2.906977 0.294329 1.976744
v -2.906977 0.451147 1.744186
v -2.906977 0.578397 1.511628
v -2.906977 0.713555 1.279070
v -2.906977 0.944719 1.046512
v -2.906977 1.089295 0.813954
v -2.906977 1.375656 0.581395
v -2.906977 1.608837 0.348837
v -2.906977 1.704292 0.116279
v -2.906977 1.586478 -0.116279
v -2.906977 1.256126 -0.348837
v -2.906977 0.989212 -0.581395
v -2.906977 0.700501 -0.813954
v -2.906977 0.420992 -1.046512
v -2.906977 0.131963 -1.279070
v -2.906977 0.003062 -1.511628
v -2.906977 -0.160513 -1.744186
v -2.906977 -0.330784 -1.976744
v -2.906977 -0.384391 -2.209302
v -2.906977 -0.371413 -2.441860
v -2.906977 -0.382426 -2.674419
v -2.906977 -0.431453 -2.906977
v -2.906977 -0.470210 -3.139535
v -2.906977 -0.439882 -3.372093
v -2.906977 -0.366269 -3.604651
v -2.906977 -0.333869 -3.837209
v -2.906977 -0.257715 -4.069767
v -2.906977 -0.151466 -4.302326
v -2.906977 -0.059334 -4.534884
v -2.906977 -0.004831 -4.767442
v -2.906977 0.000000 -5.000000
v -2.674419 0.000000 5.000000
v -2.674419 -0.008621 4.767442
v -2.674419 -0.060249 4.534884
v -2.674419 -0.166136 4.302326
v -2.674419 -0.287879 4.069767
v -2.674419 -0.398527 3.837209
v -2.674419 -0.510932 3.604651
v -2.674419 -0.553472 3.372093
v -2.674419 -0.539332 3.139535
v -2.674419 -0.487155 2.906977
v -2.674419 -0.326332 2.674419
v -2.674419 -0.167152 2.441860
v -2.674419 -0.032835 2.209302
v -2.674419 0.103772 1.976744
v -2.674419 0.267207 1.744186
v -2.674419 0.410533 1.511628
v -2.674419 0.547752 1.279070
v -2.674419 0.766098 1.046512
v -2.674419 1.145678 0.813954
v -2.674419 1.598978 0.581395
v -2.674419 1.789112 0.348837
v -2.674419 1.688193 0.116279
v -2.674419 1.460684 -0.116279
v -2.674419 1.164442 -0.348837
v -2.674419 0.897396 -0.581395
v -2.674419 0.751845 -0.813954
v -2.674419 0.443657 -1.046512
v -2.674419 0.151596 -1.279070
v -2.674419 -0.099246 -1.511628
v -2.674419 -0.321243 -1.744186
v -2.674419 -0.436934 -1.976744
v -2.674419 -0.553873 -2.209302
v -2.674419 -0.514782 -2.441860
v -2.674419 -0.476266 -2.674419
v -2.674419 -0.484799 -2.906977
v -2.674419 -0.481389 -3.139535
v -2.674419 -0.459119 -3.372093
v -2.674419 -0.359408 -3.604651
v -2.674419 -0.307980 -3.837209
v -2.674419 -0.244839 -4.069767
v -2.674419 -0.160276 -4.302326
v -2.674419 -0.072507 -4.534884
v -2.674419 -0.011253 -4.767442
v -2.674419 0.000000 -5.000000
v -2.441860 0.000000 5.000000
v -2.441860 -0.015941 4.767442
v -2.441860 -0.090696 4.534884
v -2.441860 -0.203251 4.302326
v -2.441860 -0.351851 4.069767
v -2.441860 -0.488013 3.837209
v -2.441860 -0.592921 3.604651
v -2.441860 -0.672335 3.372093
v -2.441860 -0.647511 3.139535
v -2.441860 -0.561762 2.906977
v -2.441860 -0.397114 2.674419
v -2.441860 -0.239047 2.441860
v -2.441860 -0.199005 2.209302
v -2.441860 -0.078213 1.976744
v -2.441860 0.053244 1.744186
v -2.441860 0.232026 1.511628
v -2.441860 0.477777 1.279070
v -2.441860 0.782713 1.046512
v -2.441860 1.298260 0.813954
v -2.441860 1.842193 0.581395
v -2.441860 1.996692 0.348837
v -2.441860 1.717430 0.116279
v -2.441860 1.488481 -0.116279
v -2.441860 1.063936 -0.348837
v -2.441860 0.897663 -0.581395
v -2.441860 0.722316 -0.813954
v -2.441860 0.378724 -1.046512
v -2.441860 0.085770 -1.279070
v -2.441860 -0.138624 -1.511628
v -2.441860 -0.410529 -1.744186
v -2.441860 -0.390905 -1.976744
v -2.441860 -0.485842 -2.209302
v -2.441860 -0.517133 -2.441860
v -2.441860 -0.526876 -2.674419
v -2.441860 -0.535415 -2.906977
v -2.441860 -0.502028 -3.139535
v -2.441860 -0.413305 -3.372093
v -2.441860 -0.344891 -3.604651
v -2.441860 -0.294737 -3.837209
v -2.441860 -0.221192 -4.069767
v -2.441860 -0.142571 -4.302326
v -2.441860 -0.074960 -4.534884
v -2.441860 -0.016464 -4.767442
v -2.441860 0.000000 -5.000000
v -2.209302 0.000000 5.000000
v -2.209302 -0.022354 4.767442
v -2.209302 -0.103015 4.534884
v -2.209302 -0.217098 4.302326
v -2.209302 -0.361147 4.069767
v -2.209302 -0.481797 3.837209
v -2.209302 -0.549795 3.604651
v -2.209302 -0.665388 3.372093
v -2.209302 -0.616215 3.139535
v -2.209302 -0.472421 2.906977
v -2.209302 -0.292014 2.674419
v -2.209302 -0.228408 2.441860
v -2.209302 -0.241471 2.209302
v -2.209302 -0.180345 1.976744
v -2.209302 0.098461 1.744186
v -2.209302 0.295607 1.511628
v -2.209302 0.595025 1.279070
v -2.209302 0.966385 1.046512
v -2.209302 1.377271 0.813954
v -2.209302 1.854259 0.581395
v -2.209302 1.972026 0.348837
v -2.209302 1.832345 0.116279
v -2.209302 1.626440 -0.116279
v -2.209302 1.238504 -0.348837
v -2.209302 1.031319 -0.581395
v -2.209302 0.739498 -0.813954
v -2.209302 0.384981 -1.046512
v -2.209302 -0.046983 -1.279070
v -2.209302 -0.366169 -1.511628
v -2.209302 -0.430244 -1.744186
v -2.209302 -0.523004 -1.976744
v -2.209302 -0.500497 -2.209302
v -2.209302 -0.440789 -2.441860
v -2.209302 -0.461434 -2.674419
v -2.209302 -0.457939 -2.906977
v -2.209302 -0.430645 -3.139535
v -2.209302 -0.311778 -3.372093
v -2.209302 -0.310979 -3.604651
v -2.209302 -0.312249 -3.837209
v -2.209302 -0.235286 -4.069767
v -2.209302 -0.162070 -4.302326
v -2.209302 -0.081260 -4.534884
v -2.209302 -0.018965 -4.767442
v -2.209302 0.000000 -5.000000
v -1.976744 0.000000 5.000000
v -1.976744 -0.023536 4.767442
v -1.976744 -0.094562 4.534884
v -1.976744 -0.209139 4.302326
v -1.976744 -0.349150 4.069767
v -1.976744 -0.477159 3.837209
v -1.976744 -0.439168 3.604651
v -1.976744 -0.529456 3.372093
v -1.976744 -0.546009 3.139535
v -1.976744 -0.375090 2.906977
v -1.976744 -0.338199 2.674419
v -1.976744 -0.284159 2.441860
v -1.976744 -0.266623 2.209302
v -1.976744 -0.208341 1.976744
v -1.976744 0.011271 1.744186
v -1.976744 0.407038 1.511628
v -1.976744 0.840988 1.279070
v -1.976744 1.106591 1.046512
v -1.976744 1.409469 0.813954
v -1.976744 1.611843 0.581395
v -1.976744 1.693767 0.348837
v -1.976744 1.693117 0.116279
v -1.976744 1.452364 -0.116279
v -1.976744 1.226587 -0.348837
v -1.976744 0.947510 -0.581395
v -1.976744 0.572366 -0.813954
v -1.976744 0.262996 -1.046512
v -1.976744 -0.140188 -1.279070
v -1.976744 -0.433571 -1.511628
v -1.976744 -0.525941 -1.744186
v -1.976744 -0.579394 -1.976744
v -1.976744 -0.460006 -2.209302
v -1.976744 -0.430926 -2.441860
v -1.976744 -0.350374 -2.674419
v -1.976744 -0.404319 -2.906977
v -1.976744 -0.445722 -3.139535
v -1.976744 -0.354268 -3.372093
v -1.976744 -0.300362 -3.604651
v -1.976744 -0.298538 -3.837209
v -1.976744 -0.253790 -4.069767
v -1.976744 -0.170500 -4.302326
v -1.976744 -0.082021 -4.534884
v -1.976744 -0.020943 -4.767442
v -1.976744 0.000000 -5.000000
v -1.744186 0.000000 5.000000
v -1.744186 -0.023062 4.767442
v -1.744186 -0.093101 4.534884
v -1.744186 -0.196851 4.302326
v -1.744186 -0.327406 4.069767
v -1.744186 -0.387645 3.837209
v -1.744186 -0.354846 3.604651
v -1.744186 -0.430091 3.372093
v -1.744186 -0.471070 3.139535
v -1.744186 -0.392430 2.906977
v -1.744186 -0.355959 2.674419
v -1.744186 -0.351100 2.441860
v -1.744186 -0.298894 2.209302
v -1.744186 -0.132712 1.976744
v -1.744186 0.033942 1.744186
v -1.744186 0.525915 1.511628
v -1.744186 0.974172 1.279070
v -1.744186 1.041972 1.046512
v -1.744186 1.227408 0.813954
v -1.744186 1.265492 0.581395
v -1.744186 1.233433 0.348837
v -1.744186 1.247402 0.116279
v -1.744186 1.216223 -0.116279
v -1.744186 1.117164 -0.348837
v -1.744186 0.861138 -0.581395
v -1.744186 0.409745 -0.813954
v -1.744186 0.087942 -1.046512
v -1.744186 -0.263379 -1.279070
v -1.744186 -0.506272 -1.511628
v -1.744186 -0.589183 -1.744186
v -1.744186 -0.589413 -1.976744
v -1.744186 -0.545391 -2.209302
v -1.744186 -0.552302 -2.441860
v -1.744186 -0.391540 -2.674419
v -1.744186 -0.355414 -2.906977
v -1.744186 -0.459111 -3.139535
v -1.744186 -0.442415 -3.372093
v -1.744186 -0.432335 -3.604651
v -1.744186 -0.391928 -3.837209
v -1.744186 -0.310090 -4.069767
v -1.744186 -0.166623 -4.302326
v -1.744186 -0.071842 -4.534884
v -1.744186 -0.020143 -4.767442
v -1.744186 0.000000 -5.000000
v -1.511628 0.000000 5.000000
v -1.511628 -0.021236 4.767442
v -1.511628 -0.081861 4.534884
v -1.511628 -0.196278 4.302326
v -1.511628 -0.298620 4.069767
v -1.511628 -0.403453 3.837209
v -1.511628 -0.393822 3.604651
v -1.511628 -0.436277 3.372093
v -1.511628 -0.544843 3.139535
v -1.511628 -0.460249 2.906977
v -1.511628 -0.415176 2.674419
v -1.511628 -0.393076 2.441860
v -1.511628 -0.344602 2.209302
v -1.511628 -0.059997 1.976744
v -1.511628 0.263080 1.744186
v -1.511628 0.606447 1.511628
v -1.511628 0.999068 1.279070
v -1.511628 1.056915 1.046512
v -1.511628 0.953196 0.813954
v -1.511628 1.051536 0.581395
v -1.511628 0.806436 0.348837
v -1.511628 0.724831 0.116279
v -1.511628 0.805384 -0.116279
v -1.511628 0.713804 -0.348837
v -1.511628 0.565854 -0.581395
v -1.511628 0.304492 -0.813954
v -1.511628 -0.087933 -1.046512
v -1.511628 -0.436120 -1.279070
v -1.511628 -0.613144 -1.511628
v -1.511628 -0.695471 -1.744186
v -1.511628 -0.736219 -1.976744
v -1.511628 -0.750180 -2.209302
v -1.511628 -0.687788 -2.441860
v -1.511628 -0.445023 -2.674419
v -1.511628 -0.427341 -2.906977
v -1.511628 -0.485776 -3.139535
v -1.511628 -0.492191 -3.372093
v -1.511628 -0.493765 -3.604651
v -1.511628 -0.462954 -3.837209
v -1.511628 -0.353481 -4.069767
v -1.511628 -0.196303 -4.302326
v -1.511628 -0.073748 -4.534884
v -1.511628 -0.020638 -4.767442
v -1.511628 0.000000 -5.000000
v -1.279070 0.000000 5.000000
v -1.279070 -0.021356 4.767442
v -1.279070 -0.071841 4.534884
v -1.279070 -0.153908 4.302326
v -1.279070 -0.287293 4.069767
v -1.279070 -0.369315 3.837209
v -1.279070 -0.419589 3.604651
v -1.279070 -0.589951 3.372093
v -1.279070 -0.622720 3.139535
v -1.279070 -0.460159 2.906977
v -1.279070 -0.488148 2.674419
v -1.279070 -0.438914 2.441860
v -1.279070 -0.350318 2.209302
v -1.279070 -0.046749 1.976744
v -1.279070 0.319081 1.744186
v -1.279070 0.658342 1.511628
v -1.279070 0.973733 1.279070
v -1.279070 1.042417 1.046512
v -1.279070 0.961763 0.813954
v -1.279070 0.649895 0.581395
v -1.279070 0.367879 0.348837
v -1.279070 0.181577 0.116279
v -1.279070 0.245496 -0.116279
v -1.279070 0.446670 -0.348837
v -1.279070 0.380861 -0.581395
v -1.279070 0.219467 -0.813954
v -1.279070 -0.328072 -1.046512
v -1.279070 -0.620789 -1.279070
v -1.279070 -0.670145 -1.511628
v -1.279070 -0.739608 -1.744186
v -1.279070 -0.792179 -1.976744
v -1.279070 -0.826855 -2.209302
v -1.279070 -0.866103 -2.441860
v -1.279070 -0.721757 -2.674419
v -1.279070 -0.621609 -2.906977
v -1.279070 -0.541035 -3.139535
v -1.279070 -0.531969 -3.372093
v -1.279070 -0.545861 -3.604651
v -1.279070 -0.501683 -3.837209
v -1.279070 -0.402228 -4.069767
v -1.279070 -0.216229 -4.302326
v -1.279070 -0.098963 -4.534884
v -1.279070 -0.023483 -4.767442
v -1.279070 0.000000 -5.000000
v -1.046512 0.000000 5.000000
v -1.046512 -0.017938 4.767442
v -1.046512 -0.067485 4.534884
v -1.046512 -0.128358 4.302326
v -1.046512 -0.238585 4.069767
v -1.046512 -0.329735 3.837209
v -1.046512 -0.412691 3.604651
v -1.046512 -0.535531 3.372093
v -1.046512 -0.565887 3.139535
v -1.046512 -0.493508 2.906977
v -1.046512 -0.393635 2.674419
v -1.046512 -0.315591 2.441860
v -1.046512 -0.245209 2.209302
v -1.046512 -0.001691 1.976744
v -1.046512 0.401220 1.744186
v -1.046512 0.595372 1.511628
v -1.046512 0.649623 1.279070
v -1.046512 0.811453 1.046512
v -1.046512 0.666402 0.813954
v -1.046512 0.440920 0.581395
v -1.046512 0.080016 0.348837
v -1.046512 -0.168586 0.116279
v -1.046512 0.000080 -0.116279
v -1.046512 0.171957 -0.348837
v -1.046512 -0.088690 -0.581395
v -1.046512 -0.224615 -0.813954
v -1.046512 -0.573670 -1.046512
v -1.046512 -0.645774 -1.279070
v -1.046512 -0.513066 -1.511628
v -1.046512 -0.543309 -1.744186
v -1.046512 -0.606785 -1.976744
v -1.046512 -0.747554 -2.209302
v -1.046512 -0.804863 -2.441860
v -1.046512 -0.719964 -2.674419
v -1.046512 -0.816942 -2.906977
v -1.046512 -0.735953 -3.139535
v -1.046512 -0.685870 -3.372093
v -1.046512 -0.599649 -3.604651
v -1.046512 -0.541642 -3.837209
v -1.046512 -0.408021 -4.069767
v -1.046512 -0.222079 -4.302326
v -1.046512 -0.092922 -4.534884
v -1.046512 -0.025602 -4.767442
v -1.046512 0.000000 -5.000000
v -0.813954 0.000000 5.000000
v -0.813954 -0.018883 4.767442
v -0.813954 -0.059176 4.534884
v -0.813954 -0.135434 4.302326
v -0.813954 -0.249656 4.069767
v -0.813954 -0.353228 3.837209
v -0.813954 -0.367963 3.604651
v -0.813954 -0.514711 3.372093
v -0.813954 -0.600348 3.139535
v -0.813954 -0.576777 2.906977
v -0.813954 -0.455492 2.674419
v -0.813954 -0.419502 2.441860
v -0.813954 -0.242730 2.209302
v -0.813954 0.071635 1.976744
v -0.813954 0.291150 1.744186
v -0.813954 0.468707 1.511628
v -0.813954 0.410732 1.279070
v -0.813954 0.493848 1.046512
v -0.813954 0.386994 0.813954
v -0.813954 0.245268 0.581395
v -0.813954 -0.122998 0.348837
v -0.813954 -0.322487 0.116279
v -0.813954 -0.225176 -0.116279
v -0.813954 -0.014266 -0.348837
v -0.813954 -0.231619 -0.581395
v -0.813954 -0.460743 -0.813954
v -0.813954 -0.704664 -1.046512
v -0.813954 -0.717841 -1.279070
v -0.813954 -0.615924 -1.511628
v -0.813954 -0.555850 -1.744186
v -0.813954 -0.552270 -1.976744
v -0.813954 -0.641160 -2.209302
v -0.813954 -0.604970 -2.441860
v -0.813954 -0.644882 -2.674419
v -0.813954 -0.887953 -2.906977
v -0.813954 -0.810303 -3.139535
v -0.813954 -0.709601 -3.372093
v -0.813954 -0.635244 -3.604651
v -0.813954 -0.550010 -3.837209
v -0.813954 -0.359535 -4.069767
v -0.813954 -0.196395 -4.302326
v -0.813954 -0.092678 -4.534884
v -0.813954 -0.022795 -4.767442
v -0.813954 0.000000 -5.000000
v -0.581395 0.000000 5.000000
v -0.581395 -0.011054 4.767442
v -0.581395 -0.042836 4.534884
v -0.581395 -0.115476 4.302326
v -0.581395 -0.224763 4.069767
v -0.581395 -0.314972 3.837209
v -0.581395 -0.312692 3.604651
v -0.581395 -0.483216 3.372093
v -0.581395 -0.573599 3.139535
v -0.581395 -0.600103 2.906977
v -0.581395 -0.514756 2.674419
v -0.581395 -0.413549 2.441860
v -0.581395 -0.197198 2.209302
v -0.581395 -0.000386 1.976744
v -0.581395 0.192549 1.744186
v -0.581395 0.174813 1.511628
v -0.581395 0.185056 1.279070
v -0.581395 0.149402 1.046512
v -0.581395 -0.016017 0.813954
v -0.581395 0.060674 0.581395
v -0.581395 -0.244357 0.348837
v -0.581395 -0.470741 0.116279
v -0.581395 -0.366257 -0.116279
v -0.581395 -0.299730 -0.348837
v -0.581395 -0.544799 -0.581395
v -0.581395 -0.702624 -0.813954
v -0.581395 -0.831030 -1.046512
v -0.581395 -0.936459 -1.279070
v -0.581395 -0.821100 -1.511628
v -0.581395 -0.763782 -1.744186
v -0.581395 -0.619261 -1.976744
v -0.581395 -0.533626 -2.209302
v -0.581395 -0.543382 -2.441860
v -0.581395 -0.576451 -2.674419
v -0.581395 -0.719682 -2.906977
v -0.581395 -0.679930 -3.139535
v -0.581395 -0.666092 -3.372093
v -0.581395 -0.580304 -3.604651
v -0.581395 -0.474453 -3.837209
v -0.581395 -0.307264 -4.069767
v -0.581395 -0.170934 -4.302326
v -0.581395 -0.075090 -4.534884
v -0.581395 -0.021388 -4.767442
v -0.581395 0.000000 -5.000000
v -0.348837 0.000000 5.000000
v -0.348837 -0.005777 4.767442
v -0.348837 -0.038397 4.534884
v -0.348837 -0.100550 4.302326
v -0.348837 -0.182720 4.069767
v -0.348837 -0.233894 3.837209
v -0.348837 -0.218098 3.604651
v -0.348837 -0.371700 3.372093
v -0.348837 -0.471418 3.139535
v -0.348837 -0.535002 2.906977
v -0.348837 -0.484016 2.674419
v -0.348837 -0.302586 2.441860
v -0.348837 -0.253364 2.209302
v -0.348837 -0.219508 1.976744
v -0.348837 -0.085295 1.744186
v -0.348837 -0.024665 1.511628
v -0.348837 -0.018731 1.279070
v -0.348837 -0.066523 1.046512
v -0.348837 -0.335183 0.813954
v -0.348837 -0.269064 0.581395
v -0.348837 -0.413376 0.348837
v -0.348837 -0.498451 0.116279
v -0.348837 -0.461076 -0.116279
v -0.348837 -0.458406 -0.348837
v -0.348837 -0.635607 -0.581395
v -0.348837 -0.636167 -0.813954
v -0.348837 -0.960891 -1.046512
v -0.348837 -1.110966 -1.279070
v -0.348837 -1.004488 -1.511628
v -0.348837 -0.901143 -1.744186
v -0.348837 -0.762185 -1.976744
v -0.348837 -0.642303 -2.209302
v -0.348837 -0.702493 -2.441860
v -0.348837 -0.644966 -2.674419
v -0.348837 -0.672217 -2.906977
v -0.348837 -0.592012 -3.139535
v -0.348837 -0.520375 -3.372093
v -0.348837 -0.468283 -3.604651
v -0.348837 -0.389155 -3.837209
v -0.348837 -0.268038 -4.069767
v -0.348837 -0.170517 -4.302326
v -0.348837 -0.065436 -4.534884
v -0.348837 -0.022677 -4.767442
v -0.348837 0.000000 -5.000000
v -0.116279 0.000000 5.000000
v -0.116279 -0.001576 4.767442
v -0.116279 -0.030411 4.534884
v -0.116279 -0.113686 4.302326
v -0.116279 -0.214299 4.069767
v -0.116279 -0.216532 3.837209
v -0.116279 -0.247605 3.604651
v -0.116279 -0.381426 3.372093
v -0.116279 -0.438857 3.139535
v -0.116279 -0.451790 2.906977
v -0.116279 -0.531766 2.674419
v -0.116279 -0.371956 2.441860
v -0.116279 -0.417720 2.209302
v -0.116279 -0.370311 1.976744
v -0.116279 -0.372760 1.744186
v -0.116279 -0.193051 1.511628
v -0.116279 0.032774 1.279070
v -0.116279 -0.011354 1.046512
v -0.116279 -0.253252 0.813954
v -0.116279 -0.387468 0.581395
v -0.116279 -0.456984 0.348837
v -0.116279 -0.573915 0.116279
v -0.116279 -0.489306 -0.116279
v -0.116279 -0.455343 -0.348837
v -0.116279 -0.580856 -0.581395
v -0.116279 -0.721690 -0.813954
v -0.116279 -1.018467 -1.046512
v -0.116279 -1.085528 -1.279070
v -0.116279 -1.063466 -1.511628
v -0.116279 -0.903713 -1.744186
v -0.116279 -0.822634 -1.976744
v -0.116279 -0.731429 -2.209302
v -0.116279 -0.624947 -2.441860
v -0.116279 -0.622903 -2.674419
v -0.116279 -0.518650 -2.906977
v -0.116279 -0.395612 -3.139535
v -0.116279 -0.415398 -3.372093
v -0.116279 -0.377406 -3.604651
v -0.116279 -0.353033 -3.837209
v -0.116279 -0.239782 -4.069767
v -0.116279 -0.145814 -4.302326
v -0.116279 -0.060160 -4.534884
v -0.116279 -0.020859 -4.767442
v -0.116279 0.000000 -5.000000
v 0.116279 0.000000 5.000000
v 0.116279 -0.001584 4.767442
v 0.116279 -0.025141 4.534884
v 0.116279 -0.079704 4.302326
v 0.116279 -0.151295 4.069767
v 0.116279 -0.235676 3.837209
v 0.116279 -0.285032 3.604651
v 0.116279 -0.399856 3.372093
v 0.116279 -0.445888 3.139535
v 0.116279 -0.414487 2.906977
v 0.116279 -0.488151 2.674419
v 0.116279 -0.416011 2.441860
v 0.116279 -0.481561 2.209302
v 0.116279 -0.431676 1.976744
v 0.116279 -0.253195 1.744186
v 0.116279 -0.125634 1.511628
v 0.116279 0.044446 1.279070
v 0.116279 0.093232 1.046512
v 0.116279 -0.004573 0.813954
v 0.116279 -0.252813 0.581395
v 0.116279 -0.430189 0.348837
v 0.116279 -0.436033 0.116279
v 0.116279 -0.425159 -0.116279
v 0.116279 -0.469352 -0.348837
v 0.116279 -0.592926 -0.581395
v 0.116279 -0.925835 -0.813954
v 0.116279 -1.071992 -1.046512
v 0.116279 -1.130280 -1.279070
v 0.116279 -1.090309 -1.511628
v 0.116279 -1.049295 -1.744186
v 0.116279 -0.913933 -1.976744
v 0.116279 -0.719674 -2.209302
v 0.116279 -0.626031 -2.441860
v 0.116279 -0.487483 -2.674419
v 0.116279 -0.436669 -2.906977
v 0.116279 -0.422275 -3.139535
v 0.116279 -0.451683 -3.372093
v 0.116279 -0.393221 -3.604651
v 0.116279 -0.354132 -3.837209
v 0.116279 -0.256776 -4.069767
v 0.116279 -0.142671 -4.302326
v 0.116279 -0.070079 -4.534884
v 0.116279 -0.019465 -4.767442
v 0.116279 0.000000 -5.000000
v 0.348837 0.000000 5.000000
v 0.348837 0.003563 4.767442
v 0.348837 -0.003059 4.534884
v 0.348837 -0.008865 4.302326
v 0.348837 -0.070823 4.069767
v 0.348837 -0.114511 3.837209
v 0.348837 -0.222189 3.604651
v 0.348837 -0.341882 3.372093
v 0.348837 -0.435881 3.139535
v 0.348837 -0.363442 2.906977
v 0.348837 -0.340752 2.674419
v 0.348837 -0.466884 2.441860
v 0.348837 -0.438022 2.209302
v 0.348837 -0.405036 1.976744
v 0.348837 -0.242962 1.744186
v 0.348837 -0.151990 1.511628
v 0.348837 0.106009 1.279070
v 0.348837 0.202123 1.046512
v 0.348837 0.179223 0.813954
v 0.348837 -0.031617 0.581395
v 0.348837 -0.232999 0.348837
v 0.348837 -0.401968 0.116279
v 0.348837 -0.513161 -0.116279
v 0.348837 -0.553880 -0.348837
v 0.348837 -0.851363 -0.581395
v 0.348837 -1.100954 -0.813954
v 0.348837 -1.037526 -1.046512
v 0.348837 -1.110170 -1.279070
v 0.348837 -1.085474 -1.511628
v 0.348837 -1.145218 -1.744186
v 0.348837 -1.061266 -1.976744
v 0.348837 -0.814000 -2.209302
v 0.348837 -0.731821 -2.441860
v 0.348837 -0.533656 -2.674419
v 0.348837 -0.480828 -2.906977
v 0.348837 -0.447774 -3.139535
v 0.348837 -0.455258 -3.372093
v 0.348837 -0.424090 -3.604651
v 0.348837 -0.373441 -3.837209
v 0.348837 -0.300294 -4.069767
v 0.348837 -0.172320 -4.302326
v 0.348837 -0.077326 -4.534884
v 0.348837 -0.021316 -4.767442
v 0.348837 0.000000 -5.000000
v 0.581395 0.000000 5.000000
v 0.581395 0.009187 4.767442
v 0.581395 0.021005 4.534884
v 0.581395 0.039409 4.302326
v 0.581395 -0.010765 4.069767
v 0.581395 -0.054611 3.837209
v 0.581395 -0.084564 3.604651
v 0.581395 -0.156215 3.372093
v 0.581395 -0.379809 3.139535
v 0.581395 -0.372904 2.906977
v 0.581395 -0.301627 2.674419
v 0.581395 -0.352902 2.441860
v 0.581395 -0.477666 2.209302
v 0.581395 -0.325937 1.976744
v 0.581395 -0.164268 1.744186
v 0.581395 0.058516 1.511628
v 0.581395 0.149452 1.279070
v 0.581395 0.310393 1.046512
v 0.581395 0.335849 0.813954
v 0.581395 0.255660 0.581395
v 0.581395 0.049570 0.348837
v 0.581395 -0.355700 0.116279
v 0.581395 -0.447450 -0.116279
v 0.581395 -0.640136 -0.348837
v 0.581395 -0.922632 -0.581395
v 0.581395 -1.121469 -0.813954
v 0.581395 -1.143129 -1.046512
v 0.581395 -1.191788 -1.279070
v 0.581395 -1.187927 -1.511628
v 0.581395 -1.163080 -1.744186
v 0.581395 -1.110209 -1.976744
v 0.581395 -0.928483 -2.209302
v 0.581395 -0.749261 -2.441860
v 0.581395 -0.699905 -2.674419
v 0.581395 -0.615070 -2.906977
v 0.581395 -0.508564 -3.139535
v 0.581395 -0.484530 -3.372093
v 0.581395 -0.438855 -3.604651
v 0.581395 -0.389757 -3.837209
v 0.581395 -0.303275 -4.069767
v 0.581395 -0.166313 -4.302326
v 0.581395 -0.081574 -4.534884
v 0.581395 -0.019518 -4.767442
v 0.581395 0.000000 -5.000000
v 0.813954 0.000000 5.000000
v 0.813954 0.010612 4.767442
v 0.813954 0.031176 4.534884
v 0.813954 0.028607 4.302326
v 0.813954 -0.038850 4.069767
v 0.813954 -0.074543 3.837209
v 0.813954 -0.038799 3.604651
v 0.813954 -0.067292 3.372093
v 0.813954 -0.170098 3.139535
v 0.813954 -0.166213 2.906977
v 0.813954 -0.189476 2.674419
v 0.813954 -0.222772 2.441860
v 0.813954 -0.174552 2.209302
v 0.813954 0.150394 1.976744
v 0.813954 0.294261 1.744186
v 0.813954 0.493150 1.511628
v 0.813954 0.365967 1.279070
v 0.813954 0.343218 1.046512
v 0.813954 0.415841 0.813954
v 0.813954 0.365615 0.581395
v 0.813954 0.198461 0.348837
v 0.813954 -0.303631 0.116279
v 0.813954 -0.530258 -0.116279
v 0.813954 -0.820906 -0.348837
v 0.813954 -1.026945 -0.581395
v 0.813954 -1.049571 -0.813954
v 0.813954 -1.047553 -1.046512
v 0.813954 -1.153636 -1.279070
v 0.813954 -1.186070 -1.511628
v 0.813954 -1.103327 -1.744186
v 0.813954 -1.079658 -1.976744
v 0.813954 -0.911987 -2.209302
v 0.813954 -0.933468 -2.441860
v 0.813954 -0.821485 -2.674419
v 0.813954 -0.753977 -2.906977
v 0.813954 -0.529917 -3.139535
v 0.813954 -0.442041 -3.372093
v 0.813954 -0.488307 -3.604651
v 0.813954 -0.424183 -3.837209
v 0.813954 -0.340691 -4.069767
v 0.813954 -0.190406 -4.302326
v 0.813954 -0.076105 -4.534884
v 0.813954 -0.016375 -4.767442
v 0.813954 0.000000 -5.000000
v 1.046512 0.000000 5.000000
v 1.046512 0.008925 4.767442
v 1.046512 0.026090 4.534884
v 1.046512 0.016880 4.302326
v 1.046512 0.011146 4.069767
v 1.046512 0.004415 3.837209
v 1.046512 0.049945 3.604651
v 1.046512 0.076880 3.372093
v 1.046512 0.052234 3.139535
v 1.046512 0.059394 2.906977
v 1.046512 0.053706 2.674419
v 1.046512 -0.044260 2.441860
v 1.046512 0.051138 2.209302
v 1.046512 0.365854 1.976744
v 1.046512 0.581993 1.744186
v 1.046512 0.732949 1.511628
v 1.046512 0.616830 1.279070
v 1.046512 0.492250 1.046512
v 1.046512 0.629558 0.813954
v 1.046512 0.565798 0.581395
v 1.046512 0.296270 0.348837
v 1.046512 -0.069900 0.116279
v 1.046512 -0.339718 -0.116279
v 1.046512 -0.657489 -0.348837
v 1.046512 -0.866093 -0.581395
v 1.046512 -1.011774 -0.813954
v 1.046512 -1.148104 -1.046512
v 1.046512 -1.203356 -1.279070
v 1.046512 -1.123919 -1.511628
v 1.046512 -1.162484 -1.744186
v 1.046512 -1.180501 -1.976744
v 1.046512 -0.984445 -2.209302
v 1.046512 -1.075443 -2.441860
v 1.046512 -0.966998 -2.674419
v 1.046512 -0.829266 -2.906977
v 1.046512 -0.521078 -3.139535
v 1.046512 -0.453630 -3.372093
v 1.046512 -0.418302 -3.604651
v 1.046512 -0.389147 -3.837209
v 1.046512 -0.324670 -4.069767
v 1.046512 -0.187148 -4.302326
v 1.046512 -0.065967 -4.534884
v 1.046512 -0.013992 -4.767442
v 1.046512 0.000000 -5.000000
v 1.279070 0.000000 5.000000
v 1.279070 0.011492 4.767442
v 1.279070 0.028892 4.534884
v 1.279070 0.018722 4.302326
v 1.279070 0.032682 4.069767
v 1.279070 0.077703 3.837209
v 1.279070 0.111207 3.604651
v 1.279070 0.197447 3.372093
v 1.279070 0.226189 3.139535
v 1.279070 0.241509 2.906977
v 1.279070 0.217611 2.674419
v 1.279070 0.301465 2.441860
v 1.279070 0.352074 2.209302
v 1.279070 0.601620 1.976744
v 1.279070 0.843222 1.744186
v 1.279070 1.000770 1.511628
v 1.279070 0.858897 1.279070
v 1.279070 0.775660 1.046512
v 1.279070 0.848350 0.813954
v 1.279070 0.750215 0.581395
v 1.279070 0.644459 0.348837
v 1.279070 0.303553 0.116279
v 1.279070 0.185127 -0.116279
v 1.279070 -0.103129 -0.348837
v 1.279070 -0.431883 -0.581395
v 1.279070 -0.708448 -0.813954
v 1.279070 -1.032505 -1.046512
v 1.279070 -1.121683 -1.279070
v 1.279070 -1.064976 -1.511628
v 1.279070 -1.059723 -1.744186
v 1.279070 -1.168992 -1.976744
v 1.279070 -1.068040 -2.209302
v 1.279070 -0.988745 -2.441860
v 1.279070 -0.993791 -2.674419
v 1.279070 -0.740432 -2.906977
v 1.279070 -0.504649 -3.139535
v 1.279070 -0.475822 -3.372093
v 1.279070 -0.383097 -3.604651
v 1.279070 -0.343733 -3.837209
v 1.279070 -0.231483 -4.069767
v 1.279070 -0.141426 -4.302326
v 1.279070 -0.050386 -4.534884
v 1.279070 -0.010291 -4.767442
v 1.279070 0.000000 -5.000000
v 1.511628 0.000000 5.000000
v 1.511628 0.017638 4.767442
v 1.511628 0.049554 4.534884
v 1.511628 0.047332 4.302326
v 1.511628 0.096538 4.069767
v 1.511628 0.188563 3.837209
v 1.511628 0.233378 3.604651
v 1.511628 0.248743 3.372093
v 1.511628 0.378131 3.139535
v 1.511628 0.472480 2.906977
v 1.511628 0.518295 2.674419
v 1.511628 0.643436 2.441860
v 1.511628 0.702279 2.209302
v 1.511628 0.929955 1.976744
v 1.511628 1.148606 1.744186
v 1.511628 1.342141 1.511628
v 1.511628 1.152597 1.279070
v 1.511628 1.021138 1.046512
v 1.511628 1.018393 0.813954
v 1.511628 1.033843 0.581395
v 1.511628 0.854268 0.348837
v 1.511628 0.672916 0.116279
v 1.511628 0.515378 -0.116279
v 1.511628 0.307478 -0.348837
v 1.511628 -0.024039 -0.581395
v 1.511628 -0.302591 -0.813954
v 1.511628 -0.544353 -1.046512
v 1.511628 -0.664086 -1.279070
v 1.511628 -0.706482 -1.511628
v 1.511628 -0.760875 -1.744186
v 1.511628 -1.018764 -1.976744
v 1.511628 -0.952258 -2.209302
v 1.511628 -0.897177 -2.441860
v 1.511628 -0.833110 -2.674419
v 1.511628 -0.736227 -2.906977
v 1.511628 -0.626866 -3.139535
v 1.511628 -0.514576 -3.372093
v 1.511628 -0.369722 -3.604651
v 1.511628 -0.216797 -3.837209
v 1.511628 -0.128656 -4.069767
v 1.511628 -0.082111 -4.302326
v 1.511628 -0.028625 -4.534884
v 1.511628 -0.007554 -4.767442
v 1.511628 0.000000 -5.000000
v 1.744186 0.000000 5.000000
v 1.744186 0.021891 4.767442
v 1.744186 0.074174 4.534884
v 1.744186 0.092253 4.302326
v 1.744186 0.146520 4.069767
v 1.744186 0.233340 3.837209
v 1.744186 0.335558 3.604651
v 1.744186 0.468595 3.372093
v 1.744186 0.630208 3.139535
v 1.744186 0.748743 2.906977
v 1.744186 0.761091 2.674419
v 1.744186 0.993081 2.441860
v 1.744186 1.156765 2.209302
v 1.744186 1.268576 1.976744
v 1.744186 1.487976 1.744186
v 1.744186 1.624966 1.511628
v 1.744186 1.376615 1.279070
v 1.744186 1.297828 1.046512
v 1.744186 1.177833 0.813954
v 1.744186 1.088292 0.581395
v 1.744186 0.974973 0.348837
v 1.744186 0.880527 0.116279
v 1.744186 0.735176 -0.116279
v 1.744186 0.596419 -0.348837
v 1.744186 0.334682 -0.581395
v 1.744186 -0.030927 -0.813954
v 1.744186 -0.259365 -1.046512
v 1.744186 -0.422120 -1.279070
v 1.744186 -0.380742 -1.511628
v 1.744186 -0.501658 -1.744186
v 1.744186 -0.691050 -1.976744
v 1.744186 -0.810089 -2.209302
v 1.744186 -0.822414 -2.441860
v 1.744186 -0.796359 -2.674419
v 1.744186 -0.733412 -2.906977
v 1.744186 -0.585442 -3.139535
v 1.744186 -0.390641 -3.372093
v 1.744186 -0.267233 -3.604651
v 1.744186 -0.156916 -3.837209
v 1.744186 -0.097864 -4.069767
v 1.744186 -0.053796 -4.302326
v 1.744186 -0.019888 -4.534884
v 1.744186 -0.001773 -4.767442
v 1.744186 0.000000 -5.000000
v 1.976744 0.000000 5.000000
v 1.976744 0.022500 4.767442
v 1.976744 0.089032 4.534884
v 1.976744 0.151467 4.302326
v 1.976744 0.246171 4.069767
v 1.976744 0.376125 3.837209
v 1.976744 0.573301 3.604651
v 1.976744 0.754235 3.372093
v 1.976744 0.838301 3.139535
v 1.976744 0.902333 2.906977
v 1.976744 0.972655 2.674419
v 1.976744 1.109315 2.441860
v 1.976744 1.365664 2.209302
v 1.976744 1.439931 1.976744
v 1.976744 1.630208 1.744186
v 1.976744 1.676757 1.511628
v 1.976744 1.531648 1.279070
v 1.976744 1.355516 1.046512
v 1.976744 1.347535 0.813954
v 1.976744 1.219804 0.581395
v 1.976744 1.109699 0.348837
v 1.976744 1.026699 0.116279
v 1.976744 0.931300 -0.116279
v 1.976744 0.751007 -0.348837
v 1.976744 0.497888 -0.581395
v 1.976744 0.302496 -0.813954
v 1.976744 -0.042609 -1.046512
v 1.976744 -0.265903 -1.279070
v 1.976744 -0.247731 -1.511628
v 1.976744 -0.391451 -1.744186
v 1.976744 -0.566117 -1.976744
v 1.976744 -0.760386 -2.209302
v 1.976744 -0.907898 -2.441860
v 1.976744 -0.729642 -2.674419
v 1.976744 -0.649932 -2.906977
v 1.976744 -0.505361 -3.139535
v 1.976744 -0.283185 -3.372093
v 1.976744 -0.169285 -3.604651
v 1.976744 -0.097794 -3.837209
v 1.976744 -0.064615 -4.069767
v 1.976744 -0.024157 -4.302326
v 1.976744 -0.000279 -4.534884
v 1.976744 0.001620 -4.767442
v 1.976744 0.000000 -5.000000
v 2.209302 0.000000 5.000000
v 2.209302 0.022693 4.767442
v 2.209302 0.093698 4.534884
v 2.209302 0.187387 4.302326
v 2.209302 0.292990 4.069767
v 2.209302 0.507219 3.837209
v 2.209302 0.687062 3.604651
v 2.209302 0.891560 3.372093
v 2.209302 0.942162 3.139535
v 2.209302 0.896346 2.906977
v 2.209302 0.989177 2.674419
v 2.209302 0.920238 2.441860
v 2.209302 1.252570 2.209302
v 2.209302 1.466162 1.976744
v 2.209302 1.576447 1.744186
v 2.209302 1.722063 1.511628
v 2.209302 1.655516 1.279070
v 2.209302 1.379167 1.046512
v 2.209302 1.254234 0.813954
v 2.209302 1.305233 0.581395
v 2.209302 1.060793 0.348837
v 2.209302 0.892600 0.116279
v 2.209302 0.904067 -0.116279
v 2.209302 0.771986 -0.348837
v 2.209302 0.566208 -0.581395
v 2.209302 0.292224 -0.813954
v 2.209302 0.036057 -1.046512
v 2.209302 -0.023207 -1.279070
v 2.209302 -0.095412 -1.511628
v 2.209302 -0.342049 -1.744186
v 2.209302 -0.490035 -1.976744
v 2.209302 -0.706198 -2.209302
v 2.209302 -0.634018 -2.441860
v 2.209302 -0.611657 -2.674419
v 2.209302 -0.473240 -2.906977
v 2.209302 -0.400142 -3.139535
v 2.209302 -0.227083 -3.372093
v 2.209302 -0.150549 -3.604651
v 2.209302 -0.109864 -3.837209
v 2.209302 -0.053937 -4.069767
v 2.209302 -0.009109 -4.302326
v 2.209302 -0.006933 -4.534884
v 2.209302 -0.001208 -4.767442
v 2.209302 0.000000 -5.000000
v 2.441860 0.000000 5.000000
v 2.441860 0.020576 4.767442
v 2.441860 0.103647 4.534884
v 2.441860 0.217000 4.302326
v 2.441860 0.346267 4.069767
v 2.441860 0.549911 3.837209
v 2.441860 0.739988 3.604651
v 2.441860 0.950042 3.372093
v 2.441860 1.034662 3.139535
v 2.441860 1.014449 2.906977
v 2.441860 0.930602 2.674419
v 2.441860 0.979066 2.441860
v 2.441860 1.142142 2.209302
v 2.441860 1.330609 1.976744
v 2.441860 1.546644 1.744186
v 2.441860 1.685155 1.511628
v 2.441860 1.570907 1.279070
v 2.441860 1.300684 1.046512
v 2.441860 1.114944 0.813954
v 2.441860 1.060614 0.581395
v 2.441860 0.945020 0.348837
v 2.441860 0.907325 0.116279
v 2.441860 0.873345 -0.116279
v 2.441860 0.747886 -0.348837
v 2.441860 0.630707 -0.581395
v 2.441860 0.450815 -0.813954
v 2.441860 0.356677 -1.046512
v 2.441860 0.290841 -1.279070
v 2.441860 0.097403 -1.511628
v 2.441860 -0.096452 -1.744186
v 2.441860 -0.248258 -1.976744
v 2.441860 -0.462401 -2.209302
v 2.441860 -0.550357 -2.441860
v 2.441860 -0.469339 -2.674419
v 2.441860 -0.409573 -2.906977
v 2.441860 -0.327819 -3.139535
v 2.441860 -0.249648 -3.372093
v 2.441860 -0.104308 -3.604651
v 2.441860 -0.089928 -3.837209
v 2.441860 -0.056491 -4.069767
v 2.441860 -0.028305 -4.302326
v 2.441860 -0.013337 -4.534884
v 2.441860 -0.002804 -4.767442
v 2.441860 0.000000 -5.000000
v 2.674419 0.000000 5.000000
v 2.674419 0.013282 4.767442
v 2.674419 0.087914 4.534884
v 2.674419 0.214191 4.302326
v 2.674419 0.358017 4.069767
v 2.674419 0.550375 3.837209
v 2.674419 0.738569 3.604651
v 2.674419 0.923961 3.372093
v 2.674419 1.063857 3.139535
v 2.674419 1.069176 2.906977
v 2.674419 0.991698 2.674419
v 2.674419 1.105770 2.441860
v 2.674419 1.228361 2.209302
v 2.674419 1.357478 1.976744
v 2.674419 1.590331 1.744186
v 2.674419 1.711136 1.511628
v 2.674419 1.595658 1.279070
v 2.674419 1.277118 1.046512
v 2.674419 1.036075 0.813954
v 2.674419 0.884461 0.581395
v 2.674419 0.891181 0.348837
v 2.674419 1.012467 0.116279
v 2.674419 0.968035 -0.116279
v 2.674419 0.849957 -0.348837
v 2.674419 0.760124 -0.581395
v 2.674419 0.587643 -0.813954
v 2.674419 0.551271 -1.046512
v 2.674419 0.397635 -1.279070
v 2.674419 0.197962 -1.511628
v 2.674419 0.130295 -1.744186
v 2.674419 -0.001266 -1.976744
v 2.674419 -0.242484 -2.209302
v 2.674419 -0.466001 -2.441860
v 2.674419 -0.394989 -2.674419
v 2.674419 -0.347792 -2.906977
v 2.674419 -0.325493 -3.139535
v 2.674419 -0.181768 -3.372093
v 2.674419 -0.102004 -3.604651
v 2.674419 -0.112699 -3.837209
v 2.674419 -0.071367 -4.069767
v 2.674419 -0.022147 -4.302326
v 2.674419 -0.016547 -4.534884
v 2.674419 -0.002386 -4.767442
v 2.674419 0.000000 -5.000000
v 2.906977 0.000000 5.000000
v 2.906977 0.005735 4.767442
v 2.906977 0.066534 4.534884
v 2.906977 0.188216 4.302326
v 2.906977 0.344085 4.069767
v 2.906977 0.517859 3.837209
v 2.906977 0.724186 3.604651
v 2.906977 0.896050 3.372093
v 2.906977 1.066500 3.139535
v 2.906977 1.063609 2.906977
v 2.906977 1.095968 2.674419
v 2.906977 1.262649 2.441860
v 2.906977 1.418062 2.209302
v 2.906977 1.547063 1.976744
v 2.906977 1.661994 1.744186
v 2.906977 1.698305 1.511628
v 2.906977 1.592874 1.279070
v 2.906977 1.283232 1.046512
v 2.906977 1.087180 0.813954
v 2.906977 0.988058 0.581395
v 2.906977 0.962446 0.348837
v 2.906977 1.028300 0.116279
v 2.906977 1.035259 -0.116279
v 2.906977 0.948176 -0.348837
v 2.906977 0.811814 -0.581395
v 2.906977 0.657023 -0.813954
v 2.906977 0.673709 -1.046512
v 2.906977 0.377195 -1.279070
v 2.906977 0.278091 -1.511628
v 2.906977 0.042067 -1.744186
v 2.906977 -0.049283 -1.976744
v 2.906977 -0.219253 -2.209302
v 2.906977 -0.310477 -2.441860
v 2.906977 -0.253702 -2.674419
v 2.906977 -0.243639 -2.906977
v 2.906977 -0.247806 -3.139535
v 2.906977 -0.136276 -3.372093
v 2.906977 -0.059313 -3.604651
v 2.906977 -0.113379 -3.837209
v 2.906977 -0.099757 -4.069767
v 2.906977 -0.053156 -4.302326
v 2.906977 -0.018769 -4.534884
v 2.906977 -0.001512 -4.767442
v 2.906977 0.000000 -5.000000
v 3.139535 0.000000 5.000000
v 3.139535 0.000584 4.767442
v 3.139535 0.050216 4.534884
v 3.139535 0.163312 4.302326
v 3.139535 0.320426 4.069767
v 3.139535 0.472632 3.837209
v 3.139535 0.661529 3.604651
v 3.139535 0.898816 3.372093
v 3.139535 1.110085 3.139535
v 3.139535 1.140106 2.906977
v 3.139535 1.282619 2.674419
v 3.139535 1.459602 2.441860
v 3.139535 1.550222 2.209302
v 3.139535 1.593746 1.976744
v 3.139535 1.568364 1.744186
v 3.139535 1.506440 1.511628
v 3.139535 1.380881 1.279070
v 3.139535 1.275903 1.046512
v 3.139535 1.119052 0.813954
v 3.139535 1.034792 0.581395
v 3.139535 0.996644 0.348837
v 3.139535 0.940249 0.116279
v 3.139535 0.968157 -0.116279
v 3.139535 0.979039 -0.348837
v 3.139535 0.751326 -0.581395
v 3.139535 0.561346 -0.813954
v 3.139535 0.460554 -1.046512
v 3.139535 0.343409 -1.279070
v 3.139535 0.194259 -1.511628
v 3.139535 0.003958 -1.744186
v 3.139535 -0.056450 -1.976744
v 3.139535 -0.199566 -2.209302
v 3.139535 -0.190450 -2.441860
v 3.139535 -0.130912 -2.674419
v 3.139535 -0.136678 -2.906977
v 3.139535 -0.097431 -3.139535
v 3.139535 -0.038905 -3.372093
v 3.139535 -0.049183 -3.604651
v 3.139535 -0.100541 -3.837209
v 3.139535 -0.107058 -4.069767
v 3.139535 -0.049141 -4.302326
v 3.139535 -0.013763 -4.534884
v 3.139535 -0.000149 -4.767442
v 3.139535 0.000000 -5.000000
v 3.372093 0.000000 5.000000
v 3.372093 0.000000 4.767442
v 3.372093 0.025258 4.534884
v 3.372093 0.117000 4.302326
v 3.372093 0.249940 4.069767
v 3.372093 0.418441 3.837209
v 3.372093 0.644956 3.604651
v 3.372093 0.886881 3.372093
v 3.372093 1.036972 3.139535
v 3.372093 1.184667 2.906977
v 3.372093 1.242330 2.674419
v 3.372093 1.338017 2.441860
v 3.372093 1.413861 2.209302
v 3.372093 1.455614 1.976744
v 3.372093 1.379324 1.744186
v 3.372093 1.226289 1.511628
v 3.372093 1.115234 1.279070
v 3.372093 1.074399 1.046512
v 3.372093 0.969097 0.813954
v 3.372093 0.886162 0.581395
v 3.372093 0.847670 0.348837
v 3.372093 0.766278 0.116279
v 3.372093 0.781260 -0.116279
v 3.372093 0.741302 -0.348837
v 3.372093 0.644243 -0.581395
v 3.372093 0.544511 -0.813954
v 3.372093 0.422001 -1.046512
v 3.372093 0.315536 -1.279070
v 3.372093 0.172843 -1.511628
v 3.372093 0.007691 -1.744186
v 3.372093 -0.096336 -1.976744
v 3.372093 -0.163441 -2.209302
v 3.372093 -0.146431 -2.441860
v 3.372093 -0.083785 -2.674419
v 3.372093 -0.093952 -2.906977
v 3.372093 -0.106021 -3.139535
v 3.372093 -0.065154 -3.372093
v 3.372093 -0.093199 -3.604651
v 3.372093 -0.097376 -3.837209
v 3.372093 -0.095723 -4.069767
v 3.372093 -0.043037 -4.302326
v 3.372093 -0.006897 -4.534884
v 3.372093 0.000000 -4.767442
v 3.372093 0.000000 -5.000000
v 3.604651 0.000000 5.000000
v 3.604651 0.000000 4.767442
v 3.604651 0.005502 4.534884
v 3.604651 0.063694 4.302326
v 3.604651 0.169712 4.069767
v 3.604651 0.321310 3.837209
v 3.604651 0.527593 3.604651
v 3.604651 0.739099 3.372093
v 3.604651 0.919727 3.139535
v 3.604651 1.070697 2.906977
v 3.604651 1.117006 2.674419
v 3.604651 1.125911 2.441860
v 3.604651 1.125023 2.209302
v 3.604651 1.111079 1.976744
v 3.604651 1.064125 1.744186
v 3.604651 1.012743 1.511628
v 3.604651 0.936065 1.279070
v 3.604651 0.915838 1.046512
v 3.604651 0.877443 0.813954
v 3.604651 0.801350 0.581395
v 3.604651 0.718638 0.348837
v 3.604651 0.594309 0.116279
v 3.604651 0.598750 -0.116279
v 3.604651 0.524269 -0.348837
v 3.604651 0.434042 -0.581395
v 3.604651 0.374812 -0.813954
v 3.604651 0.255699 -1.046512
v 3.604651 0.187730 -1.279070
v 3.604651 0.086860 -1.511628
v 3.604651 -0.004292 -1.744186
v 3.604651 -0.106227 -1.976744
v 3.604651 -0.118490 -2.209302
v 3.604651 -0.148048 -2.441860
v 3.604651 -0.147629 -2.674419
v 3.604651 -0.123535 -2.906977
v 3.604651 -0.137851 -3.139535
v 3.604651 -0.094719 -3.372093
v 3.604651 -0.092539 -3.604651
v 3.604651 -0.086100 -3.837209
v 3.604651 -0.063441 -4.069767
v 3.604651 -0.022973 -4.302326
v 3.604651 -0.001549 -4.534884
v 3.604651 0.000000 -4.767442
v 3.604651 0.000000 -5.000000
v 3.837209 0.000000 5.000000
v 3.837209 0.000000 4.767442
v 3.837209 0.000000 4.534884
v 3.837209 0.022327 4.302326
v 3.837209 0.093558 4.069767
v 3.837209 0.204214 3.837209
v 3.837209 0.352177 3.604651
v 3.837209 0.506980 3.372093
v 3.837209 0.689139 3.139535
v 3.837209 0.793964 2.906977
v 3.837209 0.887020 2.674419
v 3.837209 0.905109 2.441860
v 3.837209 0.922363 2.209302
v 3.837209 0.848506 1.976744
v 3.837209 0.729137 1.744186
v 3.837209 0.675323 1.511628
v 3.837209 0.728489 1.279070
v 3.837209 0.723054 1.046512
v 3.837209 0.628228 0.813954
v 3.837209 0.610000 0.581395
v 3.837209 0.536379 0.348837
v 3.837209 0.469935 0.116279
v 3.837209 0.392111 -0.116279
v 3.837209 0.314513 -0.348837
v 3.837209 0.218963 -0.581395
v 3.837209 0.137396 -0.813954
v 3.837209 0.085240 -1.046512
v 3.837209 0.056130 -1.279070
v 3.837209 -0.004044 -1.511628
v 3.837209 -0.053527 -1.744186
v 3.837209 -0.076138 -1.976744
v 3.837209 -0.092275 -2.209302
v 3.837209 -0.147330 -2.441860
v 3.837209 -0.178280 -2.674419
v 3.837209 -0.169976 -2.906977
v 3.837209 -0.143720 -3.139535
v 3.837209 -0.082821 -3.372093
v 3.837209 -0.068712 -3.604651
v 3.837209 -0.057645 -3.837209
v 3.837209 -0.034362 -4.069767
v 3.837209 -0.007973 -4.302326
v 3.837209 0.000000 -4.534884
v 3.837209 0.000000 -4.767442
v 3.837209 0.000000 -5.000000
v 4.069767 0.000000 5.000000
v 4.069767 0.000000 4.767442
v 4.069767 0.000000 4.534884
v 4.069767 0.000326 4.302326
v 4.069767 0.029657 4.069767
v 4.069767 0.097509 3.837209
v 4.069767 0.190579 3.604651
v 4.069767 0.313579 3.372093
v 4.069767 0.432617 3.139535
v 4.069767 0.536833 2.906977
v 4.069767 0.578627 2.674419
v 4.069767 0.623818 2.441860
v 4.069767 0.620688 2.209302
v 4.069767 0.569378 1.976744
v 4.069767 0.507636 1.744186
v 4.069767 0.502593 1.511628
v 4.069767 0.500041 1.279070
v 4.069767 0.513249 1.046512
v 4.069767 0.474450 0.813954
v 4.069767 0.453838 0.581395
v 4.069767 0.407452 0.348837
v 4.069767 0.348031 0.116279
v 4.069767 0.272740 -0.116279
v 4.069767 0.179145 -0.348837
v 4.069767 0.107688 -0.581395
v 4.069767 0.012972 -0.813954
v 4.069767 -0.045267 -1.046512
v 4.069767 -0.032866 -1.279070
v 4.069767 -0.049046 -1.511628
v 4.069767 -0.100285 -1.744186
v 4.069767 -0.131515 -1.976744
v 4.069767 -0.103942 -2.209302
v 4.069767 -0.148668 -2.441860
v 4.069767 -0.161938 -2.674419
v 4.069767 -0.153769 -2.906977
v 4.069767 -0.113995 -3.139535
v 4.069767 -0.065342 -3.372093
v 4.069767 -0.047713 -3.604651
v 4.069767 -0.027287 -3.837209
v 4.069767 -0.008956 -4.069767
v 4.069767 -0.000093 -4.302326
v 4.069767 0.000000 -4.534884
v 4.069767 0.000000 -4.767442
v 4.069767 0.000000 -5.000000
v 4.302326 0.000000 5.000000
v 4.302326 0.000000 4.767442
v 4.302326 0.000000 4.534884
v 4.302326 0.000000 4.302326
v 4.302326 0.000311 4.069767
v 4.302326 0.021570 3.837209
v 4.302326 0.069848 3.604651
v 4.302326 0.134490 3.372093
v 4.302326 0.209320 3.139535
v 4.302326 0.274128 2.906977
v 4.302326 0.317512 2.674419
v 4.302326 0.350612 2.441860
v 4.302326 0.359125 2.209302
v 4.302326 0.355866 1.976744
v 4.302326 0.313327 1.744186
v 4.302326 0.297253 1.511628
v 4.302326 0.295794 1.279070
v 4.302326 0.295615 1.046512
v 4.302326 0.309882 0.813954
v 4.302326 0.277570 0.581395
v 4.302326 0.230663 0.348837
v 4.302326 0.217010 0.116279
v 4.302326 0.163938 -0.116279
v 4.302326 0.078635 -0.348837
v 4.302326 0.012923 -0.581395
v 4.302326 0.002735 -0.813954
v 4.302326 -0.057279 -1.046512
v 4.302326 -0.091156 -1.279070
v 4.302326 -0.122875 -1.511628
v 4.302326 -0.122448 -1.744186
v 4.302326 -0.114764 -1.976744
v 4.302326 -0.090541 -2.209302
v 4.302326 -0.096753 -2.441860
v 4.302326 -0.119011 -2.674419
v 4.302326 -0.092735 -2.906977
v 4.302326 -0.060065 -3.139535
v 4.302326 -0.033940 -3.372093
v 4.302326 -0.015129 -3.604651
v 4.302326 -0.005561 -3.837209
v 4.302326 -0.000082 -4.069767
v 4.302326 0.000000 -4.302326
v 4.302326 0.000000 -4.534884
v 4.302326 0.000000 -4.767442
v 4.302326 0.000000 -5.000000
v 4.534884 0.000000 5.000000
v 4.534884 0.000000 4.767442
v 4.534884 0.000000 4.534884
v 4.534884 0.000000 4.302326
v 4.534884 0.000000 4.069767
v 4.534884 0.000000 3.837209
v 4.534884 0.005402 3.604651
v 4.534884 0.028786 3.372093
v 4.534884 0.062033 3.139535
v 4.534884 0.097454 2.906977
v 4.534884 0.125934 2.674419
v 4.534884 0.149570 2.441860
v 4.534884 0.160506 2.209302
v 4.534884 0.164424 1.976744
v 4.534884 0.145558 1.744186
v 4.534884 0.136280 1.511628
v 4.534884 0.140834 1.279070
v 4.534884 0.149192 1.046512
v 4.534884 0.152392 0.813954
v 4.534884 0.121349 0.581395
v 4.534884 0.104566 0.348837
v 4.534884 0.082621 0.116279
v 4.534884 0.064987 -0.116279
v 4.534884 0.028560 -0.348837
v 4.534884 0.000905 -0.581395
v 4.534884 -0.020334 -0.813954
v 4.534884 -0.037395 -1.046512
v 4.534884 -0.064616 -1.279070
v 4.534884 -0.065411 -1.511628
v 4.534884 -0.073512 -1.744186
v 4.534884 -0.063471 -1.976744
v 4.534884 -0.048047 -2.209302
v 4.534884 -0.041911 -2.441860
v 4.534884 -0.041909 -2.674419
v 4.534884 -0.033286 -2.906977
v 4.534884 -0.018635 -3.139535
v 4.534884 -0.008461 -3.372093
v 4.534884 -0.001590 -3.604651
v 4.534884 0.000000 -3.837209
v 4.534884 0.000000 -4.069767
v 4.534884 0.000000 -4.302326
v 4.534884 0.000000 -4.534884
v 4.534884 0.000000 -4.767442
v 4.534884 0.000000 -5.000000
v 4.767442 0.000000 5.000000
v 4.767442 0.000000 4.767442
v 4.767442 0.000000 4.534884
v 4.767442 0.000000 4.302326
v 4.767442 0.000000 4.069767
v 4.767442 0.000000 3.837209
v 4.767442 0.000000 3.604651
v 4.767442 0.000000 3.372093
v 4.767442 0.000674 3.139535
v 4.767442 0.007008 2.906977
v 4.767442 0.017413 2.674419
v 4.767442 0.029120 2.441860
v 4.767442 0.033800 2.209302
v 4.767442 0.038391 1.976744
v 4.767442 0.036353 1.744186
v 4.767442 0.034366 1.511628
v 4.767442 0.034937 1.279070
v 4.767442 0.035494 1.046512
v 4.767442 0.034727 0.813954
v 4.767442 0.029929 0.581395
v 4.767442 0.025695 0.348837
v 4.767442 0.022193 0.116279
v 4.767442 0.015639 -0.116279
v 4.767442 0.007782 -0.348837
v 4.767442 0.002615 -0.581395
v 4.767442 -0.005105 -0.813954
v 4.767442 -0.011067 -1.046512
v 4.767442 -0.018618 -1.279070
v 4.767442 -0.020021 -1.511628
v 4.767442 -0.021612 -1.744186
v 4.767442 -0.017262 -1.976744
v 4.767442 -0.011082 -2.209302
v 4.767442 -0.008476 -2.441860
v 4.767442 -0.006937 -2.674419
v 4.767442 -0.002998 -2.906977
v 4.767442 -0.000249 -3.139535
v 4.767442 0.000000 -3.372093
v 4.767442 0.000000 -3.604651
v 4.767442 0.000000 -3.837209
v 4.767442 0.000000 -4.069767
v 4.767442 0.000000 -4.302326
v 4.767442 0.000000 -4.534884
v 4.767442 0.000000 -4.767442
v 4.767442 0.000000 -5.000000
v 5.000000 0.000000 5.000000
v 5.000000 0.000000 4.767442
v 5.000000 0.000000 4.534884
v 5.000000 0.000000 4.302326
v 5.000000 0.000000 4.069767
v 5.000000 0.000000 3.837209
v 5.000000 0.000000 3.604651
v 5.000000 0.000000 3.372093
v 5.000000 0.000000 3.139535
v 5.000000 0.000000 2.906977
v 5.000000 0.000000 2.674419
v 5.000000 0.000000 2.441860
v 5.000000 0.000000 2.209302
v 5.000000 0.000000 1.976744
v 5.000000 0.000000 1.744186
v 5.000000 0.000000 1.511628
v 5.000000 0.000000 1.279070
v 5.000000 0.000000 1.046512
v 5.000000 0.000000 0.813954
v 5.000000 0.000000 0.581395
v 5.000000 0.000000 0.348837
v 5.000000 0.000000 0.116279
v 5.000000 0.000000 -0.116279
v 5.000000 0.000000 -0.348837
v 5.000000 0.000000 -0.581395
v 5.000000 0.000000 -0.813954
v 5.000000 0.000000 -1.046512
v 5.000000 0.000000 -1.279070
v 5.000000 0.000000 -1.511628
v 5.000000 0.000000 -1.744186
v 5.000000 0.000000 -1.976744
v 5.000000 0.000000 -2.209302
v 5.000000 0.000000 -2.441860
v 5.000000 0.000000 -2.674419
v 5.000000 0.000000 -2.906977
v 5.000000 0.000000 -3.139535
v 5.000000 0.000000 -3.372093
v 5.000000 0.000000 -3.604651
v 5.000000 0.000000 -3.837209
v 5.000000 0.000000 -4.069767
v 5.000000 0.000000 -4.302326
v 5.000000 0.000000 -4.534884
v 5.000000 0.000000 -4.767442
v 5.000000 0.000000 -5.000000
s 1
f 2 1 45 46
f 3 2 46 47
f 4 3 47 48
f 5 4 48 49
f 6 5 49 50
f 7 6 50 51
f 8 7 51 52
f 9 8 52 53
f 10 9 53 54
f 11 10 54 55
f 12 11 55 56
f 13 12 56 57
f 14 13 57 58
f 15 14 58 59
f 16 15 59 60
f 17 16 60 61
f 18 17 61 62
f 19 18 62 63
f 20 19 63 64
f 21 20 64 65
f 22 21 65 66
f 23 22 66 67
f 24 23 67 68
f 25 24 68 69
f 26 25 69 70
f 27 26 70 71
f 28 27 71 72
f 29 28 72 73
f 30 29 73 74
f 31 30 74 75
f 32 31 75 76
f 33 32 76 77
f 34 33 77 78
f 35 34 78 79
f 36 35 79 80
f 37 36 80 81
f 38 37 81 82
f 39 38 82 83
f 40 39 83 84
f 41 40 84 85
f 42 41 85 86
f 43 42 86 87
f 44 43 87 88
f 46 45 89 90
f 47 46 90 91
f 48 47 91 92
f 49 48 92 93
f 50 49 93 94
f 51 50 94 95
f 52 51 95 96
f 53 52 96 97
f 54 53 97 98
f 55 54 98 99
f 56 55 99 100
f 57 56 100 101
f 58 57 101 102
f 59 58 102 103
f 60 59 103 104
f 61 60 104 105
f 62 61 105 106
f 63 62 106 107
f 64 63 107 108
f 65 64 108 109
f 66 65 109 110
f 67 66 110 111
f 68 67 111 112
f 69 68 112 113
f 70 69 113 114
f 71 70 114 115
f 72 71 115 116
f 73 72 116 117
f 74 73 117 118
f 75 74 118 119
f 76 75 119 120
f 77 76 120 121
f 78 77 121 122
f 79 78 122 123
f 80 79 123 124
f 81 80 124 125
f 82 81 125 126
f 83 82 126 127
f 84 83 127 128
f 85 84 128 129
f 86 85 129 130
f 87 86 130 131
f 88 87 131 132
f 90 89 133 134
f 91 90 134 135
f 92 91 135 136
f 93 92 136 137
f 94 93 137 138
f 95 94 138 139
f 96 95 139 140
f 97 96 140 141
f 98 97 141 142
f 99 98 142 143
f 100 99 143 144
f 101 100 144 145
f 102 101 145 146
f 103 102 146 147
f 104 103 147 148
f 105 104 148 149
f 106 105 149 150
f 107 106 150 151
f 108 107 151 152
f 109 108 152 153
f 110 109 153 154
f 111 110 154 155
f 112 111 155 156
f 113 112 156 157
f 114 113 157 158
f 115 114 158 159
f 116 115 159 160
f 117 116 160 161
f 118 117 161 162
f 119 118 162 163
f 120 119 163 164
f 121 120 164 165
f 122 121 165 166
f 123 122 166 167
f 124 123 167 168
f 125 124 168 169
f 126 125 169 170
f 127 126 170 171
f 128 127 171 172
f 129 128 172 173
f 130 129 173 174
f 131 130 174 175
f 132 131 175 176
f 134 133 177 178
f 135 134 178 179
f 136 135 179 180
f 137 136 180 181
f 138 137 181 182
f 139 138 182 183
f 140 139 183 184
f 141 140 184 185
f 142 141 185 186
f 143 142 186 187
f 144 143 187 188
f 145 144 188 189
f 146 145 189 190
f 147 146 190 191
f 148 147 191 192
f 149 148 192 193
f 150 149 193 194
f 151 150 194 195
f 152 151 195 196
f 153 152 196 197
f 154 153 197 198
f 155 154 198 199
f 156 155 199 200
f 157 156 200 201
f 158 157 201 202
f 159 158 202 203
f 160 159 203 204
f 161 160 204 205
f 162 161 205 206
f 163 162 206 207
f 164 163 207 208
f 165 164 208 209
f 166 165 209 210
f 167 166 210 211
f 168 167 211 212
f 169 168 212 213
f 170 169 213 214
f 171 170 214 215
f 172 171 215 216
f 173 172 216 217
f 174 173 217 218
f 175 174 218 219
f 176 175 219 220
f 178 177 221 222
f 179 178 222 223
f 180 179 223 224
f 181 180 224 225
f 182 181 225 226
f 183 182 226 227
f 184 183 227 228
f 185 184 228 229
f 186 185 229 230
f 187 186 230 231
f 188 187 231 232
f 189 188 232 233
f 190 189 233 234
f 191 190 234 235
f 192 191 235 236
f 193 192 236 237
f 194 193 237 238
f 195 194 238 239
f 196 195 239 240
f 197 196 240 241
f 198 197 241 242
f 199 198 242 243
f 200 199 243 244
f 201 200 244 245
f 202 201 245 246
f 203 202 246 247
f 204 203 247 248
f 205 204 248 249
f 206 205 249 250
f 207 206 250 251
f 208 207 251 252
f 209 208 252 253
f 210 209 253 254
f 211 210 254 255
f 212 211 255 256
f 213 212 256 257
f 214 213 257 258
f 215 214 258 259
f 216 215 259 260
f 217 216 260 261
f 218 217 261 262
f 219 218 262 263
f 220 219 263 264
f 222 221 265 266
f 223 222 266 267
f 224 223 267 268
f 225 224 268 269
f 226 225 269 270
f 227 226 270 271
f 228 227 271 272
f 229 228 272 273
f 230 229 273 274
f 231 230 274 275
f 232 231 275 276
f 233 232 276 277
f 234 233 277 278
f 235 234 278 279
f 236 235 279 280
f 237 236 280 281
f 238 237 281 282
f 239 238 282 283
f 240 239 283 284
f 241 240 284 285
f 242 241 285 286
f 243 242 286 287
f 244 243 287 288
f 245 244 288 289
f 246 245 289 290
f 247 246 290 291
f 248 247 291 292
f 249 248 292 293
f 250 249 293 294
f 251 250 294 295
f 252 251 295 296
f 253 252 296 297
f 254 253 297 298
f 255 254 298 299
f 256 255 299 300
f 257 256 300 301
f 258 257 301 302
f 259 258 302 303
f 260 259 303 304
f 261 260 304 305
f 262 261 305 306
f 263 262 306 307
f 264 263 307 308
f 266 265 309 310
f 267 266 310 311
f 268 267 311 312
f 269 268 312 313
f 270 269 313 314
f 271 270 314 315
f 272 271 315 316
f 273 272 316 317
f 274 273 317 318
f 275 274 318 319
f 276 275 319 320
f 277 276 320 321
f 278 277 321 322
f 279 278 322 323
f 280 279 323 324
f 281 280 324 325
f 282 281 325 326
f 283 282 326 327
f 284 283 327 328
f 285 284 328 329
f 286 285 329 330
f 287 286 330 331
f 288 287 331 332
f 289 288 332 333
f 290 289 333 334
f 291 290 334 335
f 292 291 335 336
f 293 292 336 337
f 294 293 337 338
f 295 294 338 339
f 296 295 339 340
f 297 296 340 341
f 298 297 341 342
f 299 298 342 343
f 300 299 343 344
f 301 300 344 345
f 302 301 345 346
f 303 302 346 347
f 304 303 347 348
f 305 304 348 349
f 306 305 349 350
f 307 306 350 351
f 308 307 351 352
f 310 309 353 354
f 311 310 354 355
f 312 311 355 356
f 313 312 356 357
f 314 313 357 358
f 315 314 358 359
f 316 315 359 360
f 317 316 360 361
f 318 317 361 362
f 319 318 362 363
f 320 319 363 364
f 321 320 364 365
f 322 321 365 366
f 323 322 366 367
f 324 323 367 368
f 325 324 368 369
f 326 325 369 370
f 327 326 370 371
f 328 327 371 372
f 329 328 372 373
f 330 329 373 374
f 331 330 374 375
f 332 331 375 376
f 333 332 376 377
f 334 333 377 378
f 335 334 378 379
f 336 335 379 380
f 337 336 380 381
f 338 337 381 382
f 339 338 382 383
f 340 339 383 384
f 341 340 384 385
f 342 341 385 386
f 343 342 386 387
f 344 343 387 388
f 345 344 388 389
f 346 345 389 390
f 347 346 390 391
f 348 347 391 392
f 349 348 392 393
f 350 349 393 394
f 351 350 394 395
f 352 351 395 396
f 354 353 397 398
f 355 354 398 399
f 356 355 399 400
f 357 356 400 401
f 358 357 401 402
f 359 358 402 403
f 360 359 403 404
f 361 360 404 405
f 362 361 405 406
f 363 362 406 407
f 364 363 407 408
f 365 364 408 409
f 366 365 409 410
f 367 366 410 411
f 368 367 411 412
f 369 368 412 413
f 370 369 413 414
f 371 370 414 415
f 372 371 415 416
f 373 372 416 417
f 374 373 417 418
f 375 374 418 419
f 376 375 419 420
f 377 376 420 421
f 378 377 421 422
f 379 378 422 423
f 380 379 423 424
f 381 380 424 425
f 382 381 425 426
f 383 382 426 427
f 384 383 427 428
f 385 384 428 429
f 386 385 429 430
f 387 386 430 431
f 388 387 431 432
f 389 388 432 433
f 390 389 433 434
f 391 390 434 435
f 392 391 435 436
f 393 392 436 437
f 394 393 437 438
f 395 394 438 439
f 396 395 439 440
f 398 397 441 442
f 399 398 442 443
f 400 399 443 444
f 401 400 444 445
f 402 401 445 446
f 403 402 446 447
f 404 403 447 448
f 405 404 448 449
f 406 405 449 450
f 407 406 450 451
f 408 407 451 452
f 409 408 452 453
f 410 409 453 454
f 411 410 454 455
f 412 411 455 456
f 413 412 456 457
f 414 413 457 458
f 415 414 458 459
f 416 415 459 460
f 417 416 460 461
f 418 417 461 462
f 419 418 462 463
f 420 419 463 464
f 421 420 464 465
f 422 421 465 466
f 423 422 466 467
f 424 423 467 468
f 425 424 468 469
f 426 425 469 470
f 427 426 470 471
f 428 427 471 472
f 429 428 472 473
f 430 429 473 474
f 431 430 474 475
f 432 431 475 476
f 433 432 476 477
f 434 433 477 478
f 435 434 478 479
f 436 435 479 480
f 437 436 480 481
f 438 437 481 482
f 439 438 482 483
f 440 439 483 484
f 442 441 485 486
f 443 442 486 487
f 444 443 487 488
f 445 444 488 489
f 446 445 489 490
f 447 446 490 491
f 448 447 491 492
f 449 448 492 493
f 450 449 493 494
f 451 450 494 495
f 452 451 495 496
f 453 452 496 497
f 454 453 497 498
f 455 454 498 499
f 456 455 499 500
f 457 456 500 501
f 458 457 501 502
f 459 458 502 503
f 460 459 503 504
f 461 460 504 505
f 462 461 505 506
f 463 462 506 507
f 464 463 507 508
f 465 464 508 509
f 466 465 509 510
f 467 466 510 511
f 468 467 511 512
f 469 468 512 513
f 470 469 513 514
f 471 470 514 515
f 472 471 515 516
f 473 472 516 517
f 474 473 517 518
f 475 474 518 519
f 476 475 519 520
f 477 476 520 521
f 478 477 521 522
f 479 478 522 523
f 480 479 523 524
f 481 480 524 525
f 482 481 525 526
f 483 482 526 527
f 484 483 527 528
f 486 485 529 530
f 487 486 530 531
f 488 487 531 532
f 489 488 532 533
f 490 489 533 534
f 491 490 534 535
f 492 491 535 536
f 493 492 536 537
f 494 493 537 538
f 495 494 538 539
f 496 495 539 540
f 497 496 540 541
f 498 497 541 542
f 499 498 542 543
f 500 499 543 544
f 501 500 544 545
f 502 501 545 546
f 503 502 546 547
f 504 503 547 548
f 505 504 548 549
f 506 505 549 550
f 507 506 550 551
f 508 507 551 552
f 509 508 552 553
f 510 509 553 554
f 511 510 554 555
f 512 511 555 556
f 513 512 556 557
f 514 513 557 558
f 515 514 558 559
f 516 515 559 560
f 517 516 560 561
f 518 517 561 562
f 519 518 562 563
f 520 519 563 564
f 521 520 564 565
f 522 521 565 566
f 523 522 566 567
f 524 523 567 568
f 525 524 568 569
f 526 525 569 570
f 527 526 570 571
f 528 527 571 572
f 530 529 573 574
f 531 530 574 575
f 532 531 575 576
f 533 532 576 577
f 534 533 577 578
f 535 534 578 579
f 536 535 579 580
f 537 536 580 581
f 538 537 581 582
f 539 538 582 583
f 540 539 583 584
f 541 540 584 585
f 542 541 585 586
f 543 542 586 587
f 544 543 587 588
f 545 544 588 589
f 546 545 589 590
f 547 546 590 591
f 548 547 591 592
f 549 548 592 593
f 550 549 593 594
f 551 550 594 595
f 552 551 595 596
f 553 552 596 597
f 554 553 597 598
f 555 554 598 599
f 556 555 599 600
f 557 556 600 601
f 558 557 601 602
f 559 558 602 603
f 560 559 603 604
f 561 560 604 605
f 562 561 605 606
f 563 562 606 607
f 564 563 607 608
f 565 564 608 609
f 566 565 609 610
f 567 566 610 611
f 568 567 611 612
f 569 568 612 613
f 570 569 613 614
f 571 570 614 615
f 572 571 615 616
f 574 573 617 618
f 575 574 618 619
f 576 575 619 620
f 577 576 620 621
f 578 577 621 622
f 579 578 622 623
f 580 579 623 624
f 581 580 624 625
f 582 581 625 626
f 583 582 626 627
f 584 583 627 628
f 585 584 628 629
f 586 585 629 630
f 587 586 630 631
f 588 587 631 632
f 589 588 632 633
f 590 589 633 634
f 591 590 634 635
f 592 591 635 636
f 593 592 636 637
f 594 593 637 638
f 595 594 638 639
f 596 595 639 640
f 597 596 640 641
f 598 597 641 642
f 599 598 642 643
f 600 599 643 644
f 601 600 644 645
f 602 601 645 646
f 603 602 646 647
f 604 603 647 648
f 605 604 648 649
f 606 605 649 650
f 607 606 650 651
f 608 607 651 652
f 609 608 652 653
f 610 609 653 654
f 611 610 654 655
f 612 611 655 656
f 613 612 656 657
f 614 613 657 658
f 615 614 658 659
f 616 615 659 660
f 618 617 661 662
f 619 618 662 663
f 620 619 663 664
f 621 620 664 665
f 622 621 665 666
f 623 622 666 667
f 624 623 667 668
f 625 624 668 669
f 626 625 669 670
f 627 626 670 671
f 628 627 671 672
f 629 628 672 673
f 630 629 673 674
f 631 630 674 675
f 632 631 675 676
f 633 632 676 677
f 634 633 677 678
f 635 634 678 679
f 636 635 679 680
f 637 636 680 681
f 638 637 681 682
f 639 638 682 683
f 640 639 683 684
f 641 640 684 685
f 642 641 685 686
f 643 642 686 687
f 644 643 687 688
f 645 644 688 689
f 646 645 689 690
f 647 646 690 691
f 648 647 691 692
f 649 648 692 693
f 650 649 693 694
f 651 650 694 695
f 652 651 695 696
f 653 652 696 697
f 654 653 697 698
f 655 654 698 699
f 656 655 699 700
f 657 656 700 701
f 658 657 701 702
f 659 658 702 703
f 660 659 703 704
f 662 661 705 706
f 663 662 706 707
f 664 663 707 708
f 665 664 708 709
f 666 665 709 710
f 667 666 710 711
f 668 667 711 712
f 669 668 712 713
f 670 669 713 714
f 671 670 714 715
f 672 671 715 716
f 673 672 716 717
f 674 673 717 718
f 675 674 718 719
f 676 675 719 720
f 677 676 720 721
f 678 677 721 722
f 679 678 722 723
f 680 679 723 724
f 681 680 724 725
f 682 681 725 726
f 683 682 726 727
f 684 683 727 728
f 685 684 728 729
f 686 685 729 730
f 687 686 730 731
f 688 687 731 732
f 689 688 732 733
f 690 689 733 734
f 691 690 734 735
f 692 691 735 736
f 693 692 736 737
f 694 693 737 738
f 695 694 738 739
f 696 695 739 740
f 697 696 740 741
f 698 697 741 742
f 699 698 742 743
f 700 699 743 744
f 701 700 744 745
f 702 701 745 746
f 703 702 746 747
f 704 703 747 748
f 706 705 749 750
f 707 706 750 751
f 708 707 751 752
f 709 708 752 753
f 710 709 753 754
f 711 710 754 755
f 712 711 755 756
f 713 712 756 757
f 714 713 757 758
f 715 714 758 759
f 716 715 759 760
f 717 716 760 761
f 718 717 761 762
f 719 718 762 763
f 720 719 763 764
f 721 720 764 765
f 722 721 765 766
f 723 722 766 767
f 724 723 767 768
f 725 724 768 769
f 726 725 769 770
f 727 726 770 771
f 728 727 771 772
f 729 728 772 773
f 730 729 773 774
f 731 730 774 775
f 732 731 775 776
f 733 732 776 777
f 734 733 777 778
f 735 734 778 779
f 736 735 779 780
f 737 736 780 781
f 738 737 781 782
f 739 738 782 783
f 740 739 783 784
f 741 740 784 785
f 742 741 785 786
f 743 742 786 787
f 744 743 787 788
f 745 744 788 789
f 746 745 789 790
f 747 746 790 791
f 748 747 791 792
f 750 749 793 794
f 751 750 794 795
f 752 751 795 796
f 753 752 796 797
f 754 753 797 798
f 755 754 798 799
f 756 755 799 800
f 757 756 800 801
f 758 757 801 802
f 759 758 802 803
f 760 759 803 804
f 761 760 804 805
f 762 761 805 806
f 763 762 806 807
f 764 763 807 808
f 765 764 808 809
f 766 765 809 810
f 767 766 810 811
f 768 767 811 812
f 769 768 812 813
f 770 769 813 814
f 771 770 814 815
f 772 771 815 816
f 773 772 816 817
f 774 773 817 818
f 775 774 818 819
f 776 775 819 820
f 777 776 820 821
f 778 777 821 822
f 779 778 822 823
f 780 779 823 824
f 781 780 824 825
f 782 781 825 826
f 783 782 826 827
f 784 783 827 828
f 785 784 828 829
f 786 785 829 830
f 787 786 830 831
f 788 787 831 832
f 789 788 832 833
f 790 789 833 834
f 791 790 834 835
f 792 791 835 836
f 794 793 837 838
f 795 794 838 839
f 796 795 839 840
f 797 796 840 841
f 798 797 841 842
f 799 798 842 843
f 800 799 843 844
f 801 800 844 845
f 802 801 845 846
f 803 802 846 847
f 804 803 847 848
f 805 804 848 849
f 806 805 849 850
f 807 806 850 851
f 808 807 851 852
f 809 808 852 853
f 810 809 853 854
f 811 810 854 855
f 812 811 855 856
f 813 812 856 857
f 814 813 857 858
f 815 814 858 859
f 816 815 859 860
f 817 816 860 861
f 818 817 861 862
f 819 818 862 863
f 820 819 863 864
f 821 820 864 865
f 822 821 865 866
f 823 822 866 867
f 824 823 867 868
f 825 824 868 869
f 826 825 869 870
f 827 826 870 871
f 828 827 871 872
f 829 828 872 873
f 830 829 873 874
f 831 830 874 875
f 832 831 875 876
f 833 832 876 877
f 834 833 877 878
f 835 834 878 879
f 836 835 879 880
f 838 837 881 882
f 839 838 882 883
f 840 839 883 884
f 841 840 884 885
f 842 841 885 886
f 843 842 886 887
f 844 843 887 888
f 845 844 888 889
f 846 845 889 890
f 847 846 890 891
f 848 847 891 892
f 849 848 892 893
f 850 849 893 894
f 851 850 894 895
f 852 851 895 896
f 853 852 896 897
f 854 853 897 898
f 855 854 898 899
f 856 855 899 900
f 857 856 900 901
f 858 857 901 902
f 859 858 902 903
f 860 859 903 904
f 861 860 904 905
f 862 861 905 906
f 863 862 906 907
f 864 863 907 908
f 865 864 908 909
f 866 865 909 910
f 867 866 910 911
f 868 867 911 912
f 869 868 912 913
f 870 869 913 914
f 871 870 914 915
f 872 871 915 916
f 873 872 916 917
f 874 873 917 918
f 875 874 918 919
f 876 875 919 920
f 877 876 920 921
f 878 877 921 922
f 879 878 922 923
f 880 879 923 924
f 882 881 925 926
f 883 882 926 927
f 884 883 927 928
f 885 884 928 929
f 886 885 929 930
f 887 886 930 931
f 888 887 931 932
f 889 888 932 933
f 890 889 933 934
f 891 890 934 935
f 892 891 935 936
f 893 892 936 937
f 894 893 937 938
f 895 894 938 939
f 896 895 939 940
f 897 896 940 941
f 898 897 941 942
f 899 898 942 943
f 900 899 943 944
f 901 900 944 945
f 902 901 945 946
f 903 902 946 947
f 904 903 947 948
f 905 904 948 949
f 906 905 949 950
f 907 906 950 951
f 908 907 951 952
f 909 908 952 953
f 910 909 953 954
f 911 910 954 955
f 912 911 955 956
f 913 912 956 957
f 914 913 957 958
f 915 914 958 959
f 916 915 959 960
f 917 916 960 961
f 918 917 961 962
f 919 918 962 963
f 920 919 963 964
f 921 920 964 965
f 922 921 965 966
f 923 922 966 967
f 924 923 967 968
f 926 925 969 970
f 927 926 970 971
f 928 927 971 972
f 929 928 972 973
f 930 929 973 974
f 931 930 974 975
f 932 931 975 976
f 933 932 976 977
f 934 933 977 978
f 935 934 978 979
f 936 935 979 980
f 937 936 980 981
f 938 937 981 982
f 939 938 982 983
f 940 939 983 984
f 941 940 984 985
f 942 941 985 986
f 943 942 986 987
f 944 943 987 988
f 945 944 988 989
f 946 945 989 990
f 947 946 990 991
f 948 947 991 992
f 949 948 992 993
f 950 949 993 994
f 951 950 994 995
f 952 951 995 996
f 953 952 996 997
f 954 953 997 998
f 955 954 998 999
f 956 955 999 1000
f 957 956 1000 1001
f 958 957 1001 1002
f 959 958 1002 1003
f 960 959 1003 1004
f 961 960 1004 1005
f 962 961 1005 1006
f 963 962 1006 1007
f 964 963 1007 1008
f 965 964 1008 1009
f 966 965 1009 1010
f 967 966 1010 1011
f 968 967 1011 1012
f 970 969 1013 1014
f 971 970 1014 1015
f 972 971 1015 1016
f 973 972 1016 1017
f 974 973 1017 1018
f 975 974 1018 1019
f 976 975 1019 1020
f 977 976 1020 1021
f 978 977 1021 1022
f 979 978 1022 1023
f 980 979 1023 1024
f 981 980 1024 1025
f 982 981 1025 1026
f 983 982 1026 1027
f 984 983 1027 1028
f 985 984 1028 1029
f 986 985 1029 1030
f 987 986 1030 1031
f 988 987 1031 1032
f 989 988 1032 1033
f 990 989 1033 1034
f 991 990 1034 1035
f 992 991 1035 1036
f 993 992 1036 1037
f 994 993 1037 1038
f 995 994 1038 1039
f 996 995 1039 1040
f 997 996 1040 1041
f 998 997 1041 1042
f 999 998 1042 1043
f 1000 999 1043 1044
f 1001 1000 1044 1045
f 1002 1001 1045 1046
f 1003 1002 1046 1047
f 1004 1003 1047 1048
f 1005 1004 1048 1049
f 1006 1005 1049 1050
f 1007 1006 1050 1051
f 1008 1007 1051 1052
f 1009 1008 1052 1053
f 1010 1009 1053 1054
f 1011 1010 1054 1055
f 1012 1011 1055 1056
f 1014 1013 1057 1058
f 1015 1014 1058 1059
f 1016 1015 1059 1060
f 1017 1016 1060 1061
f 1018 1017 1061 1062
f 1019 1018 1062 1063
f 1020 1019 1063 1064
f 1021 1020 1064 1065
f 1022 1021 1065 1066
f 1023 1022 1066 1067
f 1024 1023 1067 1068
f 1025 1024 1068 1069
f 1026 1025 1069 1070
f 1027 1026 1070 1071
f 1028 1027 1071 1072
f 1029 1028 1072 1073
f 1030 1029 1073 1074
f 1031 1030 1074 1075
f 1032 1031 1075 1076
f 1033 1032 1076 1077
f 1034 1033 1077 1078
f 1035 1034 1078 1079
f 1036 1035 1079 1080
f 1037 1036 1080 1081
f 1038 1037 1081 1082
f 1039 1038 1082 1083
f 1040 1039 1083 1084
f 1041 1040 1084 1085
f 1042 1041 1085 1086
f 1043 1042 1086 1087
f 1044 1043 1087 1088
f 1045 1044 1088 1089
f 1046 1045 1089 1090
f 1047 1046 1090 1091
f 1048 1047 1091 1092
f 1049 1048 1092 1093
f 1050 1049 1093 1094
f 1051 1050 1094 1095
f 1052 1051 1095 1096
f 1053 1052 1096 1097
f 1054 1053 1097 1098
f 1055 1054 1098 1099
f 1056 1055 1099 1100
f 1058 1057 1101 1102
f 1059 1058 1102 1103
f 1060 1059 1103 1104
f 1061 1060 1104 1105
f 1062 1061 1105 1106
f 1063 1062 1106 1107
f 1064 1063 1107 1108
f 1065 1064 1108 1109
f 1066 1065 1109 1110
f 1067 1066 1110 1111
f 1068 1067 1111 1112
f 1069 1068 1112 1113
f 1070 1069 1113 1114
f 1071 1070 1114 1115
f 1072 1071 1115 1116
f 1073 1072 1116 1117
f 1074 1073 1117 1118
f 1075 1074 1118 1119
f 1076 1075 1119 1120
f 1077 1076 1120 1121
f 1078 1077 1121 1122
f 1079 1078 1122 1123
f 1080 1079 1123 1124
f 1081 1080 1124 1125
f 1082 1081 1125 1126
f 1083 1082 1126 1127
f 1084 1083 1127 1128
f 1085 1084 1128 1129
f 1086 1085 1129 1130
f 1087 1086 1130 1131
f 1088 1087 1131 1132
f 1089 1088 1132 1133
f 1090 1089 1133 1134
f 1091 1090 1134 1135
f 1092 1091 1135 1136
f 1093 1092 1136 1137
f 1094 1093 1137 1138
f 1095 1094 1138 1139
f 1096 1095 1139 1140
f 1097 1096 1140 1141
f 1098 1097 1141 1142
f 1099 1098 1142 1143
f 1100 1099 1143 1144
f 1102 1101 1145 1146
f 1103 1102 1146 1147
f 1104 1103 1147 1148
f 1105 1104 1148 1149
f 1106 1105 1149 1150
f 1107 1106 1150 1151
f 1108 1107 1151 1152
f 1109 1108 1152 1153
f 1110 1109 1153 1154
f 1111 1110 1154 1155
f 1112 1111 1155 1156
f 1113 1112 1156 1157
f 1114 1113 1157 1158
f 1115 1114 1158 1159
f 1116 1115 1159 1160
f 1117 1116 1160 1161
f 1118 1117 1161 1162
f 1119 1118 1162 1163
f 1120 1119 1163 1164
f 1121 1120 1164 1165
f 1122 1121 1165 1166
f 1123 1122 1166 1167
f 1124 1123 1167 1168
f 1125 1124 1168 1169
f 1126 1125 1169 1170
f 1127 1126 1170 1171
f 1128 1127 1171 1172
f 1129 1128 1172 1173
f 1130 1129 1173 1174
f 1131 1130 1174 1175
f 1132 1131 1175 1176
f 1133 1132 1176 1177
f 1134 1133 1177 1178
f 1135 1134 1178 1179
f 1136 1135 1179 1180
f 1137 1136 1180 1181
f 1138 1137 1181 1182
f 1139 1138 1182 1183
f 1140 1139 1183 1184
f 1141 1140 1184 1185
f 1142 1141 1185 1186
f 1143 1142 1186 1187
f 1144 1143 1187 1188
f 1146 1145 1189 1190
f 1147 1146 1190 1191
f 1148 1147 1191 1192
f 1149 1148 1192 1193
f 1150 1149 1193 1194
f 1151 1150 1194 1195
f 1152 1151 1195 1196
f 1153 1152 1196 1197
f 1154 1153 1197 1198
f 1155 1154 1198 1199
f 1156 1155 1199 1200
f 1157 1156 1200 1201
f 1158 1157 1201 1202
f 1159 1158 1202 1203
f 1160 1159 1203 1204
f 1161 1160 1204 1205
f 1162 1161 1205 1206
f 1163 1162 1206 1207
f 1164 1163 1207 1208
f 1165 1164 1208 1209
f 1166 1165 1209 1210
f 1167 1166 1210 1211
f 1168 1167 1211 1212
f 1169 1168 1212 1213
f 1170 1169 1213 1214
f 1171 1170 1214 1215
f 1172 1171 1215 1216
f 1173 1172 1216 1217
f 1174 1173 1217 1218
f 1175 1174 1218 1219
f 1176 1175 1219 1220
f 1177 1176 1220 1221
f 1178 1177 1221 1222
f 1179 1178 1222 1223
f 1180 1179 1223 1224
f 1181 1180 1224 1225
f 1182 1181 1225 1226
f 1183 1182 1226 1227
f 1184 1183 1227 1228
f 1185 1184 1228 1229
f 1186 1185 1229 1230
f 1187 1186 1230 1231
f 1188 1187 1231 1232
f 1190 1189 1233 1234
f 1191 1190 1234 1235
f 1192 1191 1235 1236
f 1193 1192 1236 1237
f 1194 1193 1237 1238
f 1195 1194 1238 1239
f 1196 1195 1239 1240
f 1197 1196 1240 1241
f 1198 1197 1241 1242
f 1199 1198 1242 1243
f 1200 1199 1243 1244
f 1201 1200 1244 1245
f 1202 1201 1245 1246
f 1203 1202 1246 1247
f 1204 1203 1247 1248
f 1205 1204 1248 1249
f 1206 1205 1249 1250
f 1207 1206 1250 1251
f 1208 1207 1251 1252
f 1209 1208 1252 1253
f 1210 1209 1253 1254
f 1211 1210 1254 1255
f 1212 1211 1255 1256
f 1213 1212 1256 1257
f 1214 1213 1257 1258
f 1215 1214 1258 1259
f 1216 1215 1259 1260
f 1217 1216 1260 1261
f 1218 1217 1261 1262
f 1219 1218 1262 1263
f 1220 1219 1263 1264
f 1221 1220 1264 1265
f 1222 1221 1265 1266
f 1223 1222 1266 1267
f 1224 1223 1267 1268
f 1225 1224 1268 1269
f 1226 1225 1269 1270
f 1227 1226 1270 1271
f 1228 1227 1271 1272
f 1229 1228 1272 1273
f 1230 1229 1273 1274
f 1231 1230 1274 1275
f 1232 1231 1275 1276
f 1234 1233 1277 1278
f 1235 1234 1278 1279
f 1236 1235 1279 1280
f 1237 1236 1280 1281
f 1238 1237 1281 1282
f 1239 1238 1282 1283
f 1240 1239 1283 1284
f 1241 1240 1284 1285
f 1242 1241 1285 1286
f 1243 1242 1286 1287
f 1244 1243 1287 1288
f 1245 1244 1288 1289
f 1246 1245 1289 1290
f 1247 1246 1290 1291
f 1248 1247 1291 1292
f 1249 1248 1292 1293
f 1250 1249 1293 1294
f 1251 1250 1294 1295
f 1252 1251 1295 1296
f 1253 1252 1296 1297
f 1254 1253 1297 1298
f 1255 1254 1298 1299
f 1256 1255 1299 1300
f 1257 1256 1300 1301
f 1258 1257 1301 1302
f 1259 1258 1302 1303
f 1260 1259 1303 1304
f 1261 1260 1304 1305
f 1262 1261 1305 1306
f 1263 1262 1306 1307
f 1264 1263 1307 1308
f 1265 1264 1308 1309
f 1266 1265 1309 1310
f 1267 1266 1310 1311
f 1268 1267 1311 1312
f 1269 1268 1312 1313
f 1270 1269 1313 1314
f 1271 1270 1314 1315
f 1272 1271 1315 1316
f 1273 1272 1316 1317
f 1274 1273 1317 1318
f 1275 1274 1318 1319
f 1276 1275 1319 1320
f 1278 1277 1321 1322
f 1279 1278 1322 1323
f 1280 1279 1323 1324
f 1281 1280 1324 1325
f 1282 1281 1325 1326
f 1283 1282 1326 1327
f 1284 1283 1327 1328
f 1285 1284 1328 1329
f 1286 1285 1329 1330
f 1287 1286 1330 1331
f 1288 1287 1331 1332
f 1289 1288 1332 1333
f 1290 1289 1333 1334
f 1291 1290 1334 1335
f 1292 1291 1335 1336
f 1293 1292 1336 1337
f 1294 1293 1337 1338
f 1295 1294 1338 1339
f 1296 1295 1339 1340
f 1297 1296 1340 1341
f 1298 1297 1341 1342
f 1299 1298 1342 1343
f 1300 1299 1343 1344
f 1301 1300 1344 1345
f 1302 1301 1345 1346
f 1303 1302 1346 1347
f 1304 1303 1347 1348
f 1305 1304 1348 1349
f 1306 1305 1349 1350
f 1307 1306 1350 1351
f 1308 1307 1351 1352
f 1309 1308 1352 1353
f 1310 1309 1353 1354
f 1311 1310 1354 1355
f 1312 1311 1355 1356
f 1313 1312 1356 1357
f 1314 1313 1357 1358
f 1315 1314 1358 1359
f 1316 1315 1359 1360
f 1317 1316 1360 1361
f 1318 1317 1361 1362
f 1319 1318 1362 1363
f 1320 1319 1363 1364
f 1322 1321 1365 1366
f 1323 1322 1366 1367
f 1324 1323 1367 1368
f 1325 1324 1368 1369
f 1326 1325 1369 1370
f 1327 1326 1370 1371
f 1328 1327 1371 1372
f 1329 1328 1372 1373
f 1330 1329 1373 1374
f 1331 1330 1374 1375
f 1332 1331 1375 1376
f 1333 1332 1376 1377
f 1334 1333 1377 1378
f 1335 1334 1378 1379
f 1336 1335 1379 1380
f 1337 1336 1380 1381
f 1338 1337 1381 1382
f 1339 1338 1382 1383
f 1340 1339 1383 1384
f 1341 1340 1384 1385
f 1342 1341 1385 1386
f 1343 1342 1386 1387
f 1344 1343 1387 1388
f 1345 1344 1388 1389
f 1346 1345 1389 1390
f 1347 1346 1390 1391
f 1348 1347 1391 1392
f 1349 1348 1392 1393
f 1350 1349 1393 1394
f 1351 1350 1394 1395
f 1352 1351 1395 1396
f 1353 1352 1396 1397
f 1354 1353 1397 1398
f 1355 1354 1398 1399
f 1356 1355 1399 1400
f 1357 1356 1400 1401
f 1358 1357 1401 1402
f 1359 1358 1402 1403
f 1360 1359 1403 1404
f 1361 1360 1404 1405
f 1362 1361 1405 1406
f 1363 1362 1406 1407
f 1364 1363 1407 1408
f 1366 1365 1409 1410
f 1367 1366 1410 1411
f 1368 1367 1411 1412
f 1369 1368 1412 1413
f 1370 1369 1413 1414
f 1371 1370 1414 1415
f 1372 1371 1415 1416
f 1373 1372 1416 1417
f 1374 1373 1417 1418
f 1375 1374 1418 1419
f 1376 1375 1419 1420
f 1377 1376 1420 1421
f 1378 1377 1421 1422
f 1379 1378 1422 1423
f 1380 1379 1423 1424
f 1381 1380 1424 1425
f 1382 1381 1425 1426
f 1383 1382 1426 1427
f 1384 1383 1427 1428
f 1385 1384 1428 1429
f 1386 1385 1429 1430
f 1387 1386 1430 1431
f 1388 1387 1431 1432
f 1389 1388 1432 1433
f 1390 1389 1433 1434
f 1391 1390 1434 1435
f 1392 1391 1435 1436
f 1393 1392 1436 1437
f 1394 1393 1437 1438
f 1395 1394 1438 1439
f 1396 1395 1439 1440
f 1397 1396 1440 1441
f 1398 1397 1441 1442
f 1399 1398 1442 1443
f 1400 1399 1443 1444
f 1401 1400 1444 1445
f 1402 1401 1445 1446
f 1403 1402 1446 1447
f 1404 1403 1447 1448
f 1405 1404 1448 1449
f 1406 1405 1449 1450
f 1407 1406 1450 1451
f 1408 1407 1451 1452
f 1410 1409 1453 1454
f 1411 1410 1454 1455
f 1412 1411 1455 1456
f 1413 1412 1456 1457
f 1414 1413 1457 1458
f 1415 1414 1458 1459
f 1416 1415 1459 1460
f 1417 1416 1460 1461
f 1418 1417 1461 1462
f 1419 1418 1462 1463
f 1420 1419 1463 1464
f 1421 1420 1464 1465
f 1422 1421 1465 1466
f 1423 1422 1466 1467
f 1424 1423 1467 1468
f 1425 1424 1468 1469
f 1426 1425 1469 1470
f 1427 1426 1470 1471
f 1428 1427 1471 1472
f 1429 1428 1472 1473
f 1430 1429 1473 1474
f 1431 1430 1474 1475
f 1432 1431 1475 1476
f 1433 1432 1476 1477
f 1434 1433 1477 1478
f 1435 1434 1478 1479
f 1436 1435 1479 1480
f 1437 1436 1480 1481
f 1438 1437 1481 1482
f 1439 1438 1482 1483
f 1440 1439 1483 1484
f 1441 1440 1484 1485
f 1442 1441 1485 1486
f 1443 1442 1486 1487
f 1444 1443 1487 1488
f 1445 1444 1488 1489
f 1446 1445 1489 1490
f 1447 1446 1490 1491
f 1448 1447 1491 1492
f 1449 1448 1492 1493
f 1450 1449 1493 1494
f 1451 1450 1494 1495
f 1452 1451 1495 1496
f 1454 1453 1497 1498
f 1455 1454 1498 1499
f 1456 1455 1499 1500
f 1457 1456 1500 1501
f 1458 1457 1501 1502
f 1459 1458 1502 1503
f 1460 1459 1503 1504
f 1461 1460 1504 1505
f 1462 1461 1505 1506
f 1463 1462 1506 1507
f 1464 1463 1507 1508
f 1465 1464 1508 1509
f 1466 1465 1509 1510
f 1467 1466 1510 1511
f 1468 1467 1511 1512
f 1469 1468 1512 1513
f 1470 1469 1513 1514
f 1471 1470 1514 1515
f 1472 1471 1515 1516
f 1473 1472 1516 1517
f 1474 1473 1517 1518
f 1475 1474 1518 1519
f 1476 1475 1519 1520
f 1477 1476 1520 1521
f 1478 1477 1521 1522
f 1479 1478 1522 1523
f 1480 1479 1523 1524
f 1481 1480 1524 1525
f 1482 1481 1525 1526
f 1483 1482 1526 1527
f 1484 1483 1527 1528
f 1485 1484 1528 1529
f 1486 1485 1529 1530
f 1487 1486 1530 1531
f 1488 1487 1531 1532
f 1489 1488 1532 1533
f 1490 1489 1533 1534
f 1491 1490 1534 1535
f 1492 1491 1535 1536
f 1493 1492 1536 1537
f 1494 1493 1537 1538
f 1495 1494 1538 1539
f 1496 1495 1539 1540
f 1498 1497 1541 1542
f 1499 1498 1542 1543
f 1500 1499 1543 1544
f 1501 1500 1544 1545
f 1502 1501 1545 1546
f 1503 1502 1546 1547
f 1504 1503 1547 1548
f 1505 1504 1548 1549
f 1506 1505 1549 1550
f 1507 1506 1550 1551
f 1508 1507 1551 1552
f 1509 1508 1552 1553
f 1510 1509 1553 1554
f 1511 1510 1554 1555
f 1512 1511 1555 1556
f 1513 1512 1556 1557
f 1514 1513 1557 1558
f 1515 1514 1558 1559
f 1516 1515 1559 1560
f 1517 1516 1560 1561
f 1518 1517 1561 1562
f 1519 1518 1562 1563
f 1520 1519 1563 1564
f 1521 1520 1564 1565
f 1522 1521 1565 1566
f 1523 1522 1566 1567
f 1524 1523 1567 1568
f 1525 1524 1568 1569
f 1526 1525 1569 1570
f 1527 1526 1570 1571
f 1528 1527 1571 1572
f 1529 1528 1572 1573
f 1530 1529 1573 1574
f 1531 1530 1574 1575
f 1532 1531 1575 1576
f 1533 1532 1576 1577
f 1534 1533 1577 1578
f 1535 1534 1578 1579
f 1536 1535 1579 1580
f 1537 1536 1580 1581
f 1538 1537 1581 1582
f 1539 1538 1582 1583
f 1540 1539 1583 1584
f 1542 1541 1585 1586
f 1543 1542 1586 1587
f 1544 1543 1587 1588
f 1545 1544 1588 1589
f 1546 1545 1589 1590
f 1547 1546 1590 1591
f 1548 1547 1591 1592
f 1549 1548 1592 1593
f 1550 1549 1593 1594
f 1551 1550 1594 1595
f 1552 1551 1595 1596
f 1553 1552 1596 1597
f 1554 1553 1597 1598
f 1555 1554 1598 1599
f 1556 1555 1599 1600
f 1557 1556 1600 1601
f 1558 1557 1601 1602
f 1559 1558 1602 1603
f 1560 1559 1603 1604
f 1561 1560 1604 1605
f 1562 1561 1605 1606
f 1563 1562 1606 1607
f 1564 1563 1607 1608
f 1565 1564 1608 1609
f 1566 1565 1609 1610
f 1567 1566 1610 1611
f 1568 1567 1611 1612
f 1569 1568 1612 1613
f 1570 1569 1613 1614
f 1571 1570 1614 1615
f 1572 1571 1615 1616
f 1573 1572 1616 1617
f 1574 1573 1617 1618
f 1575 1574 1618 1619
f 1576 1575 1619 1620
f 1577 1576 1620 1621
f 1578 1577 1621 1622
f 1579 1578 1622 1623
f 1580 1579 1623 1624
f 1581 1580 1624 1625
f 1582 1581 1625 1626
f 1583 1582 1626 1627
f 1584 1583 1627 1628
f 1586 1585 1629 1630
f 1587 1586 1630 1631
f 1588 1587 1631 1632
f 1589 1588 1632 1633
f 1590 1589 1633 1634
f 1591 1590 1634 1635
f 1592 1591 1635 1636
f 1593 1592 1636 1637
f 1594 1593 1637 1638
f 1595 1594 1638 1639
f 1596 1595 1639 1640
f 1597 1596 1640 1641
f 1598 1597 1641 1642
f 1599 1598 1642 1643
f 1600 1599 1643 1644
f 1601 1600 1644 1645
f 1602 1601 1645 1646
f 1603 1602 1646 1647
f 1604 1603 1647 1648
f 1605 1604 1648 1649
f 1606 1605 1649 1650
f 1607 1606 1650 1651
f 1608 1607 1651 1652
f 1609 1608 1652 1653
f 1610 1609 1653 1654
f 1611 1610 1654 1655
f 1612 1611 1655 1656
f 1613 1612 1656 1657
f 1614 1613 1657 1658
f 1615 1614 1658 1659
f 1616 1615 1659 1660
f 1617 1616 1660 1661
f 1618 1617 1661 1662
f 1619 1618 1662 1663
f 1620 1619 1663 1664
f 1621 1620 1664 1665
f 1622 1621 1665 1666
f 1623 1622 1666 1667
f 1624 1623 1667 1668
f 1625 1624 1668 1669
f 1626 1625 1669 1670
f 1627 1626 1670 1671
f 1628 1627 1671 1672
f 1630 1629 1673 1674
f 1631 1630 1674 1675
f 1632 1631 1675 1676
f 1633 1632 1676 1677
f 1634 1633 1677 1678
f 1635 1634 1678 1679
f 1636 1635 1679 1680
f 1637 1636 1680 1681
f 1638 1637 1681 1682
f 1639 1638 1682 1683
f 1640 1639 1683 1684
f 1641 1640 1684 1685
f 1642 1641 1685 1686
f 1643 1642 1686 1687
f 1644 1643 1687 1688
f 1645 1644 1688 1689
f 1646 1645 1689 1690
f 1647 1646 1690 1691
f 1648 1647 1691 1692
f 1649 1648 1692 1693
f 1650 1649 1693 1694
f 1651 1650 1694 1695
f 1652 1651 1695 1696
f 1653 1652 1696 1697
f 1654 1653 1697 1698
f 1655 1654 1698 1699
f 1656 1655 1699 1700
f 1657 1656 1700 1701
f 1658 1657 1701 1702
f 1659 1658 1702 1703
f 1660 1659 1703 1704
f 1661 1660 1704 1705
f 1662 1661 1705 1706
f 1663 1662 1706 1707
f 1664 1663 1707 1708
f 1665 1664 1708 1709
f 1666 1665 1709 1710
f 1667 1666 1710 1711
f 1668 1667 1711 1712
f 1669 1668 1712 1713
f 1670 1669 1713 1714
f 1671 1670 1714 1715
f 1672 1671 1715 1716
f 1674 1673 1717 1718
f 1675 1674 1718 1719
f 1676 1675 1719 1720
f 1677 1676 1720 1721
f 1678 1677 1721 1722
f 1679 1678 1722 1723
f 1680 1679 1723 1724
f 1681 1680 1724 1725
f 1682 1681 1725 1726
f 1683 1682 1726 1727
f 1684 1683 1727 1728
f 1685 1684 1728 1729
f 1686 1685 1729 1730
f 1687 1686 1730 1731
f 1688 1687 1731 1732
f 1689 1688 1732 1733
f 1690 1689 1733 1734
f 1691 1690 1734 1735
f 1692 1691 1735 1736
f 1693 1692 1736 1737
f 1694 1693 1737 1738
f 1695 1694 1738 1739
f 1696 1695 1739 1740
f 1697 1696 1740 1741
f 1698 1697 1741 1742
f 1699 1698 1742 1743
f 1700 1699 1743 1744
f 1701 1700 1744 1745
f 1702 1701 1745 1746
f 1703 1702 1746 1747
f 1704 1703 1747 1748
f 1705 1704 1748 1749
f 1706 1705 1749 1750
f 1707 1706 1750 1751
f 1708 1707 1751 1752
f 1709 1708 1752 1753
f 1710 1709 1753 1754
f 1711 1710 1754 1755
f 1712 1711 1755 1756
f 1713 1712 1756 1757
f 1714 1713 1757 1758
f 1715 1714 1758 1759
f 1716 1715 1759 1760
f 1718 1717 1761 1762
f 1719 1718 1762 1763
f 1720 1719 1763 1764
f 1721 1720 1764 1765
f 1722 1721 1765 1766
f 1723 1722 1766 1767
f 1724 1723 1767 1768
f 1725 1724 1768 1769
f 1726 1725 1769 1770
f 1727 1726 1770 1771
f 1728 1727 1771 1772
f 1729 1728 1772 1773
f 1730 1729 1773 1774
f 1731 1730 1774 1775
f 1732 1731 1775 1776
f 1733 1732 1776 1777
f 1734 1733 1777 1778
f 1735 1734 1778 1779
f 1736 1735 1779 1780
f 1737 1736 1780 1781
f 1738 1737 1781 1782
f 1739 1738 1782 1783
f 1740 1739 1783 1784
f 1741 1740 1784 1785
f 1742 1741 1785 1786
f 1743 1742 1786 1787
f 1744 1743 1787 1788
f 1745 1744 1788 1789
f 1746 1745 1789 1790
f 1747 1746 1790 1791
f 1748 1747 1791 1792
f 1749 1748 1792 1793
f 1750 1749 1793 1794
f 1751 1750 1794 1795
f 1752 1751 1795 1796
f 1753 1752 1796 1797
f 1754 1753 1797 1798
f 1755 1754 1798 1799
f 1756 1755 1799 1800
f 1757 1756 1800 1801
f 1758 1757 1801 1802
f 1759 1758 1802 1803
f 1760 1759 1803 1804
f 1762 1761 1805 1806
f 1763 1762 1806 1807
f 1764 1763 1807 1808
f 1765 1764 1808 1809
f 1766 1765 1809 1810
f 1767 1766 1810 1811
f 1768 1767 1811 1812
f 1769 1768 1812 1813
f 1770 1769 1813 1814
f 1771 1770 1814 1815
f 1772 1771 1815 1816
f 1773 1772 1816 1817
f 1774 1773 1817 1818
f 1775 1774 1818 1819
f 1776 1775 1819 1820
f 1777 1776 1820 1821
f 1778 1777 1821 1822
f 1779 1778 1822 1823
f 1780 1779 1823 1824
f 1781 1780 1824 1825
f 1782 1781 1825 1826
f 1783 1782 1826 1827
f 1784 1783 1827 1828
f 1785 1784 1828 1829
f 1786 1785 1829 1830
f 1787 1786 1830 1831
f 1788 1787 1831 1832
f 1789 1788 1832 1833
f 1790 1789 1833 1834
f 1791 1790 1834 1835
f 1792 1791 1835 1836
f 1793 1792 1836 1837
f 1794 1793 1837 1838
f 1795 1794 1838 1839
f 1796 1795 1839 1840
f 1797 1796 1840 1841
f 1798 1797 1841 1842
f 1799 1798 1842 1843
f 1800 1799 1843 1844
f 1801 1800 1844 1845
f 1802 1801 1845 1846
f 1803 1802 1846 1847
f 1804 1803 1847 1848
f 1806 1805 1849 1850
f 1807 1806 1850 1851
f 1808 1807 1851 1852
f 1809 1808 1852 1853
f 1810 1809 1853 1854
f 1811 1810 1854 1855
f 1812 1811 1855 1856
f 1813 1812 1856 1857
f 1814 1813 1857 1858
f 1815 1814 1858 1859
f 1816 1815 1859 1860
f 1817 1816 1860 1861
f 1818 1817 1861 1862
f 1819 1818 1862 1863
f 1820 1819 1863 1864
f 1821 1820 1864 1865
f 1822 1821 1865 1866
f 1823 1822 1866 1867
f 1824 1823 1867 1868
f 1825 1824 1868 1869
f 1826 1825 1869 1870
f 1827 1826 1870 1871
f 1828 1827 1871 1872
f 1829 1828 1872 1873
f 1830 1829 1873 1874
f 1831 1830 1874 1875
f 1832 1831 1875 1876
f 1833 1832 1876 1877
f 1834 1833 1877 1878
f 1835 1834 1878 1879
f 1836 1835 1879 1880
f 1837 1836 1880 1881
f 1838 1837 1881 1882
f 1839 1838 1882 1883
f 1840 1839 1883 1884
f 1841 1840 1884 1885
f 1842 1841 1885 1886
f 1843 1842 1886 1887
f 1844 1843 1887 1888
f 1845 1844 1888 1889
f 1846 1845 1889 1890
f 1847 1846 1890 1891
f 1848 1847 1891 1892
f 1850 1849 1893 1894
f 1851 1850 1894 1895
f 1852 1851 1895 1896
f 1853 1852 1896 1897
f 1854 1853 1897 1898
f 1855 1854 1898 1899
f 1856 1855 1899 1900
f 1857 1856 1900 1901
f 1858 1857 1901 1902
f 1859 1858 1902 1903
f 1860 1859 1903 1904
f 1861 1860 1904 1905
f 1862 1861 1905 1906
f 1863 1862 1906 1907
f 1864 1863 1907 1908
f 1865 1864 1908 1909
f 1866 1865 1909 1910
f 1867 1866 1910 1911
f 1868 1867 1911 1912
f 1869 1868 1912 1913
f 1870 1869 1913 1914
f 1871 1870 1914 1915
f 1872 1871 1915 1916
f 1873 1872 1916 1917
f 1874 1873 1917 1918
f 1875 1874 1918 1919
f 1876 1875 1919 1920
f 1877 1876 1920 1921
f 1878 1877 1921 1922
f 1879 1878 1922 1923
f 1880 1879 1923 1924
f 1881 1880 1924 1925
f 1882 1881 1925 1926
f 1883 1882 1926 1927
f 1884 1883 1927 1928
f 1885 1884 1928 1929
f 1886 1885 1929 1930
f 1887 1886 1930 1931
f 1888 1887 1931 1932
f 1889 1888 1932 1933
f 1890 1889 1933 1934
f 1891 1890 1934 1935
f 1892 1891 1935 1936
