# Blender v2.79 (sub 0) OBJ File: ''
# www.blender.org
v -5.000000 0.000000 5.000000
v -5.000000 0.000000 4.523809
v -5.000000 0.000000 4.047619
v -5.000000 0.000000 3.571429
v -5.000000 0.000000 3.095238
v -5.000000 0.000000 2.619048
v -5.000000 0.000000 2.142857
v -5.000000 0.000000 1.666667
v -5.000000 0.000000 1.190476
v -5.000000 0.000000 0.714286
v -5.000000 0.000000 0.238095
v -5.000000 0.000000 -0.238095
v -5.000000 0.000000 -0.714286
v -5.000000 0.000000 -1.190476
v -5.000000 0.000000 -1.666667
v -5.000000 0.000000 -2.142857
v -5.000000 0.000000 -2.619048
v -5.000000 0.000000 -3.095238
v -5.000000 0.000000 -3.571429
v -5.000000 0.000000 -4.047619
v -5.000000 0.000000 -4.523809
v -5.000000 0.000000 -5.000000
v -4.523809 0.000000 5.000000
v -4.523809 0.000000 4.523809
v -4.523809 0.000000 4.047619
v -4.523809 0.002927 3.571429
v -4.523809 0.036387 3.095238
v -4.523809 0.078950 2.619048
v -4.523809 0.125224 2.142857
v -4.523809 0.158546 1.666667
v -4.523809 0.183045 1.190476
v -4.523809 0.203337 0.714286
v -4.523809 0.172593 0.238095
v -4.523809 0.195295 -0.238095
v -4.523809 0.166029 -0.714286
v -4.523809 0.107951 -1.190476
v -4.523809 0.056728 -1.666667
v -4.523809 0.054732 -2.142857
v -4.523809 0.027254 -2.619048
v -4.523809 -0.002340 -3.095238
v -4.523809 -0.001917 -3.571429
v -4.523809 0.000000 -4.047619
v -4.523809 0.000000 -4.523809
v -4.523809 0.000000 -5.000000
v -4.047619 0.000000 5.000000
v -4.047619 0.000000 4.523809
v -4.047619 0.002737 4.047619
v -4.047619 0.014510 3.571429
v -4.047619 0.075985 3.095238
v -4.047619 0.211481 2.619048
v -4.047619 0.324061 2.142857
v -4.047619 0.489594 1.666667
v -4.047619 0.546154 1.190476
v -4.047619 0.601631 0.714286
v -4.047619 0.650163 0.238095
v -4.047619 0.579468 -0.238095
v -4.047619 0.491227 -0.714286
v -4.047619 0.259991 -1.190476
v -4.047619 0.127871 -1.666667
v -4.047619 0.146251 -2.142857
v -4.047619 0.007678 -2.619048
v -4.047619 -0.048121 -3.095238
v -4.047619 -0.053396 -3.571429
v -4.047619 -0.013316 -4.047619
v -4.047619 0.000000 -4.523809
v -4.047619 0.000000 -5.000000
v -3.571429 0.000000 5.000000
v -3.571429 -0.002018 4.523809
v -3.571429 -0.025326 4.047619
v -3.571429 -0.057647 3.571429
v -3.571429 0.015530 3.095238
v -3.571429 0.178724 2.619048
v -3.571429 0.442643 2.142857
v -3.571429 0.692642 1.666667
v -3.571429 0.882760 1.190476
v -3.571429 1.045437 0.714286
v -3.571429 1.131484 0.238095
v -3.571429 1.080490 -0.238095
v -3.571429 0.762233 -0.714286
v -3.571429 0.387735 -1.190476
v -3.571429 0.187201 -1.666667
v -3.571429 0.085424 -2.142857
v -3.571429 -0.139625 -2.619048
v -3.571429 -0.193732 -3.095238
v -3.571429 -0.227316 -3.571429
v -3.571429 -0.104599 -4.047619
v -3.571429 -0.005230 -4.523809
v -3.571429 0.000000 -5.000000
v -3.095238 0.000000 5.000000
v -3.095238 -0.020490 4.523809
v -3.095238 -0.108603 4.047619
v -3.095238 -0.208774 3.571429
v -3.095238 -0.278607 3.095238
v -3.095238 -0.018963 2.619048
v -3.095238 0.274109 2.142857
v -3.095238 0.562324 1.666667
v -3.095238 0.893241 1.190476
v -3.095238 1.228090 0.714286
v -3.095238 1.604393 0.238095
v -3.095238 1.437770 -0.238095
v -3.095238 0.852646 -0.714286
v -3.095238 0.379816 -1.190476
v -3.095238 0.022250 -1.666667
v -3.095238 -0.207502 -2.142857
v -3.095238 -0.276060 -2.619048
v -3.095238 -0.424757 -3.095238
v -3.095238 -0.415159 -3.571429
v -3.095238 -0.240371 -4.047619
v -3.095238 -0.045557 -4.523809
v -3.095238 0.000000 -5.000000
v -2.619048 0.000000 5.000000
v -2.619048 -0.070864 4.523809
v -2.619048 -0.321863 4.047619
v -2.619048 -0.555789 3.571429
v -2.619048 -0.533348 3.095238
v -2.619048 -0.289795 2.619048
v -2.619048 -0.080912 2.142857
v -2.619048 0.246196 1.666667
v -2.619048 0.566233 1.190476
v -2.619048 1.415697 0.714286
v -2.619048 1.829818 0.238095
v -2.619048 1.283035 -0.238095
v -2.619048 0.799662 -0.714286
v -2.619048 0.257988 -1.190476
v -2.619048 -0.232359 -1.666667
v -2.619048 -0.527467 -2.142857
v -2.619048 -0.517885 -2.619048
v -2.619048 -0.489154 -3.095238
v -2.619048 -0.367794 -3.571429
v -2.619048 -0.241072 -4.047619
v -2.619048 -0.076967 -4.523809
v -2.619048 0.000000 -5.000000
v -2.142857 0.000000 5.000000
v -2.142857 -0.109361 4.523809
v -2.142857 -0.369556 4.047619
v -2.142857 -0.539289 3.571429
v -2.142857 -0.564392 3.095238
v -2.142857 -0.302691 2.619048
v -2.142857 -0.332274 2.142857
v -2.142857 0.179584 1.666667
v -2.142857 0.793818 1.190476
v -2.142857 1.542702 0.714286
v -2.142857 1.922173 0.238095
v -2.142857 1.406565 -0.238095
v -2.142857 0.883233 -0.714286
v -2.142857 0.071641 -1.190476
v -2.142857 -0.529525 -1.666667
v -2.142857 -0.572302 -2.142857
v -2.142857 -0.415482 -2.619048
v -2.142857 -0.427454 -3.095238
v -2.142857 -0.306188 -3.571429
v -2.142857 -0.237951 -4.047619
v -2.142857 -0.088988 -4.523809
v -2.142857 0.000000 -5.000000
v -1.666667 0.000000 5.000000
v -1.666667 -0.091217 4.523809
v -1.666667 -0.333562 4.047619
v -1.666667 -0.344490 3.571429
v -1.666667 -0.492581 3.095238
v -1.666667 -0.375019 2.619048
v -1.666667 -0.216136 2.142857
v -1.666667 0.242236 1.666667
v -1.666667 1.030203 1.190476
v -1.666667 1.187154 0.714286
v -1.666667 1.061990 0.238095
v -1.666667 1.128546 -0.238095
v -1.666667 0.504203 -0.714286
v -1.666667 -0.217716 -1.190476
v -1.666667 -0.634958 -1.666667
v -1.666667 -0.622413 -2.142857
v -1.666667 -0.442328 -2.619048
v -1.666667 -0.445306 -3.095238
v -1.666667 -0.475189 -3.571429
v -1.666667 -0.331071 -4.047619
v -1.666667 -0.069477 -4.523809
v -1.666667 0.000000 -5.000000
v -1.190476 0.000000 5.000000
v -1.190476 -0.072491 4.523809
v -1.190476 -0.275604 4.047619
v -1.190476 -0.452005 3.571429
v -1.190476 -0.604542 3.095238
v -1.190476 -0.427083 2.619048
v -1.190476 -0.184993 2.142857
v -1.190476 0.435230 1.666667
v -1.190476 0.936299 1.190476
v -1.190476 0.685016 0.714286
v -1.190476 0.064817 0.238095
v -1.190476 0.340050 -0.238095
v -1.190476 0.108275 -0.714286
v -1.190476 -0.601053 -1.190476
v -1.190476 -0.632447 -1.666667
v -1.190476 -0.790635 -2.142857
v -1.190476 -0.775074 -2.619048
v -1.190476 -0.597387 -3.095238
v -1.190476 -0.613739 -3.571429
v -1.190476 -0.418914 -4.047619
v -1.190476 -0.101167 -4.523809
v -1.190476 0.000000 -5.000000
v -0.714286 0.000000 5.000000
v -0.714286 -0.054867 4.523809
v -0.714286 -0.253992 4.047619
v -0.714286 -0.341329 3.571429
v -0.714286 -0.625336 3.095238
v -0.714286 -0.473509 2.619048
v -0.714286 -0.146187 2.142857
v -0.714286 0.236196 1.666667
v -0.714286 0.243160 1.190476
v -0.714286 0.182150 0.714286
v -0.714286 -0.375132 0.238095
v -0.714286 -0.268326 -0.238095
v -0.714286 -0.419690 -0.714286
v -0.714286 -0.779914 -1.190476
v -0.714286 -0.657043 -1.666667
v -0.714286 -0.555366 -2.142857
v -0.714286 -0.548648 -2.619048
v -0.714286 -0.785325 -3.095238
v -0.714286 -0.621291 -3.571429
v -0.714286 -0.366593 -4.047619
v -0.714286 -0.087883 -4.523809
v -0.714286 0.000000 -5.000000
v -0.238095 0.000000 5.000000
v -0.238095 -0.032899 4.523809
v -0.238095 -0.212823 4.047619
v -0.238095 -0.249166 3.571429
v -0.238095 -0.472563 3.095238
v -0.238095 -0.494026 2.619048
v -0.238095 -0.375647 2.142857
v -0.238095 -0.241839 1.666667
v -0.238095 0.024891 1.190476
v -0.238095 -0.291853 0.714286
v -0.238095 -0.546554 0.238095
v -0.238095 -0.443419 -0.238095
v -0.238095 -0.614902 -0.714286
v -0.238095 -1.148259 -1.190476
v -0.238095 -0.918574 -1.666667
v -0.238095 -0.710139 -2.142857
v -0.238095 -0.675599 -2.619048
v -0.238095 -0.524422 -3.095238
v -0.238095 -0.429810 -3.571429
v -0.238095 -0.268663 -4.047619
v -0.238095 -0.066249 -4.523809
v -0.238095 0.000000 -5.000000
v 0.238095 0.000000 5.000000
v 0.238095 -0.009676 4.523809
v 0.238095 -0.124976 4.047619
v 0.238095 -0.272571 3.571429
v 0.238095 -0.431994 3.095238
v 0.238095 -0.441908 2.619048
v 0.238095 -0.523172 2.142857
v 0.238095 -0.188349 1.666667
v 0.238095 0.125818 1.190476
v 0.238095 0.040864 0.714286
v 0.238095 -0.378756 0.238095
v 0.238095 -0.517918 -0.238095
v 0.238095 -0.908995 -0.714286
v 0.238095 -1.017242 -1.190476
v 0.238095 -1.097806 -1.666667
v 0.238095 -0.815181 -2.142857
v 0.238095 -0.482397 -2.619048
v 0.238095 -0.381406 -3.095238
v 0.238095 -0.431455 -3.571429
v 0.238095 -0.304237 -4.047619
v 0.238095 -0.077263 -4.523809
v 0.238095 0.000000 -5.000000
v 0.714286 0.000000 5.000000
v 0.714286 0.030435 4.523809
v 0.714286 -0.044473 4.047619
v 0.714286 -0.049215 3.571429
v 0.714286 -0.247322 3.095238
v 0.714286 -0.264903 2.619048
v 0.714286 -0.272682 2.142857
v 0.714286 0.138087 1.666667
v 0.714286 0.255070 1.190476
v 0.714286 0.369926 0.714286
v 0.714286 -0.015996 0.238095
v 0.714286 -0.634374 -0.238095
v 0.714286 -1.042812 -0.714286
v 0.714286 -1.155016 -1.190476
v 0.714286 -1.128109 -1.666667
v 0.714286 -0.972744 -2.142857
v 0.714286 -0.774559 -2.619048
v 0.714286 -0.514779 -3.095238
v 0.714286 -0.501466 -3.571429
v 0.714286 -0.332351 -4.047619
v 0.714286 -0.080774 -4.523809
v 0.714286 0.000000 -5.000000
v 1.190476 0.000000 5.000000
v 1.190476 0.022525 4.523809
v 1.190476 0.029046 4.047619
v 1.190476 0.137823 3.571429
v 1.190476 0.193143 3.095238
v 1.190476 0.135574 2.619048
v 1.190476 0.349531 2.142857
v 1.190476 0.730337 1.666667
v 1.190476 0.684016 1.190476
v 1.190476 0.769551 0.714286
v 1.190476 0.337590 0.238095
v 1.190476 -0.137852 -0.238095
v 1.190476 -0.787427 -0.714286
v 1.190476 -1.282464 -1.190476
v 1.190476 -1.075589 -1.666667
v 1.190476 -1.042931 -2.142857
v 1.190476 -1.026927 -2.619048
v 1.190476 -0.574390 -3.095238
v 1.190476 -0.409710 -3.571429
v 1.190476 -0.304621 -4.047619
v 1.190476 -0.055933 -4.523809
v 1.190476 0.000000 -5.000000
v 1.666667 0.000000 5.000000
v 1.666667 0.069520 4.523809
v 1.666667 0.137333 4.047619
v 1.666667 0.329998 3.571429
v 1.666667 0.593111 3.095238
v 1.666667 0.700451 2.619048
v 1.666667 1.091729 2.142857
v 1.666667 1.445217 1.666667
v 1.666667 1.260992 1.190476
v 1.666667 1.132171 0.714286
v 1.666667 0.860107 0.238095
v 1.666667 0.599437 -0.238095
v 1.666667 0.089570 -0.714286
v 1.666667 -0.444891 -1.190476
v 1.666667 -0.508992 -1.666667
v 1.666667 -0.853224 -2.142857
v 1.666667 -0.827577 -2.619048
v 1.666667 -0.635051 -3.095238
v 1.666667 -0.323495 -3.571429
v 1.666667 -0.120811 -4.047619
v 1.666667 -0.021323 -4.523809
v 1.666667 0.000000 -5.000000
v 2.142857 0.000000 5.000000
v 2.142857 0.095477 4.523809
v 2.142857 0.286212 4.047619
v 2.142857 0.730084 3.571429
v 2.142857 0.915703 3.095238
v 2.142857 0.979678 2.619048
v 2.142857 1.371768 2.142857
v 2.142857 1.666035 1.666667
v 2.142857 1.536883 1.190476
v 2.142857 1.286244 0.714286
v 2.142857 1.030273 0.238095
v 2.142857 0.851360 -0.238095
v 2.142857 0.391853 -0.714286
v 2.142857 -0.082947 -1.190476
v 2.142857 -0.322900 -1.666667
v 2.142857 -0.666201 -2.142857
v 2.142857 -0.658468 -2.619048
v 2.142857 -0.435049 -3.095238
v 2.142857 -0.156653 -3.571429
v 2.142857 -0.068946 -4.047619
v 2.142857 -0.005301 -4.523809
v 2.142857 0.000000 -5.000000
v 2.619048 0.000000 5.000000
v 2.619048 0.099259 4.523809
v 2.619048 0.370957 4.047619
v 2.619048 0.749946 3.571429
v 2.619048 1.091940 3.095238
v 2.619048 1.033789 2.619048
v 2.619048 1.250652 2.142857
v 2.619048 1.630781 1.666667
v 2.619048 1.487180 1.190476
v 2.619048 0.979991 0.714286
v 2.619048 0.961751 0.238095
v 2.619048 0.890797 -0.238095
v 2.619048 0.604515 -0.714286
v 2.619048 0.383382 -1.190476
v 2.619048 0.113351 -1.666667
v 2.619048 -0.208679 -2.142857
v 2.619048 -0.436663 -2.619048
v 2.619048 -0.354504 -3.095238
v 2.619048 -0.117141 -3.571429
v 2.619048 -0.067952 -4.047619
v 2.619048 -0.014132 -4.523809
v 2.619048 0.000000 -5.000000
v 3.095238 0.000000 5.000000
v 3.095238 0.057414 4.523809
v 3.095238 0.336168 4.047619
v 3.095238 0.705929 3.571429
v 3.095238 1.103883 3.095238
v 3.095238 1.305225 2.619048
v 3.095238 1.532087 2.142857
v 3.095238 1.561701 1.666667
v 3.095238 1.391923 1.190476
v 3.095238 1.096019 0.714286
v 3.095238 0.974649 0.238095
v 3.095238 0.986694 -0.238095
v 3.095238 0.620212 -0.714286
v 3.095238 0.405621 -1.190476
v 3.095238 0.079126 -1.666667
v 3.095238 -0.155216 -2.142857
v 3.095238 -0.160849 -2.619048
v 3.095238 -0.141258 -3.095238
v 3.095238 -0.044320 -3.571429
v 3.095238 -0.110667 -4.047619
v 3.095238 -0.016318 -4.523809
v 3.095238 0.000000 -5.000000
v 3.571429 0.000000 5.000000
v 3.571429 0.009287 4.523809
v 3.571429 0.193809 4.047619
v 3.571429 0.576474 3.571429
v 3.571429 0.959017 3.095238
v 3.571429 1.132970 2.619048
v 3.571429 1.169341 2.142857
v 3.571429 1.082062 1.666667
v 3.571429 0.966339 1.190476
v 3.571429 0.849386 0.714286
v 3.571429 0.681089 0.238095
v 3.571429 0.601467 -0.238095
v 3.571429 0.468185 -0.714286
v 3.571429 0.240926 -1.190476
v 3.571429 0.030876 -1.666667
v 3.571429 -0.121317 -2.142857
v 3.571429 -0.138517 -2.619048
v 3.571429 -0.123020 -3.095238
v 3.571429 -0.091727 -3.571429
v 3.571429 -0.070175 -4.047619
v 3.571429 -0.002603 -4.523809
v 3.571429 0.000000 -5.000000
v 4.047619 0.000000 5.000000
v 4.047619 0.000000 4.523809
v 4.047619 0.039785 4.047619
v 4.047619 0.220522 3.571429
v 4.047619 0.478085 3.095238
v 4.047619 0.618140 2.619048
v 4.047619 0.628944 2.142857
v 4.047619 0.518942 1.666667
v 4.047619 0.540824 1.190476
v 4.047619 0.470939 0.714286
v 4.047619 0.395107 0.238095
v 4.047619 0.225909 -0.238095
v 4.047619 0.064175 -0.714286
v 4.047619 -0.031888 -1.190476
v 4.047619 -0.074889 -1.666667
v 4.047619 -0.105181 -2.142857
v 4.047619 -0.163484 -2.619048
v 4.047619 -0.128614 -3.095238
v 4.047619 -0.047485 -3.571429
v 4.047619 -0.012043 -4.047619
v 4.047619 0.000000 -4.523809
v 4.047619 0.000000 -5.000000
v 4.523809 0.000000 5.000000
v 4.523809 0.000000 4.523809
v 4.523809 0.000000 4.047619
v 4.523809 0.009377 3.571429
v 4.523809 0.074716 3.095238
v 4.523809 0.137168 2.619048
v 4.523809 0.168890 2.142857
v 4.523809 0.147221 1.666667
v 4.523809 0.150418 1.190476
v 4.523809 0.146850 0.714286
v 4.523809 0.098304 0.238095
v 4.523809 0.047335 -0.238095
v 4.523809 -0.010717 -0.714286
v 4.523809 -0.056245 -1.190476
v 4.523809 -0.079062 -1.666667
v 4.523809 -0.053456 -2.142857
v 4.523809 -0.043678 -2.619048
v 4.523809 -0.023463 -3.095238
v 4.523809 -0.002752 -3.571429
v 4.523809 0.000000 -4.047619
v 4.523809 0.000000 -4.523809
v 4.523809 0.000000 -5.000000
v 5.000000 0.000000 5.000000
v 5.000000 0.000000 4.523809
v 5.000000 0.000000 4.047619
v 5.000000 0.000000 3.571429
v 5.000000 0.000000 3.095238
v 5.000000 0.000000 2.619048
v 5.000000 0.000000 2.142857
v 5.000000 0.000000 1.666667
v 5.000000 0.000000 1.190476
v 5.000000 0.000000 0.714286
v 5.000000 0.000000 0.238095
v 5.000000 0.000000 -0.238095
v 5.000000 0.000000 -0.714286
v 5.000000 0.000000 -1.190476
v 5.000000 0.000000 -1.666667
v 5.000000 0.000000 -2.142857
v 5.000000 0.000000 -2.619048
v 5.000000 0.000000 -3.095238
v 5.000000 0.000000 -3.571429
v 5.000000 0.000000 -4.047619
v 5.000000 0.000000 -4.523809
v 5.000000 0.000000 -5.000000
s 1
f 2 1 23 24
f 3 2 24 25
f 4 3 25 26
f 5 4 26 27
f 6 5 27 28
f 7 6 28 29
f 8 7 29 30
f 9 8 30 31
f 10 9 31 32
f 11 10 32 33
f 12 11 33 34
f 13 12 34 35
f 14 13 35 36
f 15 14 36 37
f 16 15 37 38
f 17 16 38 39
f 18 17 39 40
f 19 18 40 41
f 20 19 41 42
f 21 20 42 43
f 22 21 43 44
f 24 23 45 46
f 25 24 46 47
f 26 25 47 48
f 27 26 48 49
f 28 27 49 50
f 29 28 50 51
f 30 29 51 52
f 31 30 52 53
f 32 31 53 54
f 33 32 54 55
f 34 33 55 56
f 35 34 56 57
f 36 35 57 58
f 37 36 58 59
f 38 37 59 60
f 39 38 60 61
f 40 39 61 62
f 41 40 62 63
f 42 41 63 64
f 43 42 64 65
f 44 43 65 66
f 46 45 67 68
f 47 46 68 69
f 48 47 69 70
f 49 48 70 71
f 50 49 71 72
f 51 50 72 73
f 52 51 73 74
f 53 52 74 75
f 54 53 75 76
f 55 54 76 77
f 56 55 77 78
f 57 56 78 79
f 58 57 79 80
f 59 58 80 81
f 60 59 81 82
f 61 60 82 83
f 62 61 83 84
f 63 62 84 85
f 64 63 85 86
f 65 64 86 87
f 66 65 87 88
f 68 67 89 90
f 69 68 90 91
f 70 69 91 92
f 71 70 92 93
f 72 71 93 94
f 73 72 94 95
f 74 73 95 96
f 75 74 96 97
f 76 75 97 98
f 77 76 98 99
f 78 77 99 100
f 79 78 100 101
f 80 79 101 102
f 81 80 102 103
f 82 81 103 104
f 83 82 104 105
f 84 83 105 106
f 85 84 106 107
f 86 85 107 108
f 87 86 108 109
f 88 87 109 110
f 90 89 111 112
f 91 90 112 113
f 92 91 113 114
f 93 92 114 115
f 94 93 115 116
f 95 94 116 117
f 96 95 117 118
f 97 96 118 119
f 98 97 119 120
f 99 98 120 121
f 100 99 121 122
f 101 100 122 123
f 102 101 123 124
f 103 102 124 125
f 104 103 125 126
f 105 104 126 127
f 106 105 127 128
f 107 106 128 129
f 108 107 129 130
f 109 108 130 131
f 110 109 131 132
f 112 111 133 134
f 113 112 134 135
f 114 113 135 136
f 115 114 136 137
f 116 115 137 138
f 117 116 138 139
f 118 117 139 140
f 119 118 140 141
f 120 119 141 142
f 121 120 142 143
f 122 121 143 144
f 123 122 144 145
f 124 123 145 146
f 125 124 146 147
f 126 125 147 148
f 127 126 148 149
f 128 127 149 150
f 129 128 150 151
f 130 129 151 152
f 131 130 152 153
f 132 131 153 154
f 134 133 155 156
f 135 134 156 157
f 136 135 157 158
f 137 136 158 159
f 138 137 159 160
f 139 138 160 161
f 140 139 161 162
f 141 140 162 163
f 142 141 163 164
f 143 142 164 165
f 144 143 165 166
f 145 144 166 167
f 146 145 167 168
f 147 146 168 169
f 148 147 169 170
f 149 148 170 171
f 150 149 171 172
f 151 150 172 173
f 152 151 173 174
f 153 152 174 175
f 154 153 175 176
f 156 155 177 178
f 157 156 178 179
f 158 157 179 180
f 159 158 180 181
f 160 159 181 182
f 161 160 182 183
f 162 161 183 184
f 163 162 184 185
f 164 163 185 186
f 165 164 186 187
f 166 165 187 188
f 167 166 188 189
f 168 167 189 190
f 169 168 190 191
f 170 169 191 192
f 171 170 192 193
f 172 171 193 194
f 173 172 194 195
f 174 173 195 196
f 175 174 196 197
f 176 175 197 198
f 178 177 199 200
f 179 178 200 201
f 180 179 201 202
f 181 180 202 203
f 182 181 203 204
f 183 182 204 205
f 184 183 205 206
f 185 184 206 207
f 186 185 207 208
f 187 186 208 209
f 188 187 209 210
f 189 188 210 211
f 190 189 211 212
f 191 190 212 213
f 192 191 213 214
f 193 192 214 215
f 194 193 215 216
f 195 194 216 217
f 196 195 217 218
f 197 196 218 219
f 198 197 219 220
f 200 199 221 222
f 201 200 222 223
f 202 201 223 224
f 203 202 224 225
f 204 203 225 226
f 205 204 226 227
f 206 205 227 228
f 207 206 228 229
f 208 207 229 230
f 209 208 230 231
f 210 209 231 232
f 211 210 232 233
f 212 211 233 234
f 213 212 234 235
f 214 213 235 236
f 215 214 236 237
f 216 215 237 238
f 217 216 238 239
f 218 217 239 240
f 219 218 240 241
f 220 219 241 242
f 222 221 243 244
f 223 222 244 245
f 224 223 245 246
f 225 224 246 247
f 226 225 247 248
f 227 226 248 249
f 228 227 249 250
f 229 228 250 251
f 230 229 251 252
f 231 230 252 253
f 232 231 253 254
f 233 232 254 255
f 234 233 255 256
f 235 234 256 257
f 236 235 257 258
f 237 236 258 259
f 238 237 259 260
f 239 238 260 261
f 240 239 261 262
f 241 240 262 263
f 242 241 263 264
f 244 243 265 266
f 245 244 266 267
f 246 245 267 268
f 247 246 268 269
f 248 247 269 270
f 249 248 270 271
f 250 249 271 272
f 251 250 272 273
f 252 251 273 274
f 253 252 274 275
f 254 253 275 276
f 255 254 276 277
f 256 255 277 278
f 257 256 278 279
f 258 257 279 280
f 259 258 280 281
f 260 259 281 282
f 261 260 282 283
f 262 261 283 284
f 263 262 284 285
f 264 263 285 286
f 266 265 287 288
f 267 266 288 289
f 268 267 289 290
f 269 268 290 291
f 270 269 291 292
f 271 270 292 293
f 272 271 293 294
f 273 272 294 295
f 274 273 295 296
f 275 274 296 297
f 276 275 297 298
f 277 276 298 299
f 278 277 299 300
f 279 278 300 301
f 280 279 301 302
f 281 280 302 303
f 282 281 303 304
f 283 282 304 305
f 284 283 305 306
f 285 284 306 307
f 286 285 307 308
f 288 287 309 310
f 289 288 310 311
f 290 289 311 312
f 291 290 312 313
f 292 291 313 314
f 293 292 314 315
f 294 293 315 316
f 295 294 316 317
f 296 295 317 318
f 297 296 318 319
f 298 297 319 320
f 299 298 320 321
f 300 299 321 322
f 301 300 322 323
f 302 301 323 324
f 303 302 324 325
f 304 303 325 326
f 305 304 326 327
f 306 305 327 328
f 307 306 328 329
f 308 307 329 330
f 310 309 331 332
f 311 310 332 333
f 312 311 333 334
f 313 312 334 335
f 314 313 335 336
f 315 314 336 337
f 316 315 337 338
f 317 316 338 339
f 318 317 339 340
f 319 318 340 341
f 320 319 341 342
f 321 320 342 343
f 322 321 343 344
f 323 322 344 345
f 324 323 345 346
f 325 324 346 347
f 326 325 347 348
f 327 326 348 349
f 328 327 349 350
f 329 328 350 351
f 330 329 351 352
f 332 331 353 354
f 333 332 354 355
f 334 333 355 356
f 335 334 356 357
f 336 335 357 358
f 337 336 358 359
f 338 337 359 360
f 339 338 360 361
f 340 339 361 362
f 341 340 362 363
f 342 341 363 364
f 343 342 364 365
f 344 343 365 366
f 345 344 366 367
f 346 345 367 368
f 347 346 368 369
f 348 347 369 370
f 349 348 370 371
f 350 349 371 372
f 351 350 372 373
f 352 351 373 374
f 354 353 375 376
f 355 354 376 377
f 356 355 377 378
f 357 356 378 379
f 358 357 379 380
f 359 358 380 381
f 360 359 381 382
f 361 360 382 383
f 362 361 383 384
f 363 362 384 385
f 364 363 385 386
f 365 364 386 387
f 366 365 387 388
f 367 366 388 389
f 368 367 389 390
f 369 368 390 391
f 370 369 391 392
f 371 370 392 393
f 372 371 393 394
f 373 372 394 395
f 374 373 395 396
f 376 375 397 398
f 377 376 398 399
f 378 377 399 400
f 379 378 400 401
f 380 379 401 402
f 381 380 402 403
f 382 381 403 404
f 383 382 404 405
f 384 383 405 406
f 385 384 406 407
f 386 385 407 408
f 387 386 408 409
f 388 387 409 410
f 389 388 410 411
f 390 389 411 412
f 391 390 412 413
f 392 391 413 414
f 393 392 414 415
f 394 393 415 416
f 395 394 416 417
f 396 395 417 418
f 398 397 419 420
f 399 398 420 421
f 400 399 421 422
f 401 400 422 423
f 402 401 423 424
f 403 402 424 425
f 404 403 425 426
f 405 404 426 427
f 406 405 427 428
f 407 406 428 429
f 408 407 429 430
f 409 408 430 431
f 410 409 431 432
f 411 410 432 433
f 412 411 433 434
f 413 412 434 435
f 414 413 435 436
f 415 414 436 437
f 416 415 437 438
f 417 416 438 439
f 418 417 439 440
f 420 419 441 442
f 421 420 442 443
f 422 421 443 444
f 423 422 444 445
f 424 423 445 446
f 425 424 446 447
f 426 425 447 448
f 427 426 448 449
f 428 427 449 450
f 429 428 450 451
f 430 429 451 452
f 431 430 452 453
f 432 431 453 454
f 433 432 454 455
f 434 433 455 456
f 435 434 456 457
f 436 435 457 458
f 437 436 458 459
f 438 437 459 460
f 439 438 460 461
f 440 439 461 462
f 442 441 463 464
f 443 442 464 465
f 444 443 465 466
f 445 444 466 467
f 446 445 467 468
f 447 446 468 469
f 448 447 469 470
f 449 448 470 471
f 450 449 471 472
f 451 450 472 473
f 452 451 473 474
f 453 452 474 475
f 454 453 475 476
f 455 454 476 477
f 456 455 477 478
f 457 456 478 479
f 458 457 479 480
f 459 458 480 481
f 460 459 481 482
f 461 460 482 483
f 462 461 483 484
