# Blender v2.79 (sub 0) OBJ File: ''
# www.blender.org
v -5.000000 0.000000 5.000000
v -5.000000 0.000000 4.696970
v -5.000000 0.000000 4.393939
v -5.000000 0.000000 4.090909
v -5.000000 0.000000 3.787879
v -5.000000 0.000000 3.484848
v -5.000000 0.000000 3.181818
v -5.000000 0.000000 2.878788
v -5.000000 0.000000 2.575758
v -5.000000 0.000000 2.272727
v -5.000000 0.000000 1.969697
v -5.000000 0.000000 1.666667
v -5.000000 0.000000 1.363636
v -5.000000 0.000000 1.060606
v -5.000000 0.000000 0.757576
v -5.000000 0.000000 0.454545
v -5.000000 0.000000 0.151515
v -5.000000 0.000000 -0.151515
v -5.000000 0.000000 -0.454545
v -5.000000 0.000000 -0.757576
v -5.000000 0.000000 -1.060606
v -5.000000 0.000000 -1.363636
v -5.000000 0.000000 -1.666667
v -5.000000 0.000000 -1.969697
v -5.000000 0.000000 -2.272727
v -5.000000 0.000000 -2.575758
v -5.000000 0.000000 -2.878788
v -5.000000 0.000000 -3.181818
v -5.000000 0.000000 -3.484848
v -5.000000 0.000000 -3.787879
v -5.000000 0.000000 -4.090909
v -5.000000 0.000000 -4.393939
v -5.000000 0.000000 -4.696970
v -5.000000 0.000000 -5.000000
v -4.696970 0.000000 5.000000
v -4.696970 0.000000 4.696970
v -4.696970 0.000000 4.393939
v -4.696970 0.000000 4.090909
v -4.696970 0.000000 3.787879
v -4.696970 0.000000 3.484848
v -4.696970 0.003204 3.181818
v -4.696970 0.017395 2.878788
v -4.696970 0.031741 2.575758
v -4.696970 0.050280 2.272727
v -4.696970 0.063861 1.969697
v -4.696970 0.070219 1.666667
v -4.696970 0.076969 1.363636
v -4.696970 0.091749 1.060606
v -4.696970 0.087287 0.757576
v -4.696970 0.074691 0.454545
v -4.696970 0.066869 0.151515
v -4.696970 0.079257 -0.151515
v -4.696970 0.084412 -0.454545
v -4.696970 0.071403 -0.757576
v -4.696970 0.055149 -1.060606
v -4.696970 0.042871 -1.363636
v -4.696970 0.029225 -1.666667
v -4.696970 0.025023 -1.969697
v -4.696970 0.022507 -2.272727
v -4.696970 0.010720 -2.575758
v -4.696970 0.001264 -2.878788
v -4.696970 -0.000463 -3.181818
v -4.696970 0.000000 -3.484848
v -4.696970 0.000000 -3.787879
v -4.696970 0.000000 -4.090909
v -4.696970 0.000000 -4.393939
v -4.696970 0.000000 -4.696970
v -4.696970 0.000000 -5.000000
v -4.393939 0.000000 5.000000
v -4.393939 0.000000 4.696970
v -4.393939 0.000000 4.393939
v -4.393939 0.000000 4.090909
v -4.393939 0.002581 3.787879
v -4.393939 0.015842 3.484848
v -4.393939 0.051734 3.181818
v -4.393939 0.096081 2.878788
v -4.393939 0.129670 2.575758
v -4.393939 0.166920 2.272727
v -4.393939 0.195164 1.969697
v -4.393939 0.240769 1.666667
v -4.393939 0.253355 1.363636
v -4.393939 0.288006 1.060606
v -4.393939 0.318147 0.757576
v -4.393939 0.280208 0.454545
v -4.393939 0.288747 0.151515
v -4.393939 0.304504 -0.151515
v -4.393939 0.289781 -0.454545
v -4.393939 0.234285 -0.757576
v -4.393939 0.172735 -1.060606
v -4.393939 0.135093 -1.363636
v -4.393939 0.090487 -1.666667
v -4.393939 0.093112 -1.969697
v -4.393939 0.066681 -2.272727
v -4.393939 0.034367 -2.575758
v -4.393939 0.004374 -2.878788
v -4.393939 -0.010601 -3.181818
v -4.393939 -0.010662 -3.484848
v -4.393939 -0.002598 -3.787879
v -4.393939 0.000000 -4.090909
v -4.393939 0.000000 -4.393939
v -4.393939 0.000000 -4.696970
v -4.393939 0.000000 -5.000000
v -4.090909 0.000000 5.000000
v -4.090909 0.000000 4.696970
v -4.090909 0.000000 4.393939
v -4.090909 0.001273 4.090909
v -4.090909 0.010483 3.787879
v -4.090909 0.026781 3.484848
v -4.090909 0.066204 3.181818
v -4.090909 0.148136 2.878788
v -4.090909 0.215561 2.575758
v -4.090909 0.285444 2.272727
v -4.090909 0.338138 1.969697
v -4.090909 0.449387 1.666667
v -4.090909 0.486547 1.363636
v -4.090909 0.564012 1.060606
v -4.090909 0.567330 0.757576
v -4.090909 0.587352 0.454545
v -4.090909 0.603284 0.151515
v -4.090909 0.550499 -0.151515
v -4.090909 0.504422 -0.454545
v -4.090909 0.435668 -0.757576
v -4.090909 0.322539 -1.060606
v -4.090909 0.199522 -1.363636
v -4.090909 0.123572 -1.666667
v -4.090909 0.156470 -1.969697
v -4.090909 0.112686 -2.272727
v -4.090909 0.028065 -2.575758
v -4.090909 -0.025557 -2.878788
v -4.090909 -0.053647 -3.181818
v -4.090909 -0.047150 -3.484848
v -4.090909 -0.033325 -3.787879
v -4.090909 -0.006771 -4.090909
v -4.090909 0.000000 -4.393939
v -4.090909 0.000000 -4.696970
v -4.090909 0.000000 -5.000000
v -3.787879 0.000000 5.000000
v -3.787879 0.000000 4.696970
v -3.787879 -0.001678 4.393939
v -3.787879 -0.010893 4.090909
v -3.787879 -0.019353 3.787879
v -3.787879 -0.029015 3.484848
v -3.787879 -0.013634 3.181818
v -3.787879 0.095300 2.878788
v -3.787879 0.250957 2.575758
v -3.787879 0.403234 2.272727
v -3.787879 0.522613 1.969697
v -3.787879 0.675357 1.666667
v -3.787879 0.705231 1.363636
v -3.787879 0.836042 1.060606
v -3.787879 0.895863 0.757576
v -3.787879 0.888529 0.454545
v -3.787879 0.892483 0.151515
v -3.787879 0.851290 -0.151515
v -3.787879 0.778382 -0.454545
v -3.787879 0.612776 -0.757576
v -3.787879 0.391511 -1.060606
v -3.787879 0.250626 -1.363636
v -3.787879 0.128526 -1.666667
v -3.787879 0.178081 -1.969697
v -3.787879 0.105071 -2.272727
v -3.787879 -0.051703 -2.575758
v -3.787879 -0.075059 -2.878788
v -3.787879 -0.121834 -3.181818
v -3.787879 -0.149482 -3.484848
v -3.787879 -0.100007 -3.787879
v -3.787879 -0.048629 -4.090909
v -3.787879 -0.005313 -4.393939
v -3.787879 0.000000 -4.696970
v -3.787879 0.000000 -5.000000
v -3.484848 0.000000 5.000000
v -3.484848 0.000000 4.696970
v -3.484848 -0.008319 4.393939
v -3.484848 -0.038438 4.090909
v -3.484848 -0.046142 3.787879
v -3.484848 -0.076714 3.484848
v -3.484848 -0.047629 3.181818
v -3.484848 0.029378 2.878788
v -3.484848 0.189387 2.575758
v -3.484848 0.366540 2.272727
v -3.484848 0.451111 1.969697
v -3.484848 0.672210 1.666667
v -3.484848 0.798254 1.363636
v -3.484848 0.995017 1.060606
v -3.484848 1.049883 0.757576
v -3.484848 1.094052 0.454545
v -3.484848 1.208011 0.151515
v -3.484848 1.276170 -0.151515
v -3.484848 1.026470 -0.454545
v -3.484848 0.792650 -0.757576
v -3.484848 0.477570 -1.060606
v -3.484848 0.312806 -1.363636
v -3.484848 0.140525 -1.666667
v -3.484848 0.096365 -1.969697
v -3.484848 -0.026312 -2.272727
v -3.484848 -0.144941 -2.575758
v -3.484848 -0.218320 -2.878788
v -3.484848 -0.271180 -3.181818
v -3.484848 -0.254676 -3.484848
v -3.484848 -0.207902 -3.787879
v -3.484848 -0.113384 -4.090909
v -3.484848 -0.030842 -4.393939
v -3.484848 0.000000 -4.696970
v -3.484848 0.000000 -5.000000
v -3.181818 0.000000 5.000000
v -3.181818 -0.002281 4.696970
v -3.181818 -0.030601 4.393939
v -3.181818 -0.075943 4.090909
v -3.181818 -0.151147 3.787879
v -3.181818 -0.159523 3.484848
v -3.181818 -0.243222 3.181818
v -3.181818 -0.169886 2.878788
v -3.181818 0.054648 2.575758
v -3.181818 0.172759 2.272727
v -3.181818 0.322850 1.969697
v -3.181818 0.619445 1.666667
v -3.181818 0.780346 1.363636
v -3.181818 1.048905 1.060606
v -3.181818 1.164882 0.757576
v -3.181818 1.352912 0.454545
v -3.181818 1.560253 0.151515
v -3.181818 1.565922 -0.151515
v -3.181818 1.146932 -0.454545
v -3.181818 0.844477 -0.757576
v -3.181818 0.553846 -1.060606
v -3.181818 0.228835 -1.363636
v -3.181818 0.072110 -1.666667
v -3.181818 -0.076727 -1.969697
v -3.181818 -0.182483 -2.272727
v -3.181818 -0.246557 -2.575758
v -3.181818 -0.325374 -2.878788
v -3.181818 -0.407678 -3.181818
v -3.181818 -0.412371 -3.484848
v -3.181818 -0.321200 -3.787879
v -3.181818 -0.196514 -4.090909
v -3.181818 -0.073321 -4.393939
v -3.181818 -0.004439 -4.696970
v -3.181818 0.000000 -5.000000
v -2.878788 0.000000 5.000000
v -2.878788 -0.010445 4.696970
v -2.878788 -0.076595 4.393939
v -2.878788 -0.177723 4.090909
v -2.878788 -0.301775 3.787879
v -2.878788 -0.383092 3.484848
v -2.878788 -0.438163 3.181818
v -2.878788 -0.410753 2.878788
v -2.878788 -0.131956 2.575758
v -2.878788 0.128879 2.272727
v -2.878788 0.267241 1.969697
v -2.878788 0.491139 1.666667
v -2.878788 0.666104 1.363636
v -2.878788 0.918037 1.060606
v -2.878788 1.142054 0.757576
v -2.878788 1.534585 0.454545
v -2.878788 1.700023 0.151515
v -2.878788 1.526493 -0.151515
v -2.878788 1.094781 -0.454545
v -2.878788 0.758745 -0.757576
v -2.878788 0.406324 -1.060606
v -2.878788 0.053718 -1.363636
v -2.878788 -0.103796 -1.666667
v -2.878788 -0.334943 -1.969697
v -2.878788 -0.416390 -2.272727
v -2.878788 -0.387702 -2.575758
v -2.878788 -0.440648 -2.878788
v -2.878788 -0.468477 -3.181818
v -2.878788 -0.393140 -3.484848
v -2.878788 -0.334110 -3.787879
v -2.878788 -0.249078 -4.090909
v -2.878788 -0.118232 -4.393939
v -2.878788 -0.016832 -4.696970
v -2.878788 0.000000 -5.000000
v -2.575758 0.000000 5.000000
v -2.575758 -0.025001 4.696970
v -2.575758 -0.136348 4.393939
v -2.575758 -0.320011 4.090909
v -2.575758 -0.464134 3.787879
v -2.575758 -0.598151 3.484848
v -2.575758 -0.598645 3.181818
v -2.575758 -0.508293 2.878788
v -2.575758 -0.309575 2.575758
v -2.575758 -0.127740 2.272727
v -2.575758 0.002515 1.969697
v -2.575758 0.174400 1.666667
v -2.575758 0.451996 1.363636
v -2.575758 0.724838 1.060606
v -2.575758 1.349979 0.757576
v -2.575758 1.864393 0.454545
v -2.575758 1.781744 0.151515
v -2.575758 1.412289 -0.151515
v -2.575758 0.979780 -0.454545
v -2.575758 0.731914 -0.757576
v -2.575758 0.394229 -1.060606
v -2.575758 0.023018 -1.363636
v -2.575758 -0.271332 -1.666667
v -2.575758 -0.454069 -1.969697
v -2.575758 -0.584571 -2.272727
v -2.575758 -0.546890 -2.575758
v -2.575758 -0.495559 -2.878788
v -2.575758 -0.498052 -3.181818
v -2.575758 -0.389036 -3.484848
v -2.575758 -0.286456 -3.787879
v -2.575758 -0.226923 -4.090909
v -2.575758 -0.116690 -4.393939
v -2.575758 -0.029661 -4.696970
v -2.575758 0.000000 -5.000000
v -2.272727 0.000000 5.000000
v -2.272727 -0.041482 4.696970
v -2.272727 -0.165425 4.393939
v -2.272727 -0.353034 4.090909
v -2.272727 -0.511636 3.787879
v -2.272727 -0.627450 3.484848
v -2.272727 -0.652280 3.181818
v -2.272727 -0.479220 2.878788
v -2.272727 -0.265570 2.575758
v -2.272727 -0.230229 2.272727
v -2.272727 -0.127748 1.969697
v -2.272727 0.153153 1.666667
v -2.272727 0.455700 1.363636
v -2.272727 0.901980 1.060606
v -2.272727 1.489362 0.757576
v -2.272727 1.950312 0.454545
v -2.272727 1.847445 0.151515
v -2.272727 1.567609 -0.151515
v -2.272727 1.066035 -0.454545
v -2.272727 0.821134 -0.757576
v -2.272727 0.365230 -1.060606
v -2.272727 -0.138683 -1.363636
v -2.272727 -0.407655 -1.666667
v -2.272727 -0.437265 -1.969697
v -2.272727 -0.454996 -2.272727
v -2.272727 -0.417292 -2.575758
v -2.272727 -0.498028 -2.878788
v -2.272727 -0.426102 -3.181818
v -2.272727 -0.325914 -3.484848
v -2.272727 -0.322366 -3.787879
v -2.272727 -0.232241 -4.090909
v -2.272727 -0.118854 -4.393939
v -2.272727 -0.033212 -4.696970
v -2.272727 0.000000 -5.000000
v -1.969697 0.000000 5.000000
v -1.969697 -0.042139 4.696970
v -1.969697 -0.161863 4.393939
v -1.969697 -0.340450 4.090909
v -1.969697 -0.469674 3.787879
v -1.969697 -0.481055 3.484848
v -1.969697 -0.541454 3.181818
v -1.969697 -0.370990 2.878788
v -1.969697 -0.335708 2.575758
v -1.969697 -0.246521 2.272727
v -1.969697 -0.197493 1.969697
v -1.969697 0.183668 1.666667
v -1.969697 0.700830 1.363636
v -1.969697 1.089523 1.060606
v -1.969697 1.472747 0.757576
v -1.969697 1.603565 0.454545
v -1.969697 1.681860 0.151515
v -1.969697 1.424684 -0.151515
v -1.969697 1.088417 -0.454545
v -1.969697 0.669285 -0.757576
v -1.969697 0.228402 -1.060606
v -1.969697 -0.266947 -1.363636
v -1.969697 -0.508391 -1.666667
v -1.969697 -0.573522 -1.969697
v -1.969697 -0.437117 -2.272727
v -1.969697 -0.353178 -2.575758
v -1.969697 -0.382199 -2.878788
v -1.969697 -0.446188 -3.181818
v -1.969697 -0.324117 -3.484848
v -1.969697 -0.303299 -3.787879
v -1.969697 -0.249174 -4.090909
v -1.969697 -0.135177 -4.393939
v -1.969697 -0.037102 -4.696970
v -1.969697 0.000000 -5.000000
v -1.666667 0.000000 5.000000
v -1.666667 -0.035783 4.696970
v -1.666667 -0.149470 4.393939
v -1.666667 -0.310721 4.090909
v -1.666667 -0.395561 3.787879
v -1.666667 -0.386986 3.484848
v -1.666667 -0.454873 3.181818
v -1.666667 -0.381958 2.878788
v -1.666667 -0.380516 2.575758
v -1.666667 -0.354636 2.272727
v -1.666667 -0.090198 1.969697
v -1.666667 0.242236 1.666667
v -1.666667 0.933541 1.363636
v -1.666667 0.965552 1.060606
v -1.666667 1.166214 0.757576
v -1.666667 1.202059 0.454545
v -1.666667 1.072265 0.151515
v -1.666667 1.113358 -0.151515
v -1.666667 0.831147 -0.454545
v -1.666667 0.441834 -0.757576
v -1.666667 -0.049952 -1.060606
v -1.666667 -0.437132 -1.363636
v -1.666667 -0.634958 -1.666667
v -1.666667 -0.590186 -1.969697
v -1.666667 -0.581674 -2.272727
v -1.666667 -0.501490 -2.575758
v -1.666667 -0.358744 -2.878788
v -1.666667 -0.459560 -3.181818
v -1.666667 -0.488389 -3.484848
v -1.666667 -0.446799 -3.787879
v -1.666667 -0.301850 -4.090909
v -1.666667 -0.121409 -4.393939
v -1.666667 -0.030706 -4.696970
v -1.666667 0.000000 -5.000000
v -1.363636 0.000000 5.000000
v -1.363636 -0.036469 4.696970
v -1.363636 -0.122943 4.393939
v -1.363636 -0.272370 4.090909
v -1.363636 -0.405486 3.787879
v -1.363636 -0.476821 3.484848
v -1.363636 -0.640443 3.181818
v -1.363636 -0.464928 2.878788
v -1.363636 -0.424133 2.575758
v -1.363636 -0.461162 2.272727
v -1.363636 -0.028039 1.969697
v -1.363636 0.385518 1.666667
v -1.363636 0.936169 1.363636
v -1.363636 1.053475 1.060606
v -1.363636 0.929279 0.757576
v -1.363636 0.676803 0.454545
v -1.363636 0.377158 0.151515
v -1.363636 0.442635 -0.151515
v -1.363636 0.566137 -0.454545
v -1.363636 0.308670 -0.757576
v -1.363636 -0.280283 -1.060606
v -1.363636 -0.597147 -1.363636
v -1.363636 -0.738265 -1.666667
v -1.363636 -0.790812 -1.969697
v -1.363636 -0.823965 -2.272727
v -1.363636 -0.684291 -2.575758
v -1.363636 -0.593404 -2.878788
v -1.363636 -0.494796 -3.181818
v -1.363636 -0.511806 -3.484848
v -1.363636 -0.498490 -3.787879
v -1.363636 -0.372864 -4.090909
v -1.363636 -0.150502 -4.393939
v -1.363636 -0.038089 -4.696970
v -1.363636 0.000000 -5.000000
v -1.060606 0.000000 5.000000
v -1.060606 -0.031218 4.696970
v -1.060606 -0.103329 4.393939
v -1.060606 -0.224826 4.090909
v -1.060606 -0.331695 3.787879
v -1.060606 -0.499321 3.484848
v -1.060606 -0.546313 3.181818
v -1.060606 -0.475718 2.878788
v -1.060606 -0.353533 2.575758
v -1.060606 -0.318880 2.272727
v -1.060606 0.002583 1.969697
v -1.060606 0.544132 1.666667
v -1.060606 0.655878 1.363636
v -1.060606 0.830404 1.060606
v -1.060606 0.599807 0.757576
v -1.060606 0.338572 0.454545
v -1.060606 -0.162466 0.151515
v -1.060606 0.056731 -0.151515
v -1.060606 0.045121 -0.454545
v -1.060606 -0.130344 -0.757576
v -1.060606 -0.599515 -1.060606
v -1.060606 -0.558908 -1.363636
v -1.060606 -0.546628 -1.666667
v -1.060606 -0.617243 -1.969697
v -1.060606 -0.789513 -2.272727
v -1.060606 -0.748433 -2.575758
v -1.060606 -0.827965 -2.878788
v -1.060606 -0.707814 -3.181818
v -1.060606 -0.636966 -3.484848
v -1.060606 -0.558049 -3.787879
v -1.060606 -0.385602 -4.090909
v -1.060606 -0.169536 -4.393939
v -1.060606 -0.041853 -4.696970
v -1.060606 0.000000 -5.000000
v -0.757576 0.000000 5.000000
v -0.757576 -0.028875 4.696970
v -0.757576 -0.093930 4.393939
v -0.757576 -0.235012 4.090909
v -0.757576 -0.348260 3.787879
v -0.757576 -0.423987 3.484848
v -0.757576 -0.601195 3.181818
v -0.757576 -0.617327 2.878788
v -0.757576 -0.439186 2.575758
v -0.757576 -0.297808 2.272727
v -0.757576 0.068937 1.969697
v -0.757576 0.312366 1.666667
v -0.757576 0.426487 1.363636
v -0.757576 0.399155 1.060606
v -0.757576 0.289341 0.757576
v -0.757576 0.030980 0.454545
v -0.757576 -0.393818 0.151515
v -0.757576 -0.233984 -0.151515
v -0.757576 -0.171873 -0.454545
v -0.757576 -0.419842 -0.757576
v -0.757576 -0.694963 -1.060606
v -0.757576 -0.737540 -1.363636
v -0.757576 -0.622024 -1.666667
v -0.757576 -0.563634 -1.969697
v -0.757576 -0.605438 -2.272727
v -0.757576 -0.581392 -2.575758
v -0.757576 -0.852448 -2.878788
v -0.757576 -0.761612 -3.181818
v -0.757576 -0.645306 -3.484848
v -0.757576 -0.558023 -3.787879
v -0.757576 -0.334716 -4.090909
v -0.757576 -0.145426 -4.393939
v -0.757576 -0.038385 -4.696970
v -0.757576 0.000000 -5.000000
v -0.454545 0.000000 5.000000
v -0.454545 -0.014438 4.696970
v -0.454545 -0.084401 4.393939
v -0.454545 -0.179376 4.090909
v -0.454545 -0.246724 3.787879
v -0.454545 -0.349319 3.484848
v -0.454545 -0.452570 3.181818
v -0.454545 -0.543843 2.878788
v -0.454545 -0.437995 2.575758
v -0.454545 -0.252082 2.272727
v -0.454545 -0.095445 1.969697
v -0.454545 0.080289 1.666667
v -0.454545 0.104918 1.363636
v -0.454545 -0.002647 1.060606
v -0.454545 -0.230267 0.757576
v -0.454545 -0.191517 0.454545
v -0.454545 -0.501707 0.151515
v -0.454545 -0.405759 -0.151515
v -0.454545 -0.520135 -0.454545
v -0.454545 -0.596375 -0.757576
v -0.454545 -0.987218 -1.060606
v -0.454545 -1.004981 -1.363636
v -0.454545 -0.898937 -1.666667
v -0.454545 -0.711873 -1.969697
v -0.454545 -0.563062 -2.272727
v -0.454545 -0.577541 -2.575758
v -0.454545 -0.672033 -2.878788
v -0.454545 -0.620506 -3.181818
v -0.454545 -0.533253 -3.484848
v -0.454545 -0.437780 -3.787879
v -0.454545 -0.292699 -4.090909
v -0.454545 -0.127793 -4.393939
v -0.454545 -0.032765 -4.696970
v -0.454545 0.000000 -5.000000
v -0.151515 0.000000 5.000000
v -0.151515 -0.005272 4.696970
v -0.151515 -0.069859 4.393939
v -0.151515 -0.205541 4.090909
v -0.151515 -0.221666 3.787879
v -0.151515 -0.317748 3.484848
v -0.151515 -0.445240 3.181818
v -0.151515 -0.464475 2.878788
v -0.151515 -0.460689 2.575758
v -0.151515 -0.346461 2.272727
v -0.151515 -0.381091 1.969697
v -0.151515 -0.329613 1.666667
v -0.151515 0.008461 1.363636
v -0.151515 -0.017367 1.060606
v -0.151515 -0.300073 0.757576
v -0.151515 -0.415867 0.454545
v -0.151515 -0.570635 0.151515
v -0.151515 -0.477612 -0.151515
v -0.151515 -0.566061 -0.454545
v -0.151515 -0.624249 -0.757576
v -0.151515 -1.053060 -1.060606
v -0.151515 -1.130862 -1.363636
v -0.151515 -0.953106 -1.666667
v -0.151515 -0.802370 -1.969697
v -0.151515 -0.660216 -2.272727
v -0.151515 -0.698102 -2.575758
v -0.151515 -0.543537 -2.878788
v -0.151515 -0.433462 -3.181818
v -0.151515 -0.399287 -3.484848
v -0.151515 -0.377340 -3.787879
v -0.151515 -0.240950 -4.090909
v -0.151515 -0.111250 -4.393939
v -0.151515 -0.029848 -4.696970
v -0.151515 0.000000 -5.000000
v 0.151515 0.000000 5.000000
v 0.151515 -0.004696 4.696970
v 0.151515 -0.045498 4.393939
v 0.151515 -0.137990 4.090909
v 0.151515 -0.253074 3.787879
v 0.151515 -0.346179 3.484848
v 0.151515 -0.480292 3.181818
v 0.151515 -0.400463 2.878788
v 0.151515 -0.490478 2.575758
v 0.151515 -0.454401 2.272727
v 0.151515 -0.436101 1.969697
v 0.151515 -0.206408 1.666667
v 0.151515 0.013803 1.363636
v 0.151515 0.138554 1.060606
v 0.151515 -0.028616 0.757576
v 0.151515 -0.302856 0.454545
v 0.151515 -0.370683 0.151515
v 0.151515 -0.445703 -0.151515
v 0.151515 -0.545365 -0.454545
v 0.151515 -0.863523 -0.757576
v 0.151515 -1.065029 -1.060606
v 0.151515 -1.151363 -1.363636
v 0.151515 -1.100139 -1.666667
v 0.151515 -0.935802 -1.969697
v 0.151515 -0.730089 -2.272727
v 0.151515 -0.560492 -2.575758
v 0.151515 -0.429218 -2.878788
v 0.151515 -0.434651 -3.181818
v 0.151515 -0.408766 -3.484848
v 0.151515 -0.374306 -3.787879
v 0.151515 -0.255063 -4.090909
v 0.151515 -0.115246 -4.393939
v 0.151515 -0.031214 -4.696970
v 0.151515 0.000000 -5.000000
v 0.454545 0.000000 5.000000
v 0.454545 0.007916 4.696970
v 0.454545 0.015634 4.393939
v 0.454545 -0.028518 4.090909
v 0.454545 -0.110273 3.787879
v 0.454545 -0.213101 3.484848
v 0.454545 -0.414865 3.181818
v 0.454545 -0.368239 2.878788
v 0.454545 -0.342099 2.575758
v 0.454545 -0.522841 2.272727
v 0.454545 -0.320705 1.969697
v 0.454545 -0.261191 1.666667
v 0.454545 0.020248 1.363636
v 0.454545 0.212358 1.060606
v 0.454545 0.235337 0.757576
v 0.454545 0.064629 0.454545
v 0.454545 -0.389486 0.151515
v 0.454545 -0.475801 -0.151515
v 0.454545 -0.666029 -0.454545
v 0.454545 -1.075271 -0.757576
v 0.454545 -1.061691 -1.060606
v 0.454545 -1.151312 -1.363636
v 0.454545 -1.189751 -1.666667
v 0.454545 -1.143333 -1.969697
v 0.454545 -0.839001 -2.272727
v 0.454545 -0.621989 -2.575758
v 0.454545 -0.591692 -2.878788
v 0.454545 -0.465307 -3.181818
v 0.454545 -0.385267 -3.484848
v 0.454545 -0.369713 -3.787879
v 0.454545 -0.287828 -4.090909
v 0.454545 -0.128975 -4.393939
v 0.454545 -0.033691 -4.696970
v 0.454545 0.000000 -5.000000
v 0.757576 0.000000 5.000000
v 0.757576 0.014706 4.696970
v 0.757576 0.036350 4.393939
v 0.757576 -0.032650 4.090909
v 0.757576 -0.075554 3.787879
v 0.757576 -0.061338 3.484848
v 0.757576 -0.210998 3.181818
v 0.757576 -0.200370 2.878788
v 0.757576 -0.297351 2.575758
v 0.757576 -0.300202 2.272727
v 0.757576 0.047203 1.969697
v 0.757576 0.226564 1.666667
v 0.757576 0.390714 1.363636
v 0.757576 0.336959 1.060606
v 0.757576 0.388178 0.757576
v 0.757576 0.309969 0.454545
v 0.757576 -0.245624 0.151515
v 0.757576 -0.522147 -0.151515
v 0.757576 -0.870620 -0.454545
v 0.757576 -1.003349 -0.757576
v 0.757576 -1.083081 -1.060606
v 0.757576 -1.160290 -1.363636
v 0.757576 -1.110380 -1.666667
v 0.757576 -1.090308 -1.969697
v 0.757576 -0.947802 -2.272727
v 0.757576 -0.833725 -2.575758
v 0.757576 -0.720910 -2.878788
v 0.757576 -0.487027 -3.181818
v 0.757576 -0.469306 -3.484848
v 0.757576 -0.446260 -3.787879
v 0.757576 -0.322257 -4.090909
v 0.757576 -0.140948 -4.393939
v 0.757576 -0.028911 -4.696970
v 0.757576 0.000000 -5.000000
v 1.060606 0.000000 5.000000
v 1.060606 0.014375 4.696970
v 1.060606 0.027585 4.393939
v 1.060606 0.012974 4.090909
v 1.060606 0.014385 3.787879
v 1.060606 0.085243 3.484848
v 1.060606 0.069292 3.181818
v 1.060606 0.066049 2.878788
v 1.060606 0.052038 2.575758
v 1.060606 0.029387 2.272727
v 1.060606 0.389922 1.969697
v 1.060606 0.632112 1.666667
v 1.060606 0.705755 1.363636
v 1.060606 0.488698 1.060606
v 1.060606 0.644827 0.757576
v 1.060606 0.474850 0.454545
v 1.060606 -0.007276 0.151515
v 1.060606 -0.346471 -0.151515
v 1.060606 -0.803056 -0.454545
v 1.060606 -0.986945 -0.757576
v 1.060606 -1.164491 -1.060606
v 1.060606 -1.189571 -1.363636
v 1.060606 -1.124089 -1.666667
v 1.060606 -1.174907 -1.969697
v 1.060606 -1.030972 -2.272727
v 1.060606 -1.058984 -2.575758
v 1.060606 -0.858355 -2.878788
v 1.060606 -0.494147 -3.181818
v 1.060606 -0.432205 -3.484848
v 1.060606 -0.407469 -3.787879
v 1.060606 -0.310950 -4.090909
v 1.060606 -0.135937 -4.393939
v 1.060606 -0.024139 -4.696970
v 1.060606 0.000000 -5.000000
v 1.363636 0.000000 5.000000
v 1.363636 0.020310 4.696970
v 1.363636 0.034834 4.393939
v 1.363636 0.056783 4.090909
v 1.363636 0.113064 3.787879
v 1.363636 0.167442 3.484848
v 1.363636 0.235195 3.181818
v 1.363636 0.312629 2.878788
v 1.363636 0.326876 2.575758
v 1.363636 0.459327 2.272727
v 1.363636 0.704667 1.969697
v 1.363636 1.055801 1.666667
v 1.363636 1.094269 1.363636
v 1.363636 0.875781 1.060606
v 1.363636 1.014664 0.757576
v 1.363636 0.822115 0.454545
v 1.363636 0.500194 0.151515
v 1.363636 0.277435 -0.151515
v 1.363636 -0.126735 -0.454545
v 1.363636 -0.435516 -0.757576
v 1.363636 -0.893032 -1.060606
v 1.363636 -1.003465 -1.363636
v 1.363636 -0.933591 -1.666667
v 1.363636 -1.121779 -1.969697
v 1.363636 -0.978687 -2.272727
v 1.363636 -0.951289 -2.575758
v 1.363636 -0.784362 -2.878788
v 1.363636 -0.514401 -3.181818
v 1.363636 -0.455074 -3.484848
v 1.363636 -0.328845 -3.787879
v 1.363636 -0.182389 -4.090909
v 1.363636 -0.088654 -4.393939
v 1.363636 -0.016367 -4.696970
v 1.363636 0.000000 -5.000000
v 1.666667 0.000000 5.000000
v 1.666667 0.035414 4.696970
v 1.666667 0.079845 4.393939
v 1.666667 0.123750 4.090909
v 1.666667 0.240081 3.787879
v 1.666667 0.362851 3.484848
v 1.666667 0.513663 3.181818
v 1.666667 0.633028 2.878788
v 1.666667 0.703435 2.575758
v 1.666667 0.963563 2.272727
v 1.666667 1.222010 1.969697
v 1.666667 1.445217 1.666667
v 1.666667 1.379360 1.363636
v 1.666667 1.208171 1.060606
v 1.666667 1.117295 0.757576
v 1.666667 1.002874 0.454545
v 1.666667 0.852187 0.151515
v 1.666667 0.657874 -0.151515
v 1.666667 0.352347 -0.454545
v 1.666667 0.028853 -0.757576
v 1.666667 -0.316065 -1.060606
v 1.666667 -0.507942 -1.363636
v 1.666667 -0.508992 -1.666667
v 1.666667 -0.823493 -1.969697
v 1.666667 -0.827301 -2.272727
v 1.666667 -0.781912 -2.575758
v 1.666667 -0.720085 -2.878788
v 1.666667 -0.609184 -3.181818
v 1.666667 -0.363811 -3.484848
v 1.666667 -0.212389 -3.787879
v 1.666667 -0.112594 -4.090909
v 1.666667 -0.041801 -4.393939
v 1.666667 -0.006016 -4.696970
v 1.666667 0.000000 -5.000000
v 1.969697 0.000000 5.000000
v 1.969697 0.040105 4.696970
v 1.969697 0.127083 4.393939
v 1.969697 0.234280 4.090909
v 1.969697 0.411098 3.787879
v 1.969697 0.666324 3.484848
v 1.969697 0.826413 3.181818
v 1.969697 0.910831 2.878788
v 1.969697 1.034626 2.575758
v 1.969697 1.286095 2.272727
v 1.969697 1.441895 1.969697
v 1.969697 1.674771 1.666667
v 1.969697 1.675209 1.363636
v 1.969697 1.357693 1.060606
v 1.969697 1.319766 0.757576
v 1.969697 1.111055 0.454545
v 1.969697 1.049735 0.151515
v 1.969697 0.873574 -0.151515
v 1.969697 0.670126 -0.454545
v 1.969697 0.331861 -0.757576
v 1.969697 -0.075174 -1.060606
v 1.969697 -0.227786 -1.363636
v 1.969697 -0.378594 -1.666667
v 1.969697 -0.556780 -1.969697
v 1.969697 -0.861907 -2.272727
v 1.969697 -0.770448 -2.575758
v 1.969697 -0.670101 -2.878788
v 1.969697 -0.479954 -3.181818
v 1.969697 -0.208231 -3.484848
v 1.969697 -0.105078 -3.787879
v 1.969697 -0.060914 -4.090909
v 1.969697 -0.012207 -4.393939
v 1.969697 0.003814 -4.696970
v 1.969697 0.000000 -5.000000
v 2.272727 0.000000 5.000000
v 2.272727 0.040288 4.696970
v 2.272727 0.159784 4.393939
v 2.272727 0.295778 4.090909
v 2.272727 0.561148 3.787879
v 2.272727 0.814751 3.484848
v 2.272727 0.983194 3.181818
v 2.272727 0.921430 2.878788
v 2.272727 0.964090 2.575758
v 2.272727 1.143495 2.272727
v 2.272727 1.417473 1.969697
v 2.272727 1.633285 1.666667
v 2.272727 1.678601 1.363636
v 2.272727 1.332499 1.060606
v 2.272727 1.235365 0.757576
v 2.272727 1.155610 0.454545
v 2.272727 0.833777 0.151515
v 2.272727 0.888792 -0.151515
v 2.272727 0.647260 -0.454545
v 2.272727 0.424391 -0.757576
v 2.272727 0.148412 -1.060606
v 2.272727 0.008857 -1.363636
v 2.272727 -0.206342 -1.666667
v 2.272727 -0.433788 -1.969697
v 2.272727 -0.659320 -2.272727
v 2.272727 -0.551183 -2.575758
v 2.272727 -0.456705 -2.878788
v 2.272727 -0.377586 -3.181818
v 2.272727 -0.169981 -3.484848
v 2.272727 -0.104763 -3.787879
v 2.272727 -0.057177 -4.090909
v 2.272727 -0.017639 -4.393939
v 2.272727 -0.003915 -4.696970
v 2.272727 0.000000 -5.000000
v 2.575758 0.000000 5.000000
v 2.575758 0.035958 4.696970
v 2.575758 0.169218 4.393939
v 2.575758 0.338863 4.090909
v 2.575758 0.598679 3.787879
v 2.575758 0.833086 3.484848
v 2.575758 1.066235 3.181818
v 2.575758 1.047233 2.878788
v 2.575758 1.042584 2.575758
v 2.575758 1.155139 2.272727
v 2.575758 1.323495 1.969697
v 2.575758 1.632807 1.666667
v 2.575758 1.620112 1.363636
v 2.575758 1.288111 1.060606
v 2.575758 1.021379 0.757576
v 2.575758 0.947944 0.454545
v 2.575758 0.923649 0.151515
v 2.575758 0.882663 -0.151515
v 2.575758 0.751775 -0.454545
v 2.575758 0.611021 -0.757576
v 2.575758 0.445527 -1.060606
v 2.575758 0.351083 -1.363636
v 2.575758 0.076062 -1.666667
v 2.575758 -0.039844 -1.969697
v 2.575758 -0.436782 -2.272727
v 2.575758 -0.495293 -2.575758
v 2.575758 -0.379878 -2.878788
v 2.575758 -0.309263 -3.181818
v 2.575758 -0.187753 -3.484848
v 2.575758 -0.103211 -3.787879
v 2.575758 -0.059973 -4.090909
v 2.575758 -0.021934 -4.393939
v 2.575758 -0.005348 -4.696970
v 2.575758 0.000000 -5.000000
v 2.878788 0.000000 5.000000
v 2.878788 0.019441 4.696970
v 2.878788 0.135693 4.393939
v 2.878788 0.331894 4.090909
v 2.878788 0.562587 3.787879
v 2.878788 0.824974 3.484848
v 2.878788 1.060875 3.181818
v 2.878788 1.077177 2.878788
v 2.878788 1.133642 2.575758
v 2.878788 1.372703 2.272727
v 2.878788 1.539183 1.969697
v 2.878788 1.676752 1.666667
v 2.878788 1.655265 1.363636
v 2.878788 1.303428 1.060606
v 2.878788 1.070110 0.757576
v 2.878788 0.955160 0.454545
v 2.878788 1.029827 0.151515
v 2.878788 1.025171 -0.151515
v 2.878788 0.896087 -0.454545
v 2.878788 0.673621 -0.757576
v 2.878788 0.677555 -1.060606
v 2.878788 0.351547 -1.363636
v 2.878788 0.150299 -1.666667
v 2.878788 -0.056269 -1.969697
v 2.878788 -0.248391 -2.272727
v 2.878788 -0.348014 -2.575758
v 2.878788 -0.250278 -2.878788
v 2.878788 -0.263609 -3.181818
v 2.878788 -0.065790 -3.484848
v 2.878788 -0.103626 -3.787879
v 2.878788 -0.088726 -4.090909
v 2.878788 -0.040725 -4.393939
v 2.878788 -0.004560 -4.696970
v 2.878788 0.000000 -5.000000
v 3.181818 0.000000 5.000000
v 3.181818 0.006090 4.696970
v 3.181818 0.105115 4.393939
v 3.181818 0.297707 4.090909
v 3.181818 0.505028 3.787879
v 3.181818 0.770658 3.484848
v 3.181818 1.083162 3.181818
v 3.181818 1.162630 2.878788
v 3.181818 1.362511 2.575758
v 3.181818 1.542710 2.272727
v 3.181818 1.604238 1.969697
v 3.181818 1.517347 1.666667
v 3.181818 1.381308 1.363636
v 3.181818 1.259095 1.060606
v 3.181818 1.072204 0.757576
v 3.181818 0.985515 0.454545
v 3.181818 0.903071 0.151515
v 3.181818 0.934792 -0.151515
v 3.181818 0.874395 -0.454545
v 3.181818 0.557042 -0.757576
v 3.181818 0.436778 -1.060606
v 3.181818 0.275499 -1.363636
v 3.181818 0.028927 -1.666667
v 3.181818 -0.073019 -1.969697
v 3.181818 -0.194666 -2.272727
v 3.181818 -0.132300 -2.575758
v 3.181818 -0.119950 -2.878788
v 3.181818 -0.074792 -3.181818
v 3.181818 -0.035680 -3.484848
v 3.181818 -0.088367 -3.787879
v 3.181818 -0.101860 -4.090909
v 3.181818 -0.031736 -4.393939
v 3.181818 -0.001464 -4.696970
v 3.181818 0.000000 -5.000000
v 3.484848 0.000000 5.000000
v 3.484848 0.000000 4.696970
v 3.484848 0.052963 4.393939
v 3.484848 0.195904 4.090909
v 3.484848 0.417690 3.787879
v 3.484848 0.731887 3.484848
v 3.484848 0.963495 3.181818
v 3.484848 1.182633 2.878788
v 3.484848 1.189072 2.575758
v 3.484848 1.250550 2.272727
v 3.484848 1.290246 1.969697
v 3.484848 1.204634 1.666667
v 3.484848 1.033708 1.363636
v 3.484848 1.002557 1.060606
v 3.484848 0.915347 0.757576
v 3.484848 0.824851 0.454545
v 3.484848 0.707529 0.151515
v 3.484848 0.688461 -0.151515
v 3.484848 0.613522 -0.454545
v 3.484848 0.514498 -0.757576
v 3.484848 0.352401 -1.060606
v 3.484848 0.226648 -1.363636
v 3.484848 0.051212 -1.666667
v 3.484848 -0.116179 -1.969697
v 3.484848 -0.147423 -2.272727
v 3.484848 -0.120027 -2.575758
v 3.484848 -0.111121 -2.878788
v 3.484848 -0.089596 -3.181818
v 3.484848 -0.079765 -3.484848
v 3.484848 -0.095875 -3.787879
v 3.484848 -0.074795 -4.090909
v 3.484848 -0.016382 -4.393939
v 3.484848 0.000000 -4.696970
v 3.484848 0.000000 -5.000000
v 3.787879 0.000000 5.000000
v 3.787879 0.000000 4.696970
v 3.787879 0.011358 4.393939
v 3.787879 0.100140 4.090909
v 3.787879 0.261564 3.787879
v 3.787879 0.482200 3.484848
v 3.787879 0.714068 3.181818
v 3.787879 0.872812 2.878788
v 3.787879 0.949253 2.575758
v 3.787879 0.964442 2.272727
v 3.787879 0.892146 1.969697
v 3.787879 0.766076 1.666667
v 3.787879 0.763135 1.363636
v 3.787879 0.759090 1.060606
v 3.787879 0.665226 0.757576
v 3.787879 0.599469 0.454545
v 3.787879 0.509271 0.151515
v 3.787879 0.408535 -0.151515
v 3.787879 0.267804 -0.454545
v 3.787879 0.202681 -0.757576
v 3.787879 0.118826 -1.060606
v 3.787879 0.056520 -1.363636
v 3.787879 -0.033115 -1.666667
v 3.787879 -0.051563 -1.969697
v 3.787879 -0.104212 -2.272727
v 3.787879 -0.158728 -2.575758
v 3.787879 -0.173026 -2.878788
v 3.787879 -0.132042 -3.181818
v 3.787879 -0.070702 -3.484848
v 3.787879 -0.069006 -3.787879
v 3.787879 -0.039213 -4.090909
v 3.787879 -0.003721 -4.393939
v 3.787879 0.000000 -4.696970
v 3.787879 0.000000 -5.000000
v 4.090909 0.000000 5.000000
v 4.090909 0.000000 4.696970
v 4.090909 0.000000 4.393939
v 4.090909 0.021291 4.090909
v 4.090909 0.105424 3.787879
v 4.090909 0.235479 3.484848
v 4.090909 0.387175 3.181818
v 4.090909 0.522280 2.878788
v 4.090909 0.567638 2.575758
v 4.090909 0.600943 2.272727
v 4.090909 0.544076 1.969697
v 4.090909 0.486895 1.666667
v 4.090909 0.480557 1.363636
v 4.090909 0.495386 1.060606
v 4.090909 0.448454 0.757576
v 4.090909 0.421366 0.454545
v 4.090909 0.352608 0.151515
v 4.090909 0.246692 -0.151515
v 4.090909 0.140206 -0.454545
v 4.090909 0.027411 -0.757576
v 4.090909 -0.052058 -1.060606
v 4.090909 -0.040506 -1.363636
v 4.090909 -0.082816 -1.666667
v 4.090909 -0.132692 -1.969697
v 4.090909 -0.103322 -2.272727
v 4.090909 -0.159136 -2.575758
v 4.090909 -0.153308 -2.878788
v 4.090909 -0.101677 -3.181818
v 4.090909 -0.046299 -3.484848
v 4.090909 -0.029510 -3.787879
v 4.090909 -0.006320 -4.090909
v 4.090909 0.000000 -4.393939
v 4.090909 0.000000 -4.696970
v 4.090909 0.000000 -5.000000
v 4.393939 0.000000 5.000000
v 4.393939 0.000000 4.696970
v 4.393939 0.000000 4.393939
v 4.393939 0.000000 4.090909
v 4.393939 0.010373 3.787879
v 4.393939 0.059168 3.484848
v 4.393939 0.129974 3.181818
v 4.393939 0.196099 2.878788
v 4.393939 0.244185 2.575758
v 4.393939 0.262064 2.272727
v 4.393939 0.275212 1.969697
v 4.393939 0.232123 1.666667
v 4.393939 0.226685 1.363636
v 4.393939 0.231861 1.060606
v 4.393939 0.239884 0.757576
v 4.393939 0.181404 0.454545
v 4.393939 0.163877 0.151515
v 4.393939 0.110110 -0.151515
v 4.393939 0.023691 -0.454545
v 4.393939 -0.006286 -0.757576
v 4.393939 -0.055592 -1.060606
v 4.393939 -0.090331 -1.363636
v 4.393939 -0.111262 -1.666667
v 4.393939 -0.091991 -1.969697
v 4.393939 -0.079424 -2.272727
v 4.393939 -0.077659 -2.575758
v 4.393939 -0.069479 -2.878788
v 4.393939 -0.039120 -3.181818
v 4.393939 -0.015467 -3.484848
v 4.393939 -0.002395 -3.787879
v 4.393939 0.000000 -4.090909
v 4.393939 0.000000 -4.393939
v 4.393939 0.000000 -4.696970
v 4.393939 0.000000 -5.000000
v 4.696970 0.000000 5.000000
v 4.696970 0.000000 4.696970
v 4.696970 0.000000 4.393939
v 4.696970 0.000000 4.090909
v 4.696970 0.000000 3.787879
v 4.696970 0.000000 3.484848
v 4.696970 0.006998 3.181818
v 4.696970 0.026205 2.878788
v 4.696970 0.050018 2.575758
v 4.696970 0.061252 2.272727
v 4.696970 0.068339 1.969697
v 4.696970 0.062015 1.666667
v 4.696970 0.059970 1.363636
v 4.696970 0.062450 1.060606
v 4.696970 0.060084 0.757576
v 4.696970 0.047476 0.454545
v 4.696970 0.040079 0.151515
v 4.696970 0.024791 -0.151515
v 4.696970 0.008290 -0.454545
v 4.696970 -0.008044 -0.757576
v 4.696970 -0.021385 -1.060606
v 4.696970 -0.030654 -1.363636
v 4.696970 -0.036112 -1.666667
v 4.696970 -0.029836 -1.969697
v 4.696970 -0.019648 -2.272727
v 4.696970 -0.016166 -2.575758
v 4.696970 -0.010006 -2.878788
v 4.696970 -0.002293 -3.181818
v 4.696970 0.000000 -3.484848
v 4.696970 0.000000 -3.787879
v 4.696970 0.000000 -4.090909
v 4.696970 0.000000 -4.393939
v 4.696970 0.000000 -4.696970
v 4.696970 0.000000 -5.000000
v 5.000000 0.000000 5.000000
v 5.000000 0.000000 4.696970
v 5.000000 0.000000 4.393939
v 5.000000 0.000000 4.090909
v 5.000000 0.000000 3.787879
v 5.000000 0.000000 3.484848
v 5.000000 0.000000 3.181818
v 5.000000 0.000000 2.878788
v 5.000000 0.000000 2.575758
v 5.000000 0.000000 2.272727
v 5.000000 0.000000 1.969697
v 5.000000 0.000000 1.666667
v 5.000000 0.000000 1.363636
v 5.000000 0.000000 1.060606
v 5.000000 0.000000 0.757576
v 5.000000 0.000000 0.454545
v 5.000000 0.000000 0.151515
v 5.000000 0.000000 -0.151515
v 5.000000 0.000000 -0.454545
v 5.000000 0.000000 -0.757576
v 5.000000 0.000000 -1.060606
v 5.000000 0.000000 -1.363636
v 5.000000 0.000000 -1.666667
v 5.000000 0.000000 -1.969697
v 5.000000 0.000000 -2.272727
v 5.000000 0.000000 -2.575758
v 5.000000 0.000000 -2.878788
v 5.000000 0.000000 -3.181818
v 5.000000 0.000000 -3.484848
v 5.000000 0.000000 -3.787879
v 5.000000 0.000000 -4.090909
v 5.000000 0.000000 -4.393939
v 5.000000 0.000000 -4.696970
v 5.000000 0.000000 -5.000000
s 1
f 2 1 35 36
f 3 2 36 37
f 4 3 37 38
f 5 4 38 39
f 6 5 39 40
f 7 6 40 41
f 8 7 41 42
f 9 8 42 43
f 10 9 43 44
f 11 10 44 45
f 12 11 45 46
f 13 12 46 47
f 14 13 47 48
f 15 14 48 49
f 16 15 49 50
f 17 16 50 51
f 18 17 51 52
f 19 18 52 53
f 20 19 53 54
f 21 20 54 55
f 22 21 55 56
f 23 22 56 57
f 24 23 57 58
f 25 24 58 59
f 26 25 59 60
f 27 26 60 61
f 28 27 61 62
f 29 28 62 63
f 30 29 63 64
f 31 30 64 65
f 32 31 65 66
f 33 32 66 67
f 34 33 67 68
f 36 35 69 70
f 37 36 70 71
f 38 37 71 72
f 39 38 72 73
f 40 39 73 74
f 41 40 74 75
f 42 41 75 76
f 43 42 76 77
f 44 43 77 78
f 45 44 78 79
f 46 45 79 80
f 47 46 80 81
f 48 47 81 82
f 49 48 82 83
f 50 49 83 84
f 51 50 84 85
f 52 51 85 86
f 53 52 86 87
f 54 53 87 88
f 55 54 88 89
f 56 55 89 90
f 57 56 90 91
f 58 57 91 92
f 59 58 92 93
f 60 59 93 94
f 61 60 94 95
f 62 61 95 96
f 63 62 96 97
f 64 63 97 98
f 65 64 98 99
f 66 65 99 100
f 67 66 100 101
f 68 67 101 102
f 70 69 103 104
f 71 70 104 105
f 72 71 105 106
f 73 72 106 107
f 74 73 107 108
f 75 74 108 109
f 76 75 109 110
f 77 76 110 111
f 78 77 111 112
f 79 78 112 113
f 80 79 113 114
f 81 80 114 115
f 82 81 115 116
f 83 82 116 117
f 84 83 117 118
f 85 84 118 119
f 86 85 119 120
f 87 86 120 121
f 88 87 121 122
f 89 88 122 123
f 90 89 123 124
f 91 90 124 125
f 92 91 125 126
f 93 92 126 127
f 94 93 127 128
f 95 94 128 129
f 96 95 129 130
f 97 96 130 131
f 98 97 131 132
f 99 98 132 133
f 100 99 133 134
f 101 100 134 135
f 102 101 135 136
f 104 103 137 138
f 105 104 138 139
f 106 105 139 140
f 107 106 140 141
f 108 107 141 142
f 109 108 142 143
f 110 109 143 144
f 111 110 144 145
f 112 111 145 146
f 113 112 146 147
f 114 113 147 148
f 115 114 148 149
f 116 115 149 150
f 117 116 150 151
f 118 117 151 152
f 119 118 152 153
f 120 119 153 154
f 121 120 154 155
f 122 121 155 156
f 123 122 156 157
f 124 123 157 158
f 125 124 158 159
f 126 125 159 160
f 127 126 160 161
f 128 127 161 162
f 129 128 162 163
f 130 129 163 164
f 131 130 164 165
f 132 131 165 166
f 133 132 166 167
f 134 133 167 168
f 135 134 168 169
f 136 135 169 170
f 138 137 171 172
f 139 138 172 173
f 140 139 173 174
f 141 140 174 175
f 142 141 175 176
f 143 142 176 177
f 144 143 177 178
f 145 144 178 179
f 146 145 179 180
f 147 146 180 181
f 148 147 181 182
f 149 148 182 183
f 150 149 183 184
f 151 150 184 185
f 152 151 185 186
f 153 152 186 187
f 154 153 187 188
f 155 154 188 189
f 156 155 189 190
f 157 156 190 191
f 158 157 191 192
f 159 158 192 193
f 160 159 193 194
f 161 160 194 195
f 162 161 195 196
f 163 162 196 197
f 164 163 197 198
f 165 164 198 199
f 166 165 199 200
f 167 166 200 201
f 168 167 201 202
f 169 168 202 203
f 170 169 203 204
f 172 171 205 206
f 173 172 206 207
f 174 173 207 208
f 175 174 208 209
f 176 175 209 210
f 177 176 210 211
f 178 177 211 212
f 179 178 212 213
f 180 179 213 214
f 181 180 214 215
f 182 181 215 216
f 183 182 216 217
f 184 183 217 218
f 185 184 218 219
f 186 185 219 220
f 187 186 220 221
f 188 187 221 222
f 189 188 222 223
f 190 189 223 224
f 191 190 224 225
f 192 191 225 226
f 193 192 226 227
f 194 193 227 228
f 195 194 228 229
f 196 195 229 230
f 197 196 230 231
f 198 197 231 232
f 199 198 232 233
f 200 199 233 234
f 201 200 234 235
f 202 201 235 236
f 203 202 236 237
f 204 203 237 238
f 206 205 239 240
f 207 206 240 241
f 208 207 241 242
f 209 208 242 243
f 210 209 243 244
f 211 210 244 245
f 212 211 245 246
f 213 212 246 247
f 214 213 247 248
f 215 214 248 249
f 216 215 249 250
f 217 216 250 251
f 218 217 251 252
f 219 218 252 253
f 220 219 253 254
f 221 220 254 255
f 222 221 255 256
f 223 222 256 257
f 224 223 257 258
f 225 224 258 259
f 226 225 259 260
f 227 226 260 261
f 228 227 261 262
f 229 228 262 263
f 230 229 263 264
f 231 230 264 265
f 232 231 265 266
f 233 232 266 267
f 234 233 267 268
f 235 234 268 269
f 236 235 269 270
f 237 236 270 271
f 238 237 271 272
f 240 239 273 274
f 241 240 274 275
f 242 241 275 276
f 243 242 276 277
f 244 243 277 278
f 245 244 278 279
f 246 245 279 280
f 247 246 280 281
f 248 247 281 282
f 249 248 282 283
f 250 249 283 284
f 251 250 284 285
f 252 251 285 286
f 253 252 286 287
f 254 253 287 288
f 255 254 288 289
f 256 255 289 290
f 257 256 290 291
f 258 257 291 292
f 259 258 292 293
f 260 259 293 294
f 261 260 294 295
f 262 261 295 296
f 263 262 296 297
f 264 263 297 298
f 265 264 298 299
f 266 265 299 300
f 267 266 300 301
f 268 267 301 302
f 269 268 302 303
f 270 269 303 304
f 271 270 304 305
f 272 271 305 306
f 274 273 307 308
f 275 274 308 309
f 276 275 309 310
f 277 276 310 311
f 278 277 311 312
f 279 278 312 313
f 280 279 313 314
f 281 280 314 315
f 282 281 315 316
f 283 282 316 317
f 284 283 317 318
f 285 284 318 319
f 286 285 319 320
f 287 286 320 321
f 288 287 321 322
f 289 288 322 323
f 290 289 323 324
f 291 290 324 325
f 292 291 325 326
f 293 292 326 327
f 294 293 327 328
f 295 294 328 329
f 296 295 329 330
f 297 296 330 331
f 298 297 331 332
f 299 298 332 333
f 300 299 333 334
f 301 300 334 335
f 302 301 335 336
f 303 302 336 337
f 304 303 337 338
f 305 304 338 339
f 306 305 339 340
f 308 307 341 342
f 309 308 342 343
f 310 309 343 344
f 311 310 344 345
f 312 311 345 346
f 313 312 346 347
f 314 313 347 348
f 315 314 348 349
f 316 315 349 350
f 317 316 350 351
f 318 317 351 352
f 319 318 352 353
f 320 319 353 354
f 321 320 354 355
f 322 321 355 356
f 323 322 356 357
f 324 323 357 358
f 325 324 358 359
f 326 325 359 360
f 327 326 360 361
f 328 327 361 362
f 329 328 362 363
f 330 329 363 364
f 331 330 364 365
f 332 331 365 366
f 333 332 366 367
f 334 333 367 368
f 335 334 368 369
f 336 335 369 370
f 337 336 370 371
f 338 337 371 372
f 339 338 372 373
f 340 339 373 374
f 342 341 375 376
f 343 342 376 377
f 344 343 377 378
f 345 344 378 379
f 346 345 379 380
f 347 346 380 381
f 348 347 381 382
f 349 348 382 383
f 350 349 383 384
f 351 350 384 385
f 352 351 385 386
f 353 352 386 387
f 354 353 387 388
f 355 354 388 389
f 356 355 389 390
f 357 356 390 391
f 358 357 391 392
f 359 358 392 393
f 360 359 393 394
f 361 360 394 395
f 362 361 395 396
f 363 362 396 397
f 364 363 397 398
f 365 364 398 399
f 366 365 399 400
f 367 366 400 401
f 368 367 401 402
f 369 368 402 403
f 370 369 403 404
f 371 370 404 405
f 372 371 405 406
f 373 372 406 407
f 374 373 407 408
f 376 375 409 410
f 377 376 410 411
f 378 377 411 412
f 379 378 412 413
f 380 379 413 414
f 381 380 414 415
f 382 381 415 416
f 383 382 416 417
f 384 383 417 418
f 385 384 418 419
f 386 385 419 420
f 387 386 420 421
f 388 387 421 422
f 389 388 422 423
f 390 389 423 424
f 391 390 424 425
f 392 391 425 426
f 393 392 426 427
f 394 393 427 428
f 395 394 428 429
f 396 395 429 430
f 397 396 430 431
f 398 397 431 432
f 399 398 432 433
f 400 399 433 434
f 401 400 434 435
f 402 401 435 436
f 403 402 436 437
f 404 403 437 438
f 405 404 438 439
f 406 405 439 440
f 407 406 440 441
f 408 407 441 442
f 410 409 443 444
f 411 410 444 445
f 412 411 445 446
f 413 412 446 447
f 414 413 447 448
f 415 414 448 449
f 416 415 449 450
f 417 416 450 451
f 418 417 451 452
f 419 418 452 453
f 420 419 453 454
f 421 420 454 455
f 422 421 455 456
f 423 422 456 457
f 424 423 457 458
f 425 424 458 459
f 426 425 459 460
f 427 426 460 461
f 428 427 461 462
f 429 428 462 463
f 430 429 463 464
f 431 430 464 465
f 432 431 465 466
f 433 432 466 467
f 434 433 467 468
f 435 434 468 469
f 436 435 469 470
f 437 436 470 471
f 438 437 471 472
f 439 438 472 473
f 440 439 473 474
f 441 440 474 475
f 442 441 475 476
f 444 443 477 478
f 445 444 478 479
f 446 445 479 480
f 447 446 480 481
f 448 447 481 482
f 449 448 482 483
f 450 449 483 484
f 451 450 484 485
f 452 451 485 486
f 453 452 486 487
f 454 453 487 488
f 455 454 488 489
f 456 455 489 490
f 457 456 490 491
f 458 457 491 492
f 459 458 492 493
f 460 459 493 494
f 461 460 494 495
f 462 461 495 496
f 463 462 496 497
f 464 463 497 498
f 465 464 498 499
f 466 465 499 500
f 467 466 500 501
f 468 467 501 502
f 469 468 502 503
f 470 469 503 504
f 471 470 504 505
f 472 471 505 506
f 473 472 506 507
f 474 473 507 508
f 475 474 508 509
f 476 475 509 510
f 478 477 511 512
f 479 478 512 513
f 480 479 513 514
f 481 480 514 515
f 482 481 515 516
f 483 482 516 517
f 484 483 517 518
f 485 484 518 519
f 486 485 519 520
f 487 486 520 521
f 488 487 521 522
f 489 488 522 523
f 490 489 523 524
f 491 490 524 525
f 492 491 525 526
f 493 492 526 527
f 494 493 527 528
f 495 494 528 529
f 496 495 529 530
f 497 496 530 531
f 498 497 531 532
f 499 498 532 533
f 500 499 533 534
f 501 500 534 535
f 502 501 535 536
f 503 502 536 537
f 504 503 537 538
f 505 504 538 539
f 506 505 539 540
f 507 506 540 541
f 508 507 541 542
f 509 508 542 543
f 510 509 543 544
f 512 511 545 546
f 513 512 546 547
f 514 513 547 548
f 515 514 548 549
f 516 515 549 550
f 517 516 550 551
f 518 517 551 552
f 519 518 552 553
f 520 519 553 554
f 521 520 554 555
f 522 521 555 556
f 523 522 556 557
f 524 523 557 558
f 525 524 558 559
f 526 525 559 560
f 527 526 560 561
f 528 527 561 562
f 529 528 562 563
f 530 529 563 564
f 531 530 564 565
f 532 531 565 566
f 533 532 566 567
f 534 533 567 568
f 535 534 568 569
f 536 535 569 570
f 537 536 570 571
f 538 537 571 572
f 539 538 572 573
f 540 539 573 574
f 541 540 574 575
f 542 541 575 576
f 543 542 576 577
f 544 543 577 578
f 546 545 579 580
f 547 546 580 581
f 548 547 581 582
f 549 548 582 583
f 550 549 583 584
f 551 550 584 585
f 552 551 585 586
f 553 552 586 587
f 554 553 587 588
f 555 554 588 589
f 556 555 589 590
f 557 556 590 591
f 558 557 591 592
f 559 558 592 593
f 560 559 593 594
f 561 560 594 595
f 562 561 595 596
f 563 562 596 597
f 564 563 597 598
f 565 564 598 599
f 566 565 599 600
f 567 566 600 601
f 568 567 601 602
f 569 568 602 603
f 570 569 603 604
f 571 570 604 605
f 572 571 605 606
f 573 572 606 607
f 574 573 607 608
f 575 574 608 609
f 576 575 609 610
f 577 576 610 611
f 578 577 611 612
f 580 579 613 614
f 581 580 614 615
f 582 581 615 616
f 583 582 616 617
f 584 583 617 618
f 585 584 618 619
f 586 585 619 620
f 587 586 620 621
f 588 587 621 622
f 589 588 622 623
f 590 589 623 624
f 591 590 624 625
f 592 591 625 626
f 593 592 626 627
f 594 593 627 628
f 595 594 628 629
f 596 595 629 630
f 597 596 630 631
f 598 597 631 632
f 599 598 632 633
f 600 599 633 634
f 601 600 634 635
f 602 601 635 636
f 603 602 636 637
f 604 603 637 638
f 605 604 638 639
f 606 605 639 640
f 607 606 640 641
f 608 607 641 642
f 609 608 642 643
f 610 609 643 644
f 611 610 644 645
f 612 611 645 646
f 614 613 647 648
f 615 614 648 649
f 616 615 649 650
f 617 616 650 651
f 618 617 651 652
f 619 618 652 653
f 620 619 653 654
f 621 620 654 655
f 622 621 655 656
f 623 622 656 657
f 624 623 657 658
f 625 624 658 659
f 626 625 659 660
f 627 626 660 661
f 628 627 661 662
f 629 628 662 663
f 630 629 663 664
f 631 630 664 665
f 632 631 665 666
f 633 632 666 667
f 634 633 667 668
f 635 634 668 669
f 636 635 669 670
f 637 636 670 671
f 638 637 671 672
f 639 638 672 673
f 640 639 673 674
f 641 640 674 675
f 642 641 675 676
f 643 642 676 677
f 644 643 677 678
f 645 644 678 679
f 646 645 679 680
f 648 647 681 682
f 649 648 682 683
f 650 649 683 684
f 651 650 684 685
f 652 651 685 686
f 653 652 686 687
f 654 653 687 688
f 655 654 688 689
f 656 655 689 690
f 657 656 690 691
f 658 657 691 692
f 659 658 692 693
f 660 659 693 694
f 661 660 694 695
f 662 661 695 696
f 663 662 696 697
f 664 663 697 698
f 665 664 698 699
f 666 665 699 700
f 667 666 700 701
f 668 667 701 702
f 669 668 702 703
f 670 669 703 704
f 671 670 704 705
f 672 671 705 706
f 673 672 706 707
f 674 673 707 708
f 675 674 708 709
f 676 675 709 710
f 677 676 710 711
f 678 677 711 712
f 679 678 712 713
f 680 679 713 714
f 682 681 715 716
f 683 682 716 717
f 684 683 717 718
f 685 684 718 719
f 686 685 719 720
f 687 686 720 721
f 688 687 721 722
f 689 688 722 723
f 690 689 723 724
f 691 690 724 725
f 692 691 725 726
f 693 692 726 727
f 694 693 727 728
f 695 694 728 729
f 696 695 729 730
f 697 696 730 731
f 698 697 731 732
f 699 698 732 733
f 700 699 733 734
f 701 700 734 735
f 702 701 735 736
f 703 702 736 737
f 704 703 737 738
f 705 704 738 739
f 706 705 739 740
f 707 706 740 741
f 708 707 741 742
f 709 708 742 743
f 710 709 743 744
f 711 710 744 745
f 712 711 745 746
f 713 712 746 747
f 714 713 747 748
f 716 715 749 750
f 717 716 750 751
f 718 717 751 752
f 719 718 752 753
f 720 719 753 754
f 721 720 754 755
f 722 721 755 756
f 723 722 756 757
f 724 723 757 758
f 725 724 758 759
f 726 725 759 760
f 727 726 760 761
f 728 727 761 762
f 729 728 762 763
f 730 729 763 764
f 731 730 764 765
f 732 731 765 766
f 733 732 766 767
f 734 733 767 768
f 735 734 768 769
f 736 735 769 770
f 737 736 770 771
f 738 737 771 772
f 739 738 772 773
f 740 739 773 774
f 741 740 774 775
f 742 741 775 776
f 743 742 776 777
f 744 743 777 778
f 745 744 778 779
f 746 745 779 780
f 747 746 780 781
f 748 747 781 782
f 750 749 783 784
f 751 750 784 785
f 752 751 785 786
f 753 752 786 787
f 754 753 787 788
f 755 754 788 789
f 756 755 789 790
f 757 756 790 791
f 758 757 791 792
f 759 758 792 793
f 760 759 793 794
f 761 760 794 795
f 762 761 795 796
f 763 762 796 797
f 764 763 797 798
f 765 764 798 799
f 766 765 799 800
f 767 766 800 801
f 768 767 801 802
f 769 768 802 803
f 770 769 803 804
f 771 770 804 805
f 772 771 805 806
f 773 772 806 807
f 774 773 807 808
f 775 774 808 809
f 776 775 809 810
f 777 776 810 811
f 778 777 811 812
f 779 778 812 813
f 780 779 813 814
f 781 780 814 815
f 782 781 815 816
f 784 783 817 818
f 785 784 818 819
f 786 785 819 820
f 787 786 820 821
f 788 787 821 822
f 789 788 822 823
f 790 789 823 824
f 791 790 824 825
f 792 791 825 826
f 793 792 826 827
f 794 793 827 828
f 795 794 828 829
f 796 795 829 830
f 797 796 830 831
f 798 797 831 832
f 799 798 832 833
f 800 799 833 834
f 801 800 834 835
f 802 801 835 836
f 803 802 836 837
f 804 803 837 838
f 805 804 838 839
f 806 805 839 840
f 807 806 840 841
f 808 807 841 842
f 809 808 842 843
f 810 809 843 844
f 811 810 844 845
f 812 811 845 846
f 813 812 846 847
f 814 813 847 848
f 815 814 848 849
f 816 815 849 850
f 818 817 851 852
f 819 818 852 853
f 820 819 853 854
f 821 820 854 855
f 822 821 855 856
f 823 822 856 857
f 824 823 857 858
f 825 824 858 859
f 826 825 859 860
f 827 826 860 861
f 828 827 861 862
f 829 828 862 863
f 830 829 863 864
f 831 830 864 865
f 832 831 865 866
f 833 832 866 867
f 834 833 867 868
f 835 834 868 869
f 836 835 869 870
f 837 836 870 871
f 838 837 871 872
f 839 838 872 873
f 840 839 873 874
f 841 840 874 875
f 842 841 875 876
f 843 842 876 877
f 844 843 877 878
f 845 844 878 879
f 846 845 879 880
f 847 846 880 881
f 848 847 881 882
f 849 848 882 883
f 850 849 883 884
f 852 851 885 886
f 853 852 886 887
f 854 853 887 888
f 855 854 888 889
f 856 855 889 890
f 857 856 890 891
f 858 857 891 892
f 859 858 892 893
f 860 859 893 894
f 861 860 894 895
f 862 861 895 896
f 863 862 896 897
f 864 863 897 898
f 865 864 898 899
f 866 865 899 900
f 867 866 900 901
f 868 867 901 902
f 869 868 902 903
f 870 869 903 904
f 871 870 904 905
f 872 871 905 906
f 873 872 906 907
f 874 873 907 908
f 875 874 908 909
f 876 875 909 910
f 877 876 910 911
f 878 877 911 912
f 879 878 912 913
f 880 879 913 914
f 881 880 914 915
f 882 881 915 916
f 883 882 916 917
f 884 883 917 918
f 886 885 919 920
f 887 886 920 921
f 888 887 921 922
f 889 888 922 923
f 890 889 923 924
f 891 890 924 925
f 892 891 925 926
f 893 892 926 927
f 894 893 927 928
f 895 894 928 929
f 896 895 929 930
f 897 896 930 931
f 898 897 931 932
f 899 898 932 933
f 900 899 933 934
f 901 900 934 935
f 902 901 935 936
f 903 902 936 937
f 904 903 937 938
f 905 904 938 939
f 906 905 939 940
f 907 906 940 941
f 908 907 941 942
f 909 908 942 943
f 910 909 943 944
f 911 910 944 945
f 912 911 945 946
f 913 912 946 947
f 914 913 947 948
f 915 914 948 949
f 916 915 949 950
f 917 916 950 951
f 918 917 951 952
f 920 919 953 954
f 921 920 954 955
f 922 921 955 956
f 923 922 956 957
f 924 923 957 958
f 925 924 958 959
f 926 925 959 960
f 927 926 960 961
f 928 927 961 962
f 929 928 962 963
f 930 929 963 964
f 931 930 964 965
f 932 931 965 966
f 933 932 966 967
f 934 933 967 968
f 935 934 968 969
f 936 935 969 970
f 937 936 970 971
f 938 937 971 972
f 939 938 972 973
f 940 939 973 974
f 941 940 974 975
f 942 941 975 976
f 943 942 976 977
f 944 943 977 978
f 945 944 978 979
f 946 945 979 980
f 947 946 980 981
f 948 947 981 982
f 949 948 982 983
f 950 949 983 984
f 951 950 984 985
f 952 951 985 986
f 954 953 987 988
f 955 954 988 989
f 956 955 989 990
f 957 956 990 991
f 958 957 991 992
f 959 958 992 993
f 960 959 993 994
f 961 960 994 995
f 962 961 995 996
f 963 962 996 997
f 964 963 997 998
f 965 964 998 999
f 966 965 999 1000
f 967 966 1000 1001
f 968 967 1001 1002
f 969 968 1002 1003
f 970 969 1003 1004
f 971 970 1004 1005
f 972 971 1005 1006
f 973 972 1006 1007
f 974 973 1007 1008
f 975 974 1008 1009
f 976 975 1009 1010
f 977 976 1010 1011
f 978 977 1011 1012
f 979 978 1012 1013
f 980 979 1013 1014
f 981 980 1014 1015
f 982 981 1015 1016
f 983 982 1016 1017
f 984 983 1017 1018
f 985 984 1018 1019
f 986 985 1019 1020
f 988 987 1021 1022
f 989 988 1022 1023
f 990 989 1023 1024
f 991 990 1024 1025
f 992 991 1025 1026
f 993 992 1026 1027
f 994 993 1027 1028
f 995 994 1028 1029
f 996 995 1029 1030
f 997 996 1030 1031
f 998 997 1031 1032
f 999 998 1032 1033
f 1000 999 1033 1034
f 1001 1000 1034 1035
f 1002 1001 1035 1036
f 1003 1002 1036 1037
f 1004 1003 1037 1038
f 1005 1004 1038 1039
f 1006 1005 1039 1040
f 1007 1006 1040 1041
f 1008 1007 1041 1042
f 1009 1008 1042 1043
f 1010 1009 1043 1044
f 1011 1010 1044 1045
f 1012 1011 1045 1046
f 1013 1012 1046 1047
f 1014 1013 1047 1048
f 1015 1014 1048 1049
f 1016 1015 1049 1050
f 1017 1016 1050 1051
f 1018 1017 1051 1052
f 1019 1018 1052 1053
f 1020 1019 1053 1054
f 1022 1021 1055 1056
f 1023 1022 1056 1057
f 1024 1023 1057 1058
f 1025 1024 1058 1059
f 1026 1025 1059 1060
f 1027 1026 1060 1061
f 1028 1027 1061 1062
f 1029 1028 1062 1063
f 1030 1029 1063 1064
f 1031 1030 1064 1065
f 1032 1031 1065 1066
f 1033 1032 1066 1067
f 1034 1033 1067 1068
f 1035 1034 1068 1069
f 1036 1035 1069 1070
f 1037 1036 1070 1071
f 1038 1037 1071 1072
f 1039 1038 1072 1073
f 1040 1039 1073 1074
f 1041 1040 1074 1075
f 1042 1041 1075 1076
f 1043 1042 1076 1077
f 1044 1043 1077 1078
f 1045 1044 1078 1079
f 1046 1045 1079 1080
f 1047 1046 1080 1081
f 1048 1047 1081 1082
f 1049 1048 1082 1083
f 1050 1049 1083 1084
f 1051 1050 1084 1085
f 1052 1051 1085 1086
f 1053 1052 1086 1087
f 1054 1053 1087 1088
f 1056 1055 1089 1090
f 1057 1056 1090 1091
f 1058 1057 1091 1092
f 1059 1058 1092 1093
f 1060 1059 1093 1094
f 1061 1060 1094 1095
f 1062 1061 1095 1096
f 1063 1062 1096 1097
f 1064 1063 1097 1098
f 1065 1064 1098 1099
f 1066 1065 1099 1100
f 1067 1066 1100 1101
f 1068 1067 1101 1102
f 1069 1068 1102 1103
f 1070 1069 1103 1104
f 1071 1070 1104 1105
f 1072 1071 1105 1106
f 1073 1072 1106 1107
f 1074 1073 1107 1108
f 1075 1074 1108 1109
f 1076 1075 1109 1110
f 1077 1076 1110 1111
f 1078 1077 1111 1112
f 1079 1078 1112 1113
f 1080 1079 1113 1114
f 1081 1080 1114 1115
f 1082 1081 1115 1116
f 1083 1082 1116 1117
f 1084 1083 1117 1118
f 1085 1084 1118 1119
f 1086 1085 1119 1120
f 1087 1086 1120 1121
f 1088 1087 1121 1122
f 1090 1089 1123 1124
f 1091 1090 1124 1125
f 1092 1091 1125 1126
f 1093 1092 1126 1127
f 1094 1093 1127 1128
f 1095 1094 1128 1129
f 1096 1095 1129 1130
f 1097 1096 1130 1131
f 1098 1097 1131 1132
f 1099 1098 1132 1133
f 1100 1099 1133 1134
f 1101 1100 1134 1135
f 1102 1101 1135 1136
f 1103 1102 1136 1137
f 1104 1103 1137 1138
f 1105 1104 1138 1139
f 1106 1105 1139 1140
f 1107 1106 1140 1141
f 1108 1107 1141 1142
f 1109 1108 1142 1143
f 1110 1109 1143 1144
f 1111 1110 1144 1145
f 1112 1111 1145 1146
f 1113 1112 1146 1147
f 1114 1113 1147 1148
f 1115 1114 1148 1149
f 1116 1115 1149 1150
f 1117 1116 1150 1151
f 1118 1117 1151 1152
f 1119 1118 1152 1153
f 1120 1119 1153 1154
f 1121 1120 1154 1155
f 1122 1121 1155 1156
