# Blender v2.79 (sub 0) OBJ File: ''
# www.blender.org
v -5.000000 0.000000 5.000000
v -5.000000 0.000000 4.655172
v -5.000000 0.000000 4.310345
v -5.000000 0.000000 3.965517
v -5.000000 0.000000 3.620689
v -5.000000 0.000000 3.275862
v -5.000000 0.000000 2.931035
v -5.000000 0.000000 2.586207
v -5.000000 0.000000 2.241379
v -5.000000 0.000000 1.896552
v -5.000000 0.000000 1.551724
v -5.000000 0.000000 1.206897
v -5.000000 0.000000 0.862069
v -5.000000 0.000000 0.517241
v -5.000000 0.000000 0.172414
v -5.000000 0.000000 -0.172414
v -5.000000 0.000000 -0.517241
v -5.000000 0.000000 -0.862069
v -5.000000 0.000000 -1.206897
v -5.000000 0.000000 -1.551724
v -5.000000 0.000000 -1.896552
v -5.000000 0.000000 -2.241379
v -5.000000 0.000000 -2.586207
v -5.000000 0.000000 -2.931035
v -5.000000 0.000000 -3.275862
v -5.000000 0.000000 -3.620689
v -5.000000 0.000000 -3.965517
v -5.000000 0.000000 -4.310345
v -5.000000 0.000000 -4.655172
v -5.000000 0.000000 -5.000000
v -4.655172 0.000000 5.000000
v -4.655172 0.000000 4.655172
v -4.655172 0.000000 4.310345
v -4.655172 0.000000 3.965517
v -4.655172 0.000000 3.620689
v -4.655172 0.003557 3.275862
v -4.655172 0.023119 2.931035
v -4.655172 0.041819 2.586207
v -4.655172 0.067571 2.241379
v -4.655172 0.085227 1.896552
v -4.655172 0.090112 1.551724
v -4.655172 0.103416 1.206897
v -4.655172 0.114651 0.862069
v -4.655172 0.099386 0.517241
v -4.655172 0.087050 0.172414
v -4.655172 0.102443 -0.172414
v -4.655172 0.103577 -0.517241
v -4.655172 0.085070 -0.862069
v -4.655172 0.061014 -1.206897
v -4.655172 0.038117 -1.551724
v -4.655172 0.031134 -1.896552
v -4.655172 0.029565 -2.241379
v -4.655172 0.014513 -2.586207
v -4.655172 0.001460 -2.931035
v -4.655172 -0.000916 -3.275862
v -4.655172 0.000000 -3.620689
v -4.655172 0.000000 -3.965517
v -4.655172 0.000000 -4.310345
v -4.655172 0.000000 -4.655172
v -4.655172 0.000000 -5.000000
v -4.310345 0.000000 5.000000
v -4.310345 0.000000 4.655172
v -4.310345 0.000000 4.310345
v -4.310345 0.000812 3.965517
v -4.310345 0.014000 3.620689
v -4.310345 0.046956 3.275862
v -4.310345 0.115085 2.931035
v -4.310345 0.154755 2.586207
v -4.310345 0.203253 2.241379
v -4.310345 0.249648 1.896552
v -4.310345 0.311935 1.551724
v -4.310345 0.341479 1.206897
v -4.310345 0.387037 0.862069
v -4.310345 0.363322 0.517241
v -4.310345 0.361869 0.172414
v -4.310345 0.381891 -0.172414
v -4.310345 0.323351 -0.517241
v -4.310345 0.264042 -0.862069
v -4.310345 0.179022 -1.206897
v -4.310345 0.117448 -1.551724
v -4.310345 0.102274 -1.896552
v -4.310345 0.090562 -2.241379
v -4.310345 0.044267 -2.586207
v -4.310345 -0.002655 -2.931035
v -4.310345 -0.021333 -3.275862
v -4.310345 -0.013757 -3.620689
v -4.310345 -0.001543 -3.965517
v -4.310345 0.000000 -4.310345
v -4.310345 0.000000 -4.655172
v -4.310345 0.000000 -5.000000
v -3.965517 0.000000 5.000000
v -3.965517 0.000000 4.655172
v -3.965517 -0.000569 4.310345
v -3.965517 0.002773 3.965517
v -3.965517 0.008700 3.620689
v -3.965517 0.025198 3.275862
v -3.965517 0.111762 2.931035
v -3.965517 0.227194 2.586207
v -3.965517 0.334286 2.241379
v -3.965517 0.463115 1.896552
v -3.965517 0.548827 1.551724
v -3.965517 0.612381 1.206897
v -3.965517 0.678155 0.862069
v -3.965517 0.720666 0.517241
v -3.965517 0.708884 0.172414
v -3.965517 0.677071 -0.172414
v -3.965517 0.623268 -0.517241
v -3.965517 0.445430 -0.862069
v -3.965517 0.249393 -1.206897
v -3.965517 0.147437 -1.551724
v -3.965517 0.173176 -1.896552
v -3.965517 0.140738 -2.241379
v -3.965517 -0.002516 -2.586207
v -3.965517 -0.042131 -2.931035
v -3.965517 -0.079787 -3.275862
v -3.965517 -0.071086 -3.620689
v -3.965517 -0.033841 -3.965517
v -3.965517 -0.002428 -4.310345
v -3.965517 0.000000 -4.655172
v -3.965517 0.000000 -5.000000
v -3.620689 0.000000 5.000000
v -3.620689 0.000000 4.655172
v -3.620689 -0.008898 4.310345
v -3.620689 -0.025705 3.965517
v -3.620689 -0.037188 3.620689
v -3.620689 -0.019160 3.275862
v -3.620689 0.058766 2.931035
v -3.620689 0.232666 2.586207
v -3.620689 0.423679 2.241379
v -3.620689 0.589511 1.896552
v -3.620689 0.715569 1.551724
v -3.620689 0.864785 1.206897
v -3.620689 0.970832 0.862069
v -3.620689 1.003981 0.517241
v -3.620689 1.053791 0.172414
v -3.620689 1.042697 -0.172414
v -3.620689 0.885554 -0.517241
v -3.620689 0.632886 -0.862069
v -3.620689 0.345608 -1.206897
v -3.620689 0.180873 -1.551724
v -3.620689 0.147867 -1.896552
v -3.620689 0.063563 -2.241379
v -3.620689 -0.103776 -2.586207
v -3.620689 -0.124488 -2.931035
v -3.620689 -0.211290 -3.275862
v -3.620689 -0.196677 -3.620689
v -3.620689 -0.111064 -3.965517
v -3.620689 -0.031259 -4.310345
v -3.620689 0.000000 -4.655172
v -3.620689 0.000000 -5.000000
v -3.275862 0.000000 5.000000
v -3.275862 -0.002412 4.655172
v -3.275862 -0.027701 4.310345
v -3.275862 -0.083829 3.965517
v -3.275862 -0.131162 3.620689
v -3.275862 -0.175874 3.275862
v -3.275862 -0.088300 2.931035
v -3.275862 0.077864 2.586207
v -3.275862 0.232838 2.241379
v -3.275862 0.457474 1.896552
v -3.275862 0.703959 1.551724
v -3.275862 0.963979 1.206897
v -3.275862 1.093304 0.862069
v -3.275862 1.228215 0.517241
v -3.275862 1.442834 0.172414
v -3.275862 1.442219 -0.172414
v -3.275862 1.075035 -0.517241
v -3.275862 0.736720 -0.862069
v -3.275862 0.443814 -1.206897
v -3.275862 0.138427 -1.551724
v -3.275862 -0.025812 -1.896552
v -3.275862 -0.084705 -2.241379
v -3.275862 -0.209934 -2.586207
v -3.275862 -0.292613 -2.931035
v -3.275862 -0.373973 -3.275862
v -3.275862 -0.327145 -3.620689
v -3.275862 -0.220739 -3.965517
v -3.275862 -0.086430 -4.310345
v -3.275862 -0.005612 -4.655172
v -3.275862 0.000000 -5.000000
v -2.931035 0.000000 5.000000
v -2.931035 -0.013735 4.655172
v -2.931035 -0.095288 4.310345
v -2.931035 -0.196080 3.965517
v -2.931035 -0.343202 3.620689
v -2.931035 -0.413645 3.275862
v -2.931035 -0.422251 2.931035
v -2.931035 -0.092970 2.586207
v -2.931035 0.196476 2.241379
v -2.931035 0.402129 1.896552
v -2.931035 0.598297 1.551724
v -2.931035 0.822909 1.206897
v -2.931035 1.077619 0.862069
v -2.931035 1.469071 0.517241
v -2.931035 1.728761 0.172414
v -2.931035 1.525925 -0.172414
v -2.931035 1.053531 -0.517241
v -2.931035 0.669670 -0.862069
v -2.931035 0.229211 -1.206897
v -2.931035 0.008431 -1.551724
v -2.931035 -0.236449 -1.896552
v -2.931035 -0.388008 -2.241379
v -2.931035 -0.384116 -2.586207
v -2.931035 -0.411318 -2.931035
v -2.931035 -0.453759 -3.275862
v -2.931035 -0.367918 -3.620689
v -2.931035 -0.306297 -3.965517
v -2.931035 -0.146408 -4.310345
v -2.931035 -0.022888 -4.655172
v -2.931035 0.000000 -5.000000
v -2.586207 0.000000 5.000000
v -2.586207 -0.034685 4.655172
v -2.586207 -0.181296 4.310345
v -2.586207 -0.380341 3.965517
v -2.586207 -0.555392 3.620689
v -2.586207 -0.634993 3.275862
v -2.586207 -0.517901 2.931035
v -2.586207 -0.308331 2.586207
v -2.586207 -0.108445 2.241379
v -2.586207 0.019112 1.896552
v -2.586207 0.266827 1.551724
v -2.586207 0.553843 1.206897
v -2.586207 1.090424 0.862069
v -2.586207 1.809370 0.517241
v -2.586207 1.800150 0.172414
v -2.586207 1.379211 -0.172414
v -2.586207 0.930579 -0.517241
v -2.586207 0.650518 -0.862069
v -2.586207 0.220053 -1.206897
v -2.586207 -0.162396 -1.551724
v -2.586207 -0.443369 -1.896552
v -2.586207 -0.589006 -2.241379
v -2.586207 -0.545165 -2.586207
v -2.586207 -0.491076 -2.931035
v -2.586207 -0.472259 -3.275862
v -2.586207 -0.363554 -3.620689
v -2.586207 -0.253362 -3.965517
v -2.586207 -0.148341 -4.310345
v -2.586207 -0.040719 -4.655172
v -2.586207 0.000000 -5.000000
v -2.241379 0.000000 5.000000
v -2.241379 -0.056244 4.655172
v -2.241379 -0.210587 4.310345
v -2.241379 -0.416226 3.965517
v -2.241379 -0.548781 3.620689
v -2.241379 -0.680264 3.275862
v -2.241379 -0.495731 2.931035
v -2.241379 -0.268519 2.586207
v -2.241379 -0.236311 2.241379
v -2.241379 -0.041099 1.896552
v -2.241379 0.237174 1.551724
v -2.241379 0.656190 1.206897
v -2.241379 1.267936 0.862069
v -2.241379 1.929797 0.517241
v -2.241379 1.877334 0.172414
v -2.241379 1.564372 -0.172414
v -2.241379 1.034230 -0.517241
v -2.241379 0.652238 -0.862069
v -2.241379 0.091527 -1.206897
v -2.241379 -0.353148 -1.551724
v -2.241379 -0.469198 -1.896552
v -2.241379 -0.463096 -2.241379
v -2.241379 -0.403208 -2.586207
v -2.241379 -0.499242 -2.931035
v -2.241379 -0.359878 -3.275862
v -2.241379 -0.318501 -3.620689
v -2.241379 -0.263723 -3.965517
v -2.241379 -0.158970 -4.310345
v -2.241379 -0.044091 -4.655172
v -2.241379 0.000000 -5.000000
v -1.896552 0.000000 5.000000
v -1.896552 -0.051781 4.655172
v -1.896552 -0.199148 4.310345
v -1.896552 -0.408757 3.965517
v -1.896552 -0.415677 3.620689
v -1.896552 -0.478394 3.275862
v -1.896552 -0.386449 2.931035
v -1.896552 -0.326506 2.586207
v -1.896552 -0.264796 2.241379
v -1.896552 -0.174257 1.896552
v -1.896552 0.335358 1.551724
v -1.896552 0.955946 1.206897
v -1.896552 1.362915 0.862069
v -1.896552 1.497184 0.517241
v -1.896552 1.548768 0.172414
v -1.896552 1.352140 -0.172414
v -1.896552 0.990761 -0.517241
v -1.896552 0.479676 -0.862069
v -1.896552 -0.046263 -1.206897
v -1.896552 -0.454802 -1.551724
v -1.896552 -0.524283 -1.896552
v -1.896552 -0.412493 -2.241379
v -1.896552 -0.365678 -2.586207
v -1.896552 -0.388501 -2.931035
v -1.896552 -0.415681 -3.275862
v -1.896552 -0.319962 -3.620689
v -1.896552 -0.299614 -3.965517
v -1.896552 -0.153891 -4.310345
v -1.896552 -0.046790 -4.655172
v -1.896552 0.000000 -5.000000
v -1.551724 0.000000 5.000000
v -1.551724 -0.045327 4.655172
v -1.551724 -0.192761 4.310345
v -1.551724 -0.345909 3.965517
v -1.551724 -0.380022 3.620689
v -1.551724 -0.445202 3.275862
v -1.551724 -0.473849 2.931035
v -1.551724 -0.354309 2.586207
v -1.551724 -0.364326 2.241379
v -1.551724 0.029829 1.896552
v -1.551724 0.498385 1.551724
v -1.551724 1.033974 1.206897
v -1.551724 0.947717 0.862069
v -1.551724 1.080043 0.517241
v -1.551724 0.736701 0.172414
v -1.551724 0.885588 -0.172414
v -1.551724 0.651032 -0.517241
v -1.551724 0.217101 -0.862069
v -1.551724 -0.333789 -1.206897
v -1.551724 -0.615998 -1.551724
v -1.551724 -0.671410 -1.896552
v -1.551724 -0.718586 -2.241379
v -1.551724 -0.547571 -2.586207
v -1.551724 -0.428511 -2.931035
v -1.551724 -0.488382 -3.275862
v -1.551724 -0.488424 -3.620689
v -1.551724 -0.431715 -3.965517
v -1.551724 -0.185156 -4.310345
v -1.551724 -0.041758 -4.655172
v -1.551724 0.000000 -5.000000
v -1.206897 0.000000 5.000000
v -1.206897 -0.041678 4.655172
v -1.206897 -0.143657 4.310345
v -1.206897 -0.334052 3.965517
v -1.206897 -0.402677 3.620689
v -1.206897 -0.597013 3.275862
v -1.206897 -0.486989 2.931035
v -1.206897 -0.444286 2.586207
v -1.206897 -0.325888 2.241379
v -1.206897 0.082856 1.896552
v -1.206897 0.585759 1.551724
v -1.206897 0.945807 1.206897
v -1.206897 0.944218 0.862069
v -1.206897 0.509964 0.517241
v -1.206897 0.033522 0.172414
v -1.206897 0.251121 -0.172414
v -1.206897 0.257067 -0.517241
v -1.206897 -0.007833 -0.862069
v -1.206897 -0.594407 -1.206897
v -1.206897 -0.639689 -1.551724
v -1.206897 -0.684632 -1.896552
v -1.206897 -0.821770 -2.241379
v -1.206897 -0.781768 -2.586207
v -1.206897 -0.665455 -2.931035
v -1.206897 -0.595213 -3.275862
v -1.206897 -0.593439 -3.620689
v -1.206897 -0.459128 -3.965517
v -1.206897 -0.217478 -4.310345
v -1.206897 -0.054166 -4.655172
v -1.206897 0.000000 -5.000000
v -0.862069 0.000000 5.000000
v -0.862069 -0.040180 4.655172
v -0.862069 -0.136655 4.310345
v -0.862069 -0.279449 3.965517
v -0.862069 -0.368284 3.620689
v -0.862069 -0.550718 3.275862
v -0.862069 -0.539284 2.931035
v -0.862069 -0.377723 2.586207
v -0.862069 -0.259090 2.241379
v -0.862069 0.134910 1.896552
v -0.862069 0.563511 1.551724
v -0.862069 0.387580 1.206897
v -0.862069 0.502119 0.862069
v -0.862069 0.212581 0.517241
v -0.862069 -0.244726 0.172414
v -0.862069 -0.136413 -0.172414
v -0.862069 -0.105778 -0.517241
v -0.862069 -0.490747 -0.862069
v -0.862069 -0.743468 -1.206897
v -0.862069 -0.561589 -1.551724
v -0.862069 -0.517957 -1.896552
v -0.862069 -0.638867 -2.241379
v -0.862069 -0.610168 -2.586207
v -0.862069 -0.882484 -2.931035
v -0.862069 -0.736212 -3.275862
v -0.862069 -0.629381 -3.620689
v -0.862069 -0.466834 -3.965517
v -0.862069 -0.194335 -4.310345
v -0.862069 -0.052401 -4.655172
v -0.862069 0.000000 -5.000000
v -0.517241 0.000000 5.000000
v -0.517241 -0.023895 4.655172
v -0.517241 -0.108068 4.310345
v -0.517241 -0.241886 3.965517
v -0.517241 -0.297687 3.620689
v -0.517241 -0.492263 3.275862
v -0.517241 -0.564631 2.931035
v -0.517241 -0.443921 2.586207
v -0.517241 -0.262523 2.241379
v -0.517241 0.002613 1.896552
v -0.517241 0.165944 1.551724
v -0.517241 0.127042 1.206897
v -0.517241 -0.023992 0.862069
v -0.517241 -0.091218 0.517241
v -0.517241 -0.484027 0.172414
v -0.517241 -0.372314 -0.172414
v -0.517241 -0.557206 -0.517241
v -0.517241 -0.761580 -0.862069
v -0.517241 -0.952482 -1.206897
v -0.517241 -0.880043 -1.551724
v -0.517241 -0.736874 -1.896552
v -0.517241 -0.532626 -2.241379
v -0.517241 -0.565310 -2.586207
v -0.517241 -0.672378 -2.931035
v -0.517241 -0.667220 -3.275862
v -0.517241 -0.524486 -3.620689
v -0.517241 -0.380677 -3.965517
v -0.517241 -0.167686 -4.310345
v -0.517241 -0.041919 -4.655172
v -0.517241 0.000000 -5.000000
v -0.172414 0.000000 5.000000
v -0.172414 -0.009082 4.655172
v -0.172414 -0.104474 4.310345
v -0.172414 -0.228237 3.965517
v -0.172414 -0.234562 3.620689
v -0.172414 -0.417570 3.275862
v -0.172414 -0.450556 2.931035
v -0.172414 -0.482165 2.586207
v -0.172414 -0.348244 2.241379
v -0.172414 -0.307832 1.896552
v -0.172414 -0.197275 1.551724
v -0.172414 0.022149 1.206897
v -0.172414 -0.245868 0.862069
v -0.172414 -0.390301 0.517241
v -0.172414 -0.569515 0.172414
v -0.172414 -0.466635 -0.172414
v -0.172414 -0.580096 -0.517241
v -0.172414 -0.754164 -0.862069
v -0.172414 -1.112953 -1.206897
v -0.172414 -1.048642 -1.551724
v -0.172414 -0.781247 -1.896552
v -0.172414 -0.689128 -2.241379
v -0.172414 -0.697316 -2.586207
v -0.172414 -0.494119 -2.931035
v -0.172414 -0.445427 -3.275862
v -0.172414 -0.390350 -3.620689
v -0.172414 -0.294563 -3.965517
v -0.172414 -0.144263 -4.310345
v -0.172414 -0.037468 -4.655172
v -0.172414 0.000000 -5.000000
v 0.172414 0.000000 5.000000
v 0.172414 -0.006637 4.655172
v 0.172414 -0.056731 4.310345
v 0.172414 -0.171696 3.965517
v 0.172414 -0.275620 3.620689
v 0.172414 -0.479310 3.275862
v 0.172414 -0.394554 2.931035
v 0.172414 -0.494958 2.586207
v 0.172414 -0.492087 2.241379
v 0.172414 -0.354681 1.896552
v 0.172414 -0.125710 1.551724
v 0.172414 0.096352 1.206897
v 0.172414 0.104865 0.862069
v 0.172414 -0.242797 0.517241
v 0.172414 -0.365661 0.172414
v 0.172414 -0.454297 -0.172414
v 0.172414 -0.617963 -0.517241
v 0.172414 -1.023649 -0.862069
v 0.172414 -1.068688 -1.206897
v 0.172414 -1.072904 -1.551724
v 0.172414 -0.987024 -1.896552
v 0.172414 -0.748421 -2.241379
v 0.172414 -0.546365 -2.586207
v 0.172414 -0.394994 -2.931035
v 0.172414 -0.442385 -3.275862
v 0.172414 -0.422000 -3.620689
v 0.172414 -0.321131 -3.965517
v 0.172414 -0.146974 -4.310345
v 0.172414 -0.040313 -4.655172
v 0.172414 0.000000 -5.000000
v 0.517241 0.000000 5.000000
v 0.517241 0.011749 4.655172
v 0.517241 0.029401 4.310345
v 0.517241 -0.035394 3.965517
v 0.517241 -0.125669 3.620689
v 0.517241 -0.305150 3.275862
v 0.517241 -0.394402 2.931035
v 0.517241 -0.349674 2.586207
v 0.517241 -0.514630 2.241379
v 0.517241 -0.246008 1.896552
v 0.517241 -0.073638 1.551724
v 0.517241 0.117494 1.206897
v 0.517241 0.282448 0.862069
v 0.517241 0.200335 0.517241
v 0.517241 -0.324120 0.172414
v 0.517241 -0.474235 -0.172414
v 0.517241 -0.827690 -0.517241
v 0.517241 -1.148681 -0.862069
v 0.517241 -1.168722 -1.206897
v 0.517241 -1.150651 -1.551724
v 0.517241 -1.170284 -1.896552
v 0.517241 -0.900443 -2.241379
v 0.517241 -0.664757 -2.586207
v 0.517241 -0.589765 -2.931035
v 0.517241 -0.475367 -3.275862
v 0.517241 -0.423294 -3.620689
v 0.517241 -0.359615 -3.965517
v 0.517241 -0.166729 -4.310345
v 0.517241 -0.043664 -4.655172
v 0.517241 0.000000 -5.000000
v 0.862069 0.000000 5.000000
v 0.862069 0.020820 4.655172
v 0.862069 0.028886 4.310345
v 0.862069 -0.064419 3.965517
v 0.862069 -0.038246 3.620689
v 0.862069 -0.039794 3.275862
v 0.862069 -0.111902 2.931035
v 0.862069 -0.241875 2.586207
v 0.862069 -0.115434 2.241379
v 0.862069 0.290375 1.896552
v 0.862069 0.507204 1.551724
v 0.862069 0.291018 1.206897
v 0.862069 0.410262 0.862069
v 0.862069 0.413736 0.517241
v 0.862069 -0.174473 0.172414
v 0.862069 -0.583758 -0.172414
v 0.862069 -1.008057 -0.517241
v 0.862069 -1.055567 -0.862069
v 0.862069 -1.137566 -1.206897
v 0.862069 -1.165110 -1.551724
v 0.862069 -1.133008 -1.896552
v 0.862069 -0.891602 -2.241379
v 0.862069 -0.907528 -2.586207
v 0.862069 -0.741990 -2.931035
v 0.862069 -0.474624 -3.275862
v 0.862069 -0.483568 -3.620689
v 0.862069 -0.366636 -3.965517
v 0.862069 -0.193831 -4.310345
v 0.862069 -0.037075 -4.655172
v 0.862069 0.000000 -5.000000
v 1.206897 0.000000 5.000000
v 1.206897 0.019076 4.655172
v 1.206897 0.011732 4.310345
v 1.206897 0.036682 3.965517
v 1.206897 0.107322 3.620689
v 1.206897 0.177181 3.275862
v 1.206897 0.199008 2.931035
v 1.206897 0.148688 2.586207
v 1.206897 0.262244 2.241379
v 1.206897 0.632030 1.896552
v 1.206897 0.899624 1.551724
v 1.206897 0.723673 1.206897
v 1.206897 0.748385 0.862069
v 1.206897 0.687440 0.517241
v 1.206897 0.270639 0.172414
v 1.206897 -0.035161 -0.172414
v 1.206897 -0.526127 -0.517241
v 1.206897 -0.880875 -0.862069
v 1.206897 -1.263915 -1.206897
v 1.206897 -1.094307 -1.551724
v 1.206897 -1.169303 -1.896552
v 1.206897 -1.018636 -2.241379
v 1.206897 -1.036281 -2.586207
v 1.206897 -0.718049 -2.931035
v 1.206897 -0.455458 -3.275862
v 1.206897 -0.397475 -3.620689
v 1.206897 -0.335046 -3.965517
v 1.206897 -0.159862 -4.310345
v 1.206897 -0.025138 -4.655172
v 1.206897 0.000000 -5.000000
v 1.551724 0.000000 5.000000
v 1.551724 0.038682 4.655172
v 1.551724 0.052796 4.310345
v 1.551724 0.130791 3.965517
v 1.551724 0.250065 3.620689
v 1.551724 0.330601 3.275862
v 1.551724 0.502333 2.931035
v 1.551724 0.562015 2.586207
v 1.551724 0.753553 2.241379
v 1.551724 1.024062 1.896552
v 1.551724 1.359542 1.551724
v 1.551724 1.161169 1.206897
v 1.551724 1.047268 0.862069
v 1.551724 1.002292 0.517241
v 1.551724 0.764218 0.172414
v 1.551724 0.538021 -0.172414
v 1.551724 0.056092 -0.517241
v 1.551724 -0.285139 -0.862069
v 1.551724 -0.554841 -1.206897
v 1.551724 -0.595746 -1.551724
v 1.551724 -0.920554 -1.896552
v 1.551724 -0.918348 -2.241379
v 1.551724 -0.847322 -2.586207
v 1.551724 -0.705400 -2.931035
v 1.551724 -0.587976 -3.275862
v 1.551724 -0.349614 -3.620689
v 1.551724 -0.135131 -3.965517
v 1.551724 -0.075181 -4.310345
v 1.551724 -0.011342 -4.655172
v 1.551724 0.000000 -5.000000
v 1.896552 0.000000 5.000000
v 1.896552 0.050089 4.655172
v 1.896552 0.135436 4.310345
v 1.896552 0.264879 3.965517
v 1.896552 0.476985 3.620689
v 1.896552 0.695440 3.275862
v 1.896552 0.829894 2.931035
v 1.896552 1.006088 2.586207
v 1.896552 1.329148 2.241379
v 1.896552 1.489703 1.896552
v 1.896552 1.733259 1.551724
v 1.896552 1.414021 1.206897
v 1.896552 1.258591 0.862069
v 1.896552 1.111974 0.517241
v 1.896552 0.991257 0.172414
v 1.896552 0.852497 -0.172414
v 1.896552 0.549179 -0.517241
v 1.896552 0.090930 -0.862069
v 1.896552 -0.293640 -1.206897
v 1.896552 -0.298199 -1.551724
v 1.896552 -0.500463 -1.896552
v 1.896552 -0.817663 -2.241379
v 1.896552 -0.792666 -2.586207
v 1.896552 -0.667729 -2.931035
v 1.896552 -0.426433 -3.275862
v 1.896552 -0.166424 -3.620689
v 1.896552 -0.081025 -3.965517
v 1.896552 -0.034224 -4.310345
v 1.896552 0.001082 -4.655172
v 1.896552 0.000000 -5.000000
v 2.241379 0.000000 5.000000
v 2.241379 0.052577 4.655172
v 2.241379 0.191653 4.310345
v 2.241379 0.398189 3.965517
v 2.241379 0.676696 3.620689
v 2.241379 0.943268 3.275862
v 2.241379 0.923471 2.931035
v 2.241379 0.969193 2.586207
v 2.241379 1.203744 2.241379
v 2.241379 1.480945 1.896552
v 2.241379 1.711076 1.551724
v 2.241379 1.561817 1.206897
v 2.241379 1.245208 0.862069
v 2.241379 1.236698 0.517241
v 2.241379 0.855166 0.172414
v 2.241379 0.906109 -0.172414
v 2.241379 0.593287 -0.517241
v 2.241379 0.225752 -0.862069
v 2.241379 0.062708 -1.206897
v 2.241379 -0.138106 -1.551724
v 2.241379 -0.418726 -1.896552
v 2.241379 -0.688744 -2.241379
v 2.241379 -0.565586 -2.586207
v 2.241379 -0.440680 -2.931035
v 2.241379 -0.319043 -3.275862
v 2.241379 -0.136412 -3.620689
v 2.241379 -0.100260 -3.965517
v 2.241379 -0.008754 -4.310345
v 2.241379 -0.003921 -4.655172
v 2.241379 0.000000 -5.000000
v 2.586207 0.000000 5.000000
v 2.586207 0.048636 4.655172
v 2.586207 0.220481 4.310345
v 2.586207 0.439597 3.965517
v 2.586207 0.727390 3.620689
v 2.586207 1.023377 3.275862
v 2.586207 1.081118 2.931035
v 2.586207 1.040839 2.586207
v 2.586207 1.180370 2.241379
v 2.586207 1.418639 1.896552
v 2.586207 1.708262 1.551724
v 2.586207 1.496362 1.206897
v 2.586207 1.074722 0.862069
v 2.586207 0.939860 0.517241
v 2.586207 0.933557 0.172414
v 2.586207 0.892440 -0.172414
v 2.586207 0.771582 -0.517241
v 2.586207 0.552981 -0.862069
v 2.586207 0.358663 -1.206897
v 2.586207 0.170156 -1.551724
v 2.586207 0.013718 -1.896552
v 2.586207 -0.358943 -2.241379
v 2.586207 -0.484625 -2.586207
v 2.586207 -0.376987 -2.931035
v 2.586207 -0.250702 -3.275862
v 2.586207 -0.099575 -3.620689
v 2.586207 -0.089618 -3.965517
v 2.586207 -0.025131 -4.310345
v 2.586207 -0.007904 -4.655172
v 2.586207 0.000000 -5.000000
v 2.931035 0.000000 5.000000
v 2.931035 0.026549 4.655172
v 2.931035 0.181081 4.310345
v 2.931035 0.420004 3.965517
v 2.931035 0.706699 3.620689
v 2.931035 1.015037 3.275862
v 2.931035 1.058842 2.931035
v 2.931035 1.190979 2.586207
v 2.931035 1.427543 2.241379
v 2.931035 1.585326 1.896552
v 2.931035 1.700355 1.551724
v 2.931035 1.474691 1.206897
v 2.931035 1.160917 0.862069
v 2.931035 1.016254 0.517241
v 2.931035 1.023868 0.172414
v 2.931035 1.043566 -0.172414
v 2.931035 0.853099 -0.517241
v 2.931035 0.653757 -0.862069
v 2.931035 0.466023 -1.206897
v 2.931035 0.239721 -1.551724
v 2.931035 -0.006494 -1.896552
v 2.931035 -0.239611 -2.241379
v 2.931035 -0.296213 -2.586207
v 2.931035 -0.231203 -2.931035
v 2.931035 -0.189759 -3.275862
v 2.931035 -0.064306 -3.620689
v 2.931035 -0.106634 -3.965517
v 2.931035 -0.051317 -4.310345
v 2.931035 -0.007329 -4.655172
v 2.931035 0.000000 -5.000000
v 3.275862 0.000000 5.000000
v 3.275862 0.007635 4.655172
v 3.275862 0.136503 4.310345
v 3.275862 0.346814 3.965517
v 3.275862 0.641630 3.620689
v 3.275862 0.973660 3.275862
v 3.275862 1.164602 2.931035
v 3.275862 1.328693 2.586207
v 3.275862 1.509598 2.241379
v 3.275862 1.554641 1.896552
v 3.275862 1.382003 1.551724
v 3.275862 1.229427 1.206897
v 3.275862 1.099438 0.862069
v 3.275862 0.959473 0.517241
v 3.275862 0.811957 0.172414
v 3.275862 0.850309 -0.172414
v 3.275862 0.704758 -0.517241
v 3.275862 0.521130 -0.862069
v 3.275862 0.376060 -1.206897
v 3.275862 0.122225 -1.551724
v 3.275862 -0.070901 -1.896552
v 3.275862 -0.185042 -2.241379
v 3.275862 -0.091167 -2.586207
v 3.275862 -0.132623 -2.931035
v 3.275862 -0.059225 -3.275862
v 3.275862 -0.084807 -3.620689
v 3.275862 -0.106763 -3.965517
v 3.275862 -0.043522 -4.310345
v 3.275862 -0.001787 -4.655172
v 3.275862 0.000000 -5.000000
v 3.620689 0.000000 5.000000
v 3.620689 0.000000 4.655172
v 3.620689 0.057702 4.310345
v 3.620689 0.224816 3.965517
v 3.620689 0.502232 3.620689
v 3.620689 0.793591 3.275862
v 3.620689 1.038980 2.931035
v 3.620689 1.120433 2.586207
v 3.620689 1.113188 2.241379
v 3.620689 1.068667 1.896552
v 3.620689 0.996896 1.551724
v 3.620689 0.919464 1.206897
v 3.620689 0.859152 0.862069
v 3.620689 0.767229 0.517241
v 3.620689 0.598915 0.172414
v 3.620689 0.574990 -0.172414
v 3.620689 0.429178 -0.517241
v 3.620689 0.335299 -0.862069
v 3.620689 0.182987 -1.206897
v 3.620689 0.061986 -1.551724
v 3.620689 -0.056256 -1.896552
v 3.620689 -0.141364 -2.241379
v 3.620689 -0.161690 -2.586207
v 3.620689 -0.121203 -2.931035
v 3.620689 -0.107146 -3.275862
v 3.620689 -0.092299 -3.620689
v 3.620689 -0.073473 -3.965517
v 3.620689 -0.021064 -4.310345
v 3.620689 0.000000 -4.655172
v 3.620689 0.000000 -5.000000
v 3.965517 0.000000 5.000000
v 3.965517 0.000000 4.655172
v 3.965517 0.005640 4.310345
v 3.965517 0.089132 3.965517
v 3.965517 0.250499 3.620689
v 3.965517 0.455240 3.275862
v 3.965517 0.644465 2.931035
v 3.965517 0.728818 2.586207
v 3.965517 0.752061 2.241379
v 3.965517 0.660862 1.896552
v 3.965517 0.581075 1.551724
v 3.965517 0.622584 1.206897
v 3.965517 0.539713 0.862069
v 3.965517 0.515370 0.517241
v 3.965517 0.431666 0.172414
v 3.965517 0.302628 -0.172414
v 3.965517 0.167442 -0.517241
v 3.965517 0.026968 -0.862069
v 3.965517 0.011593 -1.206897
v 3.965517 -0.029436 -1.551724
v 3.965517 -0.105841 -1.896552
v 3.965517 -0.106023 -2.241379
v 3.965517 -0.157871 -2.586207
v 3.965517 -0.165606 -2.931035
v 3.965517 -0.104686 -3.275862
v 3.965517 -0.055851 -3.620689
v 3.965517 -0.028266 -3.965517
v 3.965517 -0.001615 -4.310345
v 3.965517 0.000000 -4.655172
v 3.965517 0.000000 -5.000000
v 4.310345 0.000000 5.000000
v 4.310345 0.000000 4.655172
v 4.310345 0.000000 4.310345
v 4.310345 0.005157 3.965517
v 4.310345 0.062476 3.620689
v 4.310345 0.159176 3.275862
v 4.310345 0.261097 2.931035
v 4.310345 0.321823 2.586207
v 4.310345 0.350210 2.241379
v 4.310345 0.337761 1.896552
v 4.310345 0.295870 1.551724
v 4.310345 0.288418 1.206897
v 4.310345 0.304156 0.862069
v 4.310345 0.254181 0.517241
v 4.310345 0.217179 0.172414
v 4.310345 0.136410 -0.172414
v 4.310345 0.027001 -0.517241
v 4.310345 -0.006784 -0.862069
v 4.310345 -0.082921 -1.206897
v 4.310345 -0.119086 -1.551724
v 4.310345 -0.123486 -1.896552
v 4.310345 -0.091450 -2.241379
v 4.310345 -0.105628 -2.586207
v 4.310345 -0.089178 -2.931035
v 4.310345 -0.045025 -3.275862
v 4.310345 -0.013714 -3.620689
v 4.310345 -0.001440 -3.965517
v 4.310345 0.000000 -4.310345
v 4.310345 0.000000 -4.655172
v 4.310345 0.000000 -5.000000
v 4.655172 0.000000 5.000000
v 4.655172 0.000000 4.655172
v 4.655172 0.000000 4.310345
v 4.655172 0.000000 3.965517
v 4.655172 0.000000 3.620689
v 4.655172 0.008852 3.275862
v 4.655172 0.036468 2.931035
v 4.655172 0.068490 2.586207
v 4.655172 0.083419 2.241379
v 4.655172 0.088019 1.896552
v 4.655172 0.075473 1.551724
v 4.655172 0.080989 1.206897
v 4.655172 0.085674 0.862069
v 4.655172 0.064520 0.517241
v 4.655172 0.052191 0.172414
v 4.655172 0.030591 -0.172414
v 4.655172 0.006274 -0.517241
v 4.655172 -0.017297 -0.862069
v 4.655172 -0.035890 -1.206897
v 4.655172 -0.042990 -1.551724
v 4.655172 -0.041144 -1.896552
v 4.655172 -0.026343 -2.241379
v 4.655172 -0.021849 -2.586207
v 4.655172 -0.013208 -2.931035
v 4.655172 -0.002860 -3.275862
v 4.655172 0.000000 -3.620689
v 4.655172 0.000000 -3.965517
v 4.655172 0.000000 -4.310345
v 4.655172 0.000000 -4.655172
v 4.655172 0.000000 -5.000000
v 5.000000 0.000000 5.000000
v 5.000000 0.000000 4.655172
v 5.000000 0.000000 4.310345
v 5.000000 0.000000 3.965517
v 5.000000 0.000000 3.620689
v 5.000000 0.000000 3.275862
v 5.000000 0.000000 2.931035
v 5.000000 0.000000 2.586207
v 5.000000 0.000000 2.241379
v 5.000000 0.000000 1.896552
v 5.000000 0.000000 1.551724
v 5.000000 0.000000 1.206897
v 5.000000 0.000000 0.862069
v 5.000000 0.000000 0.517241
v 5.000000 0.000000 0.172414
v 5.000000 0.000000 -0.172414
v 5.000000 0.000000 -0.517241
v 5.000000 0.000000 -0.862069
v 5.000000 0.000000 -1.206897
v 5.000000 0.000000 -1.551724
v 5.000000 0.000000 -1.896552
v 5.000000 0.000000 -2.241379
v 5.000000 0.000000 -2.586207
v 5.000000 0.000000 -2.931035
v 5.000000 0.000000 -3.275862
v 5.000000 0.000000 -3.620689
v 5.000000 0.000000 -3.965517
v 5.000000 0.000000 -4.310345
v 5.000000 0.000000 -4.655172
v 5.000000 0.000000 -5.000000
s 1
f 2 1 31 32
f 3 2 32 33
f 4 3 33 34
f 5 4 34 35
f 6 5 35 36
f 7 6 36 37
f 8 7 37 38
f 9 8 38 39
f 10 9 39 40
f 11 10 40 41
f 12 11 41 42
f 13 12 42 43
f 14 13 43 44
f 15 14 44 45
f 16 15 45 46
f 17 16 46 47
f 18 17 47 48
f 19 18 48 49
f 20 19 49 50
f 21 20 50 51
f 22 21 51 52
f 23 22 52 53
f 24 23 53 54
f 25 24 54 55
f 26 25 55 56
f 27 26 56 57
f 28 27 57 58
f 29 28 58 59
f 30 29 59 60
f 32 31 61 62
f 33 32 62 63
f 34 33 63 64
f 35 34 64 65
f 36 35 65 66
f 37 36 66 67
f 38 37 67 68
f 39 38 68 69
f 40 39 69 70
f 41 40 70 71
f 42 41 71 72
f 43 42 72 73
f 44 43 73 74
f 45 44 74 75
f 46 45 75 76
f 47 46 76 77
f 48 47 77 78
f 49 48 78 79
f 50 49 79 80
f 51 50 80 81
f 52 51 81 82
f 53 52 82 83
f 54 53 83 84
f 55 54 84 85
f 56 55 85 86
f 57 56 86 87
f 58 57 87 88
f 59 58 88 89
f 60 59 89 90
f 62 61 91 92
f 63 62 92 93
f 64 63 93 94
f 65 64 94 95
f 66 65 95 96
f 67 66 96 97
f 68 67 97 98
f 69 68 98 99
f 70 69 99 100
f 71 70 100 101
f 72 71 101 102
f 73 72 102 103
f 74 73 103 104
f 75 74 104 105
f 76 75 105 106
f 77 76 106 107
f 78 77 107 108
f 79 78 108 109
f 80 79 109 110
f 81 80 110 111
f 82 81 111 112
f 83 82 112 113
f 84 83 113 114
f 85 84 114 115
f 86 85 115 116
f 87 86 116 117
f 88 87 117 118
f 89 88 118 119
f 90 89 119 120
f 92 91 121 122
f 93 92 122 123
f 94 93 123 124
f 95 94 124 125
f 96 95 125 126
f 97 96 126 127
f 98 97 127 128
f 99 98 128 129
f 100 99 129 130
f 101 100 130 131
f 102 101 131 132
f 103 102 132 133
f 104 103 133 134
f 105 104 134 135
f 106 105 135 136
f 107 106 136 137
f 108 107 137 138
f 109 108 138 139
f 110 109 139 140
f 111 110 140 141
f 112 111 141 142
f 113 112 142 143
f 114 113 143 144
f 115 114 144 145
f 116 115 145 146
f 117 116 146 147
f 118 117 147 148
f 119 118 148 149
f 120 119 149 150
f 122 121 151 152
f 123 122 152 153
f 124 123 153 154
f 125 124 154 155
f 126 125 155 156
f 127 126 156 157
f 128 127 157 158
f 129 128 158 159
f 130 129 159 160
f 131 130 160 161
f 132 131 161 162
f 133 132 162 163
f 134 133 163 164
f 135 134 164 165
f 136 135 165 166
f 137 136 166 167
f 138 137 167 168
f 139 138 168 169
f 140 139 169 170
f 141 140 170 171
f 142 141 171 172
f 143 142 172 173
f 144 143 173 174
f 145 144 174 175
f 146 145 175 176
f 147 146 176 177
f 148 147 177 178
f 149 148 178 179
f 150 149 179 180
f 152 151 181 182
f 153 152 182 183
f 154 153 183 184
f 155 154 184 185
f 156 155 185 186
f 157 156 186 187
f 158 157 187 188
f 159 158 188 189
f 160 159 189 190
f 161 160 190 191
f 162 161 191 192
f 163 162 192 193
f 164 163 193 194
f 165 164 194 195
f 166 165 195 196
f 167 166 196 197
f 168 167 197 198
f 169 168 198 199
f 170 169 199 200
f 171 170 200 201
f 172 171 201 202
f 173 172 202 203
f 174 173 203 204
f 175 174 204 205
f 176 175 205 206
f 177 176 206 207
f 178 177 207 208
f 179 178 208 209
f 180 179 209 210
f 182 181 211 212
f 183 182 212 213
f 184 183 213 214
f 185 184 214 215
f 186 185 215 216
f 187 186 216 217
f 188 187 217 218
f 189 188 218 219
f 190 189 219 220
f 191 190 220 221
f 192 191 221 222
f 193 192 222 223
f 194 193 223 224
f 195 194 224 225
f 196 195 225 226
f 197 196 226 227
f 198 197 227 228
f 199 198 228 229
f 200 199 229 230
f 201 200 230 231
f 202 201 231 232
f 203 202 232 233
f 204 203 233 234
f 205 204 234 235
f 206 205 235 236
f 207 206 236 237
f 208 207 237 238
f 209 208 238 239
f 210 209 239 240
f 212 211 241 242
f 213 212 242 243
f 214 213 243 244
f 215 214 244 245
f 216 215 245 246
f 217 216 246 247
f 218 217 247 248
f 219 218 248 249
f 220 219 249 250
f 221 220 250 251
f 222 221 251 252
f 223 222 252 253
f 224 223 253 254
f 225 224 254 255
f 226 225 255 256
f 227 226 256 257
f 228 227 257 258
f 229 228 258 259
f 230 229 259 260
f 231 230 260 261
f 232 231 261 262
f 233 232 262 263
f 234 233 263 264
f 235 234 264 265
f 236 235 265 266
f 237 236 266 267
f 238 237 267 268
f 239 238 268 269
f 240 239 269 270
f 242 241 271 272
f 243 242 272 273
f 244 243 273 274
f 245 244 274 275
f 246 245 275 276
f 247 246 276 277
f 248 247 277 278
f 249 248 278 279
f 250 249 279 280
f 251 250 280 281
f 252 251 281 282
f 253 252 282 283
f 254 253 283 284
f 255 254 284 285
f 256 255 285 286
f 257 256 286 287
f 258 257 287 288
f 259 258 288 289
f 260 259 289 290
f 261 260 290 291
f 262 261 291 292
f 263 262 292 293
f 264 263 293 294
f 265 264 294 295
f 266 265 295 296
f 267 266 296 297
f 268 267 297 298
f 269 268 298 299
f 270 269 299 300
f 272 271 301 302
f 273 272 302 303
f 274 273 303 304
f 275 274 304 305
f 276 275 305 306
f 277 276 306 307
f 278 277 307 308
f 279 278 308 309
f 280 279 309 310
f 281 280 310 311
f 282 281 311 312
f 283 282 312 313
f 284 283 313 314
f 285 284 314 315
f 286 285 315 316
f 287 286 316 317
f 288 287 317 318
f 289 288 318 319
f 290 289 319 320
f 291 290 320 321
f 292 291 321 322
f 293 292 322 323
f 294 293 323 324
f 295 294 324 325
f 296 295 325 326
f 297 296 326 327
f 298 297 327 328
f 299 298 328 329
f 300 299 329 330
f 302 301 331 332
f 303 302 332 333
f 304 303 333 334
f 305 304 334 335
f 306 305 335 336
f 307 306 336 337
f 308 307 337 338
f 309 308 338 339
f 310 309 339 340
f 311 310 340 341
f 312 311 341 342
f 313 312 342 343
f 314 313 343 344
f 315 314 344 345
f 316 315 345 346
f 317 316 346 347
f 318 317 347 348
f 319 318 348 349
f 320 319 349 350
f 321 320 350 351
f 322 321 351 352
f 323 322 352 353
f 324 323 353 354
f 325 324 354 355
f 326 325 355 356
f 327 326 356 357
f 328 327 357 358
f 329 328 358 359
f 330 329 359 360
f 332 331 361 362
f 333 332 362 363
f 334 333 363 364
f 335 334 364 365
f 336 335 365 366
f 337 336 366 367
f 338 337 367 368
f 339 338 368 369
f 340 339 369 370
f 341 340 370 371
f 342 341 371 372
f 343 342 372 373
f 344 343 373 374
f 345 344 374 375
f 346 345 375 376
f 347 346 376 377
f 348 347 377 378
f 349 348 378 379
f 350 349 379 380
f 351 350 380 381
f 352 351 381 382
f 353 352 382 383
f 354 353 383 384
f 355 354 384 385
f 356 355 385 386
f 357 356 386 387
f 358 357 387 388
f 359 358 388 389
f 360 359 389 390
f 362 361 391 392
f 363 362 392 393
f 364 363 393 394
f 365 364 394 395
f 366 365 395 396
f 367 366 396 397
f 368 367 397 398
f 369 368 398 399
f 370 369 399 400
f 371 370 400 401
f 372 371 401 402
f 373 372 402 403
f 374 373 403 404
f 375 374 404 405
f 376 375 405 406
f 377 376 406 407
f 378 377 407 408
f 379 378 408 409
f 380 379 409 410
f 381 380 410 411
f 382 381 411 412
f 383 382 412 413
f 384 383 413 414
f 385 384 414 415
f 386 385 415 416
f 387 386 416 417
f 388 387 417 418
f 389 388 418 419
f 390 389 419 420
f 392 391 421 422
f 393 392 422 423
f 394 393 423 424
f 395 394 424 425
f 396 395 425 426
f 397 396 426 427
f 398 397 427 428
f 399 398 428 429
f 400 399 429 430
f 401 400 430 431
f 402 401 431 432
f 403 402 432 433
f 404 403 433 434
f 405 404 434 435
f 406 405 435 436
f 407 406 436 437
f 408 407 437 438
f 409 408 438 439
f 410 409 439 440
f 411 410 440 441
f 412 411 441 442
f 413 412 442 443
f 414 413 443 444
f 415 414 444 445
f 416 415 445 446
f 417 416 446 447
f 418 417 447 448
f 419 418 448 449
f 420 419 449 450
f 422 421 451 452
f 423 422 452 453
f 424 423 453 454
f 425 424 454 455
f 426 425 455 456
f 427 426 456 457
f 428 427 457 458
f 429 428 458 459
f 430 429 459 460
f 431 430 460 461
f 432 431 461 462
f 433 432 462 463
f 434 433 463 464
f 435 434 464 465
f 436 435 465 466
f 437 436 466 467
f 438 437 467 468
f 439 438 468 469
f 440 439 469 470
f 441 440 470 471
f 442 441 471 472
f 443 442 472 473
f 444 443 473 474
f 445 444 474 475
f 446 445 475 476
f 447 446 476 477
f 448 447 477 478
f 449 448 478 479
f 450 449 479 480
f 452 451 481 482
f 453 452 482 483
f 454 453 483 484
f 455 454 484 485
f 456 455 485 486
f 457 456 486 487
f 458 457 487 488
f 459 458 488 489
f 460 459 489 490
f 461 460 490 491
f 462 461 491 492
f 463 462 492 493
f 464 463 493 494
f 465 464 494 495
f 466 465 495 496
f 467 466 496 497
f 468 467 497 498
f 469 468 498 499
f 470 469 499 500
f 471 470 500 501
f 472 471 501 502
f 473 472 502 503
f 474 473 503 504
f 475 474 504 505
f 476 475 505 506
f 477 476 506 507
f 478 477 507 508
f 479 478 508 509
f 480 479 509 510
f 482 481 511 512
f 483 482 512 513
f 484 483 513 514
f 485 484 514 515
f 486 485 515 516
f 487 486 516 517
f 488 487 517 518
f 489 488 518 519
f 490 489 519 520
f 491 490 520 521
f 492 491 521 522
f 493 492 522 523
f 494 493 523 524
f 495 494 524 525
f 496 495 525 526
f 497 496 526 527
f 498 497 527 528
f 499 498 528 529
f 500 499 529 530
f 501 500 530 531
f 502 501 531 532
f 503 502 532 533
f 504 503 533 534
f 505 504 534 535
f 506 505 535 536
f 507 506 536 537
f 508 507 537 538
f 509 508 538 539
f 510 509 539 540
f 512 511 541 542
f 513 512 542 543
f 514 513 543 544
f 515 514 544 545
f 516 515 545 546
f 517 516 546 547
f 518 517 547 548
f 519 518 548 549
f 520 519 549 550
f 521 520 550 551
f 522 521 551 552
f 523 522 552 553
f 524 523 553 554
f 525 524 554 555
f 526 525 555 556
f 527 526 556 557
f 528 527 557 558
f 529 528 558 559
f 530 529 559 560
f 531 530 560 561
f 532 531 561 562
f 533 532 562 563
f 534 533 563 564
f 535 534 564 565
f 536 535 565 566
f 537 536 566 567
f 538 537 567 568
f 539 538 568 569
f 540 539 569 570
f 542 541 571 572
f 543 542 572 573
f 544 543 573 574
f 545 544 574 575
f 546 545 575 576
f 547 546 576 577
f 548 547 577 578
f 549 548 578 579
f 550 549 579 580
f 551 550 580 581
f 552 551 581 582
f 553 552 582 583
f 554 553 583 584
f 555 554 584 585
f 556 555 585 586
f 557 556 586 587
f 558 557 587 588
f 559 558 588 589
f 560 559 589 590
f 561 560 590 591
f 562 561 591 592
f 563 562 592 593
f 564 563 593 594
f 565 564 594 595
f 566 565 595 596
f 567 566 596 597
f 568 567 597 598
f 569 568 598 599
f 570 569 599 600
f 572 571 601 602
f 573 572 602 603
f 574 573 603 604
f 575 574 604 605
f 576 575 605 606
f 577 576 606 607
f 578 577 607 608
f 579 578 608 609
f 580 579 609 610
f 581 580 610 611
f 582 581 611 612
f 583 582 612 613
f 584 583 613 614
f 585 584 614 615
f 586 585 615 616
f 587 586 616 617
f 588 587 617 618
f 589 588 618 619
f 590 589 619 620
f 591 590 620 621
f 592 591 621 622
f 593 592 622 623
f 594 593 623 624
f 595 594 624 625
f 596 595 625 626
f 597 596 626 627
f 598 597 627 628
f 599 598 628 629
f 600 599 629 630
f 602 601 631 632
f 603 602 632 633
f 604 603 633 634
f 605 604 634 635
f 606 605 635 636
f 607 606 636 637
f 608 607 637 638
f 609 608 638 639
f 610 609 639 640
f 611 610 640 641
f 612 611 641 642
f 613 612 642 643
f 614 613 643 644
f 615 614 644 645
f 616 615 645 646
f 617 616 646 647
f 618 617 647 648
f 619 618 648 649
f 620 619 649 650
f 621 620 650 651
f 622 621 651 652
f 623 622 652 653
f 624 623 653 654
f 625 624 654 655
f 626 625 655 656
f 627 626 656 657
f 628 627 657 658
f 629 628 658 659
f 630 629 659 660
f 632 631 661 662
f 633 632 662 663
f 634 633 663 664
f 635 634 664 665
f 636 635 665 666
f 637 636 666 667
f 638 637 667 668
f 639 638 668 669
f 640 639 669 670
f 641 640 670 671
f 642 641 671 672
f 643 642 672 673
f 644 643 673 674
f 645 644 674 675
f 646 645 675 676
f 647 646 676 677
f 648 647 677 678
f 649 648 678 679
f 650 649 679 680
f 651 650 680 681
f 652 651 681 682
f 653 652 682 683
f 654 653 683 684
f 655 654 684 685
f 656 655 685 686
f 657 656 686 687
f 658 657 687 688
f 659 658 688 689
f 660 659 689 690
f 662 661 691 692
f 663 662 692 693
f 664 663 693 694
f 665 664 694 695
f 666 665 695 696
f 667 666 696 697
f 668 667 697 698
f 669 668 698 699
f 670 669 699 700
f 671 670 700 701
f 672 671 701 702
f 673 672 702 703
f 674 673 703 704
f 675 674 704 705
f 676 675 705 706
f 677 676 706 707
f 678 677 707 708
f 679 678 708 709
f 680 679 709 710
f 681 680 710 711
f 682 681 711 712
f 683 682 712 713
f 684 683 713 714
f 685 684 714 715
f 686 685 715 716
f 687 686 716 717
f 688 687 717 718
f 689 688 718 719
f 690 689 719 720
f 692 691 721 722
f 693 692 722 723
f 694 693 723 724
f 695 694 724 725
f 696 695 725 726
f 697 696 726 727
f 698 697 727 728
f 699 698 728 729
f 700 699 729 730
f 701 700 730 731
f 702 701 731 732
f 703 702 732 733
f 704 703 733 734
f 705 704 734 735
f 706 705 735 736
f 707 706 736 737
f 708 707 737 738
f 709 708 738 739
f 710 709 739 740
f 711 710 740 741
f 712 711 741 742
f 713 712 742 743
f 714 713 743 744
f 715 714 744 745
f 716 715 745 746
f 717 716 746 747
f 718 717 747 748
f 719 718 748 749
f 720 719 749 750
f 722 721 751 752
f 723 722 752 753
f 724 723 753 754
f 725 724 754 755
f 726 725 755 756
f 727 726 756 757
f 728 727 757 758
f 729 728 758 759
f 730 729 759 760
f 731 730 760 761
f 732 731 761 762
f 733 732 762 763
f 734 733 763 764
f 735 734 764 765
f 736 735 765 766
f 737 736 766 767
f 738 737 767 768
f 739 738 768 769
f 740 739 769 770
f 741 740 770 771
f 742 741 771 772
f 743 742 772 773
f 744 743 773 774
f 745 744 774 775
f 746 745 775 776
f 747 746 776 777
f 748 747 777 778
f 749 748 778 779
f 750 749 779 780
f 752 751 781 782
f 753 752 782 783
f 754 753 783 784
f 755 754 784 785
f 756 755 785 786
f 757 756 786 787
f 758 757 787 788
f 759 758 788 789
f 760 759 789 790
f 761 760 790 791
f 762 761 791 792
f 763 762 792 793
f 764 763 793 794
f 765 764 794 795
f 766 765 795 796
f 767 766 796 797
f 768 767 797 798
f 769 768 798 799
f 770 769 799 800
f 771 770 800 801
f 772 771 801 802
f 773 772 802 803
f 774 773 803 804
f 775 774 804 805
f 776 775 805 806
f 777 776 806 807
f 778 777 807 808
f 779 778 808 809
f 780 779 809 810
f 782 781 811 812
f 783 782 812 813
f 784 783 813 814
f 785 784 814 815
f 786 785 815 816
f 787 786 816 817
f 788 787 817 818
f 789 788 818 819
f 790 789 819 820
f 791 790 820 821
f 792 791 821 822
f 793 792 822 823
f 794 793 823 824
f 795 794 824 825
f 796 795 825 826
f 797 796 826 827
f 798 797 827 828
f 799 798 828 829
f 800 799 829 830
f 801 800 830 831
f 802 801 831 832
f 803 802 832 833
f 804 803 833 834
f 805 804 834 835
f 806 805 835 836
f 807 806 836 837
f 808 807 837 838
f 809 808 838 839
f 810 809 839 840
f 812 811 841 842
f 813 812 842 843
f 814 813 843 844
f 815 814 844 845
f 816 815 845 846
f 817 816 846 847
f 818 817 847 848
f 819 818 848 849
f 820 819 849 850
f 821 820 850 851
f 822 821 851 852
f 823 822 852 853
f 824 823 853 854
f 825 824 854 855
f 826 825 855 856
f 827 826 856 857
f 828 827 857 858
f 829 828 858 859
f 830 829 859 860
f 831 830 860 861
f 832 831 861 862
f 833 832 862 863
f 834 833 863 864
f 835 834 864 865
f 836 835 865 866
f 837 836 866 867
f 838 837 867 868
f 839 838 868 869
f 840 839 869 870
f 842 841 871 872
f 843 842 872 873
f 844 843 873 874
f 845 844 874 875
f 846 845 875 876
f 847 846 876 877
f 848 847 877 878
f 849 848 878 879
f 850 849 879 880
f 851 850 880 881
f 852 851 881 882
f 853 852 882 883
f 854 853 883 884
f 855 854 884 885
f 856 855 885 886
f 857 856 886 887
f 858 857 887 888
f 859 858 888 889
f 860 859 889 890
f 861 860 890 891
f 862 861 891 892
f 863 862 892 893
f 864 863 893 894
f 865 864 894 895
f 866 865 895 896
f 867 866 896 897
f 868 867 897 898
f 869 868 898 899
f 870 869 899 900
