# Blender v2.79 (sub 0) OBJ File: ''
# www.blender.org
v -5.000000 0.000000 5.000000
v -5.000000 0.000000 4.565217
v -5.000000 0.000000 4.130435
v -5.000000 0.000000 3.695652
v -5.000000 0.000000 3.260870
v -5.000000 0.000000 2.826087
v -5.000000 0.000000 2.391304
v -5.000000 0.000000 1.956522
v -5.000000 0.000000 1.521739
v -5.000000 0.000000 1.086957
v -5.000000 0.000000 0.652174
v -5.000000 0.000000 0.217391
v -5.000000 0.000000 -0.217391
v -5.000000 0.000000 -0.652174
v -5.000000 0.000000 -1.086957
v -5.000000 0.000000 -1.521739
v -5.000000 0.000000 -1.956522
v -5.000000 0.000000 -2.391304
v -5.000000 0.000000 -2.826087
v -5.000000 0.000000 -3.260870
v -5.000000 0.000000 -3.695652
v -5.000000 0.000000 -4.130435
v -5.000000 0.000000 -4.565217
v -5.000000 0.000000 -5.000000
v -4.565217 0.000000 5.000000
v -4.565217 0.000000 4.565217
v -4.565217 0.000000 4.130435
v -4.565217 0.000024 3.695652
v -4.565217 0.013160 3.260870
v -4.565217 0.054693 2.826087
v -4.565217 0.086803 2.391304
v -4.565217 0.123923 1.956522
v -4.565217 0.139425 1.521739
v -4.565217 0.169409 1.086957
v -4.565217 0.166526 0.652174
v -4.565217 0.141419 0.217391
v -4.565217 0.163945 -0.217391
v -4.565217 0.145630 -0.652174
v -4.565217 0.102467 -1.086957
v -4.565217 0.057807 -1.521739
v -4.565217 0.046912 -1.956522
v -4.565217 0.038267 -2.391304
v -4.565217 0.006628 -2.826087
v -4.565217 -0.003595 -3.260870
v -4.565217 -0.000022 -3.695652
v -4.565217 0.000000 -4.130435
v -4.565217 0.000000 -4.565217
v -4.565217 0.000000 -5.000000
v -4.130435 0.000000 5.000000
v -4.130435 0.000000 4.565217
v -4.130435 0.000425 4.130435
v -4.130435 0.016337 3.695652
v -4.130435 0.051307 3.260870
v -4.130435 0.154009 2.826087
v -4.130435 0.255646 2.391304
v -4.130435 0.320818 1.956522
v -4.130435 0.448377 1.521739
v -4.130435 0.521147 1.086957
v -4.130435 0.532050 0.652174
v -4.130435 0.552660 0.217391
v -4.130435 0.519297 -0.217391
v -4.130435 0.438935 -0.652174
v -4.130435 0.294567 -1.086957
v -4.130435 0.146425 -1.521739
v -4.130435 0.148824 -1.956522
v -4.130435 0.075044 -2.391304
v -4.130435 -0.011674 -2.826087
v -4.130435 -0.042244 -3.260870
v -4.130435 -0.031391 -3.695652
v -4.130435 -0.002990 -4.130435
v -4.130435 0.000000 -4.565217
v -4.130435 0.000000 -5.000000
v -3.695652 0.000000 5.000000
v -3.695652 -0.000018 4.565217
v -3.695652 -0.013911 4.130435
v -3.695652 -0.022301 3.695652
v -3.695652 -0.015529 3.260870
v -3.695652 0.100252 2.826087
v -3.695652 0.369610 2.391304
v -3.695652 0.566489 1.956522
v -3.695652 0.718636 1.521739
v -3.695652 0.885222 1.086957
v -3.695652 0.950775 0.652174
v -3.695652 0.990210 0.217391
v -3.695652 0.932796 -0.217391
v -3.695652 0.714018 -0.652174
v -3.695652 0.409472 -1.086957
v -3.695652 0.193321 -1.521739
v -3.695652 0.136051 -1.956522
v -3.695652 0.029726 -2.391304
v -3.695652 -0.096206 -2.826087
v -3.695652 -0.186646 -3.260870
v -3.695652 -0.148855 -3.695652
v -3.695652 -0.059774 -4.130435
v -3.695652 -0.000047 -4.565217
v -3.695652 0.000000 -5.000000
v -3.260870 0.000000 5.000000
v -3.260870 -0.008273 4.565217
v -3.260870 -0.052335 4.130435
v -3.260870 -0.140979 3.695652
v -3.260870 -0.191421 3.260870
v -3.260870 -0.093789 2.826087
v -3.260870 0.190889 2.391304
v -3.260870 0.382700 1.956522
v -3.260870 0.718657 1.521739
v -3.260870 1.046824 1.086957
v -3.260870 1.186041 0.652174
v -3.260870 1.465449 0.217391
v -3.260870 1.411457 -0.217391
v -3.260870 0.978862 -0.652174
v -3.260870 0.546947 -1.086957
v -3.260870 0.147456 -1.521739
v -3.260870 -0.049327 -1.956522
v -3.260870 -0.118669 -2.391304
v -3.260870 -0.258212 -2.826087
v -3.260870 -0.379513 -3.260870
v -3.260870 -0.313766 -3.695652
v -3.260870 -0.159749 -4.130435
v -3.260870 -0.021333 -4.565217
v -3.260870 0.000000 -5.000000
v -2.826087 0.000000 5.000000
v -2.826087 -0.035471 4.565217
v -2.826087 -0.188688 4.130435
v -2.826087 -0.378661 3.695652
v -2.826087 -0.488295 3.260870
v -2.826087 -0.379547 2.826087
v -2.826087 -0.024458 2.391304
v -2.826087 0.249546 1.956522
v -2.826087 0.497138 1.521739
v -2.826087 0.864651 1.086957
v -2.826087 1.298706 0.652174
v -2.826087 1.686064 0.217391
v -2.826087 1.418905 -0.217391
v -2.826087 0.911468 -0.652174
v -2.826087 0.380699 -1.086957
v -2.826087 -0.059485 -1.521739
v -2.826087 -0.372395 -1.956522
v -2.826087 -0.411790 -2.391304
v -2.826087 -0.449453 -2.826087
v -2.826087 -0.465915 -3.260870
v -2.826087 -0.323674 -3.695652
v -2.826087 -0.228954 -4.130435
v -2.826087 -0.056842 -4.565217
v -2.826087 0.000000 -5.000000
v -2.391304 0.000000 5.000000
v -2.391304 -0.081641 4.565217
v -2.391304 -0.326763 4.130435
v -2.391304 -0.554549 3.695652
v -2.391304 -0.696154 3.260870
v -2.391304 -0.505083 2.826087
v -2.391304 -0.247483 2.391304
v -2.391304 -0.042556 1.956522
v -2.391304 0.201932 1.521739
v -2.391304 0.715719 1.086957
v -2.391304 1.710817 0.652174
v -2.391304 1.906791 0.217391
v -2.391304 1.348017 -0.217391
v -2.391304 0.865165 -0.652174
v -2.391304 0.304755 -1.086957
v -2.391304 -0.213241 -1.521739
v -2.391304 -0.390717 -1.956522
v -2.391304 -0.503679 -2.391304
v -2.391304 -0.526006 -2.826087
v -2.391304 -0.419348 -3.260870
v -2.391304 -0.312839 -3.695652
v -2.391304 -0.214544 -4.130435
v -2.391304 -0.067725 -4.565217
v -2.391304 0.000000 -5.000000
v -1.956522 0.000000 5.000000
v -1.956522 -0.082491 4.565217
v -1.956522 -0.321717 4.130435
v -1.956522 -0.433187 3.695652
v -1.956522 -0.528505 3.260870
v -1.956522 -0.336360 2.826087
v -1.956522 -0.267125 2.391304
v -1.956522 -0.182359 1.956522
v -1.956522 0.383788 1.521739
v -1.956522 1.070789 1.086957
v -1.956522 1.569942 0.652174
v -1.956522 1.651652 0.217391
v -1.956522 1.338965 -0.217391
v -1.956522 0.876577 -0.652174
v -1.956522 0.159969 -1.086957
v -1.956522 -0.438431 -1.521739
v -1.956522 -0.570629 -1.956522
v -1.956522 -0.460552 -2.391304
v -1.956522 -0.356107 -2.826087
v -1.956522 -0.404245 -3.260870
v -1.956522 -0.297139 -3.695652
v -1.956522 -0.238325 -4.130435
v -1.956522 -0.071487 -4.565217
v -1.956522 0.000000 -5.000000
v -1.521739 0.000000 5.000000
v -1.521739 -0.072492 4.565217
v -1.521739 -0.278936 4.130435
v -1.521739 -0.409264 3.695652
v -1.521739 -0.486092 3.260870
v -1.521739 -0.385335 2.826087
v -1.521739 -0.396427 2.391304
v -1.521739 -0.020559 1.956522
v -1.521739 0.586602 1.521739
v -1.521739 1.045030 1.086957
v -1.521739 0.993307 0.652174
v -1.521739 0.671055 0.217391
v -1.521739 0.844491 -0.217391
v -1.521739 0.531524 -0.652174
v -1.521739 -0.171200 -1.086957
v -1.521739 -0.609919 -1.521739
v -1.521739 -0.717960 -1.956522
v -1.521739 -0.739390 -2.391304
v -1.521739 -0.377331 -2.826087
v -1.521739 -0.485379 -3.260870
v -1.521739 -0.462568 -3.695652
v -1.521739 -0.295190 -4.130435
v -1.521739 -0.063246 -4.565217
v -1.521739 0.000000 -5.000000
v -1.086957 0.000000 5.000000
v -1.086957 -0.064383 4.565217
v -1.086957 -0.215944 4.130435
v -1.086957 -0.362082 3.695652
v -1.086957 -0.584510 3.260870
v -1.086957 -0.447318 2.826087
v -1.086957 -0.327882 2.391304
v -1.086957 0.004103 1.956522
v -1.086957 0.612074 1.521739
v -1.086957 0.872819 1.086957
v -1.086957 0.497643 0.652174
v -1.086957 -0.092965 0.217391
v -1.086957 0.180611 -0.217391
v -1.086957 -0.049577 -0.652174
v -1.086957 -0.631903 -1.086957
v -1.086957 -0.511634 -1.521739
v -1.086957 -0.637740 -1.956522
v -1.086957 -0.826061 -2.391304
v -1.086957 -0.810113 -2.826087
v -1.086957 -0.667816 -3.260870
v -1.086957 -0.590405 -3.695652
v -1.086957 -0.347217 -4.130435
v -1.086957 -0.084395 -4.565217
v -1.086957 0.000000 -5.000000
v -0.652174 0.000000 5.000000
v -0.652174 -0.040810 4.565217
v -0.652174 -0.208666 4.130435
v -0.652174 -0.345928 3.695652
v -0.652174 -0.553998 3.260870
v -0.652174 -0.559742 2.826087
v -0.652174 -0.393369 2.391304
v -0.652174 0.072282 1.956522
v -0.652174 0.232143 1.521739
v -0.652174 0.235095 1.086957
v -0.652174 0.116302 0.652174
v -0.652174 -0.439321 0.217391
v -0.652174 -0.308982 -0.217391
v -0.652174 -0.482577 -0.652174
v -0.652174 -0.775001 -1.086957
v -0.652174 -0.748105 -1.521739
v -0.652174 -0.591444 -1.956522
v -0.652174 -0.559267 -2.391304
v -0.652174 -0.726255 -2.826087
v -0.652174 -0.718300 -3.260870
v -0.652174 -0.548259 -3.695652
v -0.652174 -0.281661 -4.130435
v -0.652174 -0.068364 -4.565217
v -0.652174 0.000000 -5.000000
v -0.217391 0.000000 5.000000
v -0.217391 -0.024697 4.565217
v -0.217391 -0.178688 4.130435
v -0.217391 -0.200707 3.695652
v -0.217391 -0.444196 3.260870
v -0.217391 -0.493603 2.826087
v -0.217391 -0.356461 2.391304
v -0.217391 -0.357122 1.956522
v -0.217391 -0.135444 1.521739
v -0.217391 -0.017348 1.086957
v -0.217391 -0.340387 0.652174
v -0.217391 -0.554347 0.217391
v -0.217391 -0.458044 -0.217391
v -0.217391 -0.643795 -0.652174
v -0.217391 -1.110420 -1.086957
v -0.217391 -1.077993 -1.521739
v -0.217391 -0.785049 -1.956522
v -0.217391 -0.717036 -2.391304
v -0.217391 -0.590842 -2.826087
v -0.217391 -0.485610 -3.260870
v -0.217391 -0.411699 -3.695652
v -0.217391 -0.224157 -4.130435
v -0.217391 -0.055045 -4.565217
v -0.217391 0.000000 -5.000000
v 0.217391 0.000000 5.000000
v 0.217391 -0.009138 4.565217
v 0.217391 -0.096332 4.130435
v 0.217391 -0.256700 3.695652
v 0.217391 -0.480876 3.260870
v 0.217391 -0.374440 2.826087
v 0.217391 -0.463932 2.391304
v 0.217391 -0.428652 1.956522
v 0.217391 -0.119293 1.521739
v 0.217391 0.162539 1.086957
v 0.217391 -0.080221 0.652174
v 0.217391 -0.370915 0.217391
v 0.217391 -0.489366 -0.217391
v 0.217391 -0.777657 -0.652174
v 0.217391 -1.023922 -1.086957
v 0.217391 -1.054897 -1.521739
v 0.217391 -0.964867 -1.956522
v 0.217391 -0.691594 -2.391304
v 0.217391 -0.430133 -2.826087
v 0.217391 -0.450280 -3.260870
v 0.217391 -0.421036 -3.695652
v 0.217391 -0.257226 -4.130435
v 0.217391 -0.064527 -4.565217
v 0.217391 0.000000 -5.000000
v 0.652174 0.000000 5.000000
v 0.652174 0.022009 4.565217
v 0.652174 -0.001594 4.130435
v 0.652174 -0.060802 3.695652
v 0.652174 -0.190703 3.260870
v 0.652174 -0.281027 2.826087
v 0.652174 -0.357831 2.391304
v 0.652174 -0.209050 1.956522
v 0.652174 0.176198 1.521739
v 0.652174 0.298285 1.086957
v 0.652174 0.327105 0.652174
v 0.652174 -0.132862 0.217391
v 0.652174 -0.567277 -0.217391
v 0.652174 -0.962635 -0.652174
v 0.652174 -1.131784 -1.086957
v 0.652174 -1.209715 -1.521739
v 0.652174 -1.088514 -1.956522
v 0.652174 -0.846985 -2.391304
v 0.652174 -0.702846 -2.826087
v 0.652174 -0.468131 -3.260870
v 0.652174 -0.450383 -3.695652
v 0.652174 -0.271405 -4.130435
v 0.652174 -0.070607 -4.565217
v 0.652174 0.000000 -5.000000
v 1.086957 0.000000 5.000000
v 1.086957 0.025141 4.565217
v 1.086957 0.007422 4.130435
v 1.086957 0.047904 3.695652
v 1.086957 0.103292 3.260870
v 1.086957 0.084603 2.826087
v 1.086957 -0.002882 2.391304
v 1.086957 0.441559 1.956522
v 1.086957 0.761255 1.521739
v 1.086957 0.485554 1.086957
v 1.086957 0.665094 0.652174
v 1.086957 0.113363 0.217391
v 1.086957 -0.363447 -0.217391
v 1.086957 -0.902493 -0.652174
v 1.086957 -1.195369 -1.086957
v 1.086957 -1.100095 -1.521739
v 1.086957 -1.157699 -1.956522
v 1.086957 -1.091848 -2.391304
v 1.086957 -0.892617 -2.826087
v 1.086957 -0.457535 -3.260870
v 1.086957 -0.412066 -3.695652
v 1.086957 -0.284067 -4.130435
v 1.086957 -0.051717 -4.565217
v 1.086957 0.000000 -5.000000
v 1.521739 0.000000 5.000000
v 1.521739 0.048075 4.565217
v 1.521739 0.083282 4.130435
v 1.521739 0.248088 3.695652
v 1.521739 0.298336 3.260870
v 1.521739 0.496516 2.826087
v 1.521739 0.662139 2.391304
v 1.521739 0.951219 1.956522
v 1.521739 1.343218 1.521739
v 1.521739 1.066542 1.086957
v 1.521739 1.051817 0.652174
v 1.521739 0.772181 0.217391
v 1.521739 0.455102 -0.217391
v 1.521739 -0.067751 -0.652174
v 1.521739 -0.563805 -1.086957
v 1.521739 -0.678159 -1.521739
v 1.521739 -1.002415 -1.956522
v 1.521739 -0.919169 -2.391304
v 1.521739 -0.804117 -2.826087
v 1.521739 -0.609994 -3.260870
v 1.521739 -0.326097 -3.695652
v 1.521739 -0.114472 -4.130435
v 1.521739 -0.021916 -4.565217
v 1.521739 0.000000 -5.000000
v 1.956522 0.000000 5.000000
v 1.956522 0.078378 4.565217
v 1.956522 0.211341 4.130435
v 1.956522 0.483152 3.695652
v 1.956522 0.770261 3.260870
v 1.956522 0.908596 2.826087
v 1.956522 1.161592 2.391304
v 1.956522 1.452812 1.956522
v 1.956522 1.673149 1.521739
v 1.956522 1.357214 1.086957
v 1.956522 1.242415 0.652174
v 1.956522 1.071901 0.217391
v 1.956522 0.795024 -0.217391
v 1.956522 0.396319 -0.652174
v 1.956522 -0.141922 -1.086957
v 1.956522 -0.280510 -1.521739
v 1.956522 -0.546804 -1.956522
v 1.956522 -0.930607 -2.391304
v 1.956522 -0.681037 -2.826087
v 1.956522 -0.403614 -3.260870
v 1.956522 -0.122936 -3.695652
v 1.956522 -0.057217 -4.130435
v 1.956522 0.000121 -4.565217
v 1.956522 0.000000 -5.000000
v 2.391304 0.000000 5.000000
v 2.391304 0.089789 4.565217
v 2.391304 0.299927 4.130435
v 2.391304 0.672055 3.695652
v 2.391304 0.994173 3.260870
v 2.391304 0.938855 2.826087
v 2.391304 0.975704 2.391304
v 2.391304 1.376330 1.956522
v 2.391304 1.721606 1.521739
v 2.391304 1.372583 1.086957
v 2.391304 1.169191 0.652174
v 2.391304 0.913231 0.217391
v 2.391304 0.836480 -0.217391
v 2.391304 0.540622 -0.652174
v 2.391304 0.324601 -1.086957
v 2.391304 0.019713 -1.521739
v 2.391304 -0.319435 -1.956522
v 2.391304 -0.568018 -2.391304
v 2.391304 -0.408650 -2.826087
v 2.391304 -0.316373 -3.260870
v 2.391304 -0.096035 -3.695652
v 2.391304 -0.051475 -4.130435
v 2.391304 -0.011133 -4.565217
v 2.391304 0.000000 -5.000000
v 2.826087 0.000000 5.000000
v 2.826087 0.061775 4.565217
v 2.826087 0.313745 4.130435
v 2.826087 0.634210 3.695652
v 2.826087 1.013394 3.260870
v 2.826087 1.056508 2.826087
v 2.826087 1.206617 2.391304
v 2.826087 1.503454 1.956522
v 2.826087 1.736341 1.521739
v 2.826087 1.314957 1.086957
v 2.826087 0.997089 0.652174
v 2.826087 1.011196 0.217391
v 2.826087 0.991462 -0.217391
v 2.826087 0.731349 -0.652174
v 2.826087 0.651722 -1.086957
v 2.826087 0.272193 -1.521739
v 2.826087 -0.046652 -1.956522
v 2.826087 -0.357045 -2.391304
v 2.826087 -0.280906 -2.826087
v 2.826087 -0.225902 -3.260870
v 2.826087 -0.076003 -3.695652
v 2.826087 -0.077888 -4.130435
v 2.826087 -0.015165 -4.565217
v 2.826087 0.000000 -5.000000
v 3.260870 0.000000 5.000000
v 3.260870 0.029015 4.565217
v 3.260870 0.245436 4.130435
v 3.260870 0.570238 3.695652
v 3.260870 0.993500 3.260870
v 3.260870 1.215589 2.826087
v 3.260870 1.486296 2.391304
v 3.260870 1.590650 1.956522
v 3.260870 1.385201 1.521739
v 3.260870 1.228213 1.086957
v 3.260870 1.001154 0.652174
v 3.260870 0.815935 0.217391
v 3.260870 0.862429 -0.217391
v 3.260870 0.637015 -0.652174
v 3.260870 0.424413 -1.086957
v 3.260870 0.163432 -1.521739
v 3.260870 -0.094567 -1.956522
v 3.260870 -0.153932 -2.391304
v 3.260870 -0.095758 -2.826087
v 3.260870 -0.060237 -3.260870
v 3.260870 -0.096372 -3.695652
v 3.260870 -0.084857 -4.130435
v 3.260870 -0.007124 -4.565217
v 3.260870 0.000000 -5.000000
v 3.695652 0.000000 5.000000
v 3.695652 0.000087 4.565217
v 3.695652 0.112181 4.130435
v 3.695652 0.387495 3.695652
v 3.695652 0.745601 3.260870
v 3.695652 1.017078 2.826087
v 3.695652 1.043931 2.391304
v 3.695652 0.980641 1.956522
v 3.695652 0.845982 1.521739
v 3.695652 0.841277 1.086957
v 3.695652 0.732640 0.652174
v 3.695652 0.563430 0.217391
v 3.695652 0.486077 -0.217391
v 3.695652 0.316789 -0.652174
v 3.695652 0.171719 -1.086957
v 3.695652 0.007234 -1.521739
v 3.695652 -0.056174 -1.956522
v 3.695652 -0.125590 -2.391304
v 3.695652 -0.160190 -2.826087
v 3.695652 -0.106583 -3.260870
v 3.695652 -0.091172 -3.695652
v 3.695652 -0.044692 -4.130435
v 3.695652 -0.000022 -4.565217
v 3.695652 0.000000 -5.000000
v 4.130435 0.000000 5.000000
v 4.130435 0.000000 4.565217
v 4.130435 0.009179 4.130435
v 4.130435 0.119802 3.695652
v 4.130435 0.305337 3.260870
v 4.130435 0.483792 2.826087
v 4.130435 0.551947 2.391304
v 4.130435 0.501392 1.956522
v 4.130435 0.447452 1.521739
v 4.130435 0.459028 1.086957
v 4.130435 0.423865 0.652174
v 4.130435 0.335513 0.217391
v 4.130435 0.190058 -0.217391
v 4.130435 0.055961 -0.652174
v 4.130435 -0.056227 -1.086957
v 4.130435 -0.076092 -1.521739
v 4.130435 -0.132514 -1.956522
v 4.130435 -0.124959 -2.391304
v 4.130435 -0.145255 -2.826087
v 4.130435 -0.077866 -3.260870
v 4.130435 -0.031493 -3.695652
v 4.130435 -0.002604 -4.130435
v 4.130435 0.000000 -4.565217
v 4.130435 0.000000 -5.000000
v 4.565217 0.000000 5.000000
v 4.565217 0.000000 4.565217
v 4.565217 0.000000 4.130435
v 4.565217 0.000080 3.695652
v 4.565217 0.032977 3.260870
v 4.565217 0.090852 2.826087
v 4.565217 0.132603 2.391304
v 4.565217 0.143137 1.956522
v 4.565217 0.117148 1.521739
v 4.565217 0.128970 1.086957
v 4.565217 0.114622 0.652174
v 4.565217 0.079982 0.217391
v 4.565217 0.045156 -0.217391
v 4.565217 -0.003966 -0.652174
v 4.565217 -0.040340 -1.086957
v 4.565217 -0.056996 -1.521739
v 4.565217 -0.058553 -1.956522
v 4.565217 -0.039624 -2.391304
v 4.565217 -0.031109 -2.826087
v 4.565217 -0.010133 -3.260870
v 4.565217 -0.000023 -3.695652
v 4.565217 0.000000 -4.130435
v 4.565217 0.000000 -4.565217
v 4.565217 0.000000 -5.000000
v 5.000000 0.000000 5.000000
v 5.000000 0.000000 4.565217
v 5.000000 0.000000 4.130435
v 5.000000 0.000000 3.695652
v 5.000000 0.000000 3.260870
v 5.000000 0.000000 2.826087
v 5.000000 0.000000 2.391304
v 5.000000 0.000000 1.956522
v 5.000000 0.000000 1.521739
v 5.000000 0.000000 1.086957
v 5.000000 0.000000 0.652174
v 5.000000 0.000000 0.217391
v 5.000000 0.000000 -0.217391
v 5.000000 0.000000 -0.652174
v 5.000000 0.000000 -1.086957
v 5.000000 0.000000 -1.521739
v 5.000000 0.000000 -1.956522
v 5.000000 0.000000 -2.391304
v 5.000000 0.000000 -2.826087
v 5.000000 0.000000 -3.260870
v 5.000000 0.000000 -3.695652
v 5.000000 0.000000 -4.130435
v 5.000000 0.000000 -4.565217
v 5.000000 0.000000 -5.000000
s 1
f 2 1 25 26
f 3 2 26 27
f 4 3 27 28
f 5 4 28 29
f 6 5 29 30
f 7 6 30 31
f 8 7 31 32
f 9 8 32 33
f 10 9 33 34
f 11 10 34 35
f 12 11 35 36
f 13 12 36 37
f 14 13 37 38
f 15 14 38 39
f 16 15 39 40
f 17 16 40 41
f 18 17 41 42
f 19 18 42 43
f 20 19 43 44
f 21 20 44 45
f 22 21 45 46
f 23 22 46 47
f 24 23 47 48
f 26 25 49 50
f 27 26 50 51
f 28 27 51 52
f 29 28 52 53
f 30 29 53 54
f 31 30 54 55
f 32 31 55 56
f 33 32 56 57
f 34 33 57 58
f 35 34 58 59
f 36 35 59 60
f 37 36 60 61
f 38 37 61 62
f 39 38 62 63
f 40 39 63 64
f 41 40 64 65
f 42 41 65 66
f 43 42 66 67
f 44 43 67 68
f 45 44 68 69
f 46 45 69 70
f 47 46 70 71
f 48 47 71 72
f 50 49 73 74
f 51 50 74 75
f 52 51 75 76
f 53 52 76 77
f 54 53 77 78
f 55 54 78 79
f 56 55 79 80
f 57 56 80 81
f 58 57 81 82
f 59 58 82 83
f 60 59 83 84
f 61 60 84 85
f 62 61 85 86
f 63 62 86 87
f 64 63 87 88
f 65 64 88 89
f 66 65 89 90
f 67 66 90 91
f 68 67 91 92
f 69 68 92 93
f 70 69 93 94
f 71 70 94 95
f 72 71 95 96
f 74 73 97 98
f 75 74 98 99
f 76 75 99 100
f 77 76 100 101
f 78 77 101 102
f 79 78 102 103
f 80 79 103 104
f 81 80 104 105
f 82 81 105 106
f 83 82 106 107
f 84 83 107 108
f 85 84 108 109
f 86 85 109 110
f 87 86 110 111
f 88 87 111 112
f 89 88 112 113
f 90 89 113 114
f 91 90 114 115
f 92 91 115 116
f 93 92 116 117
f 94 93 117 118
f 95 94 118 119
f 96 95 119 120
f 98 97 121 122
f 99 98 122 123
f 100 99 123 124
f 101 100 124 125
f 102 101 125 126
f 103 102 126 127
f 104 103 127 128
f 105 104 128 129
f 106 105 129 130
f 107 106 130 131
f 108 107 131 132
f 109 108 132 133
f 110 109 133 134
f 111 110 134 135
f 112 111 135 136
f 113 112 136 137
f 114 113 137 138
f 115 114 138 139
f 116 115 139 140
f 117 116 140 141
f 118 117 141 142
f 119 118 142 143
f 120 119 143 144
f 122 121 145 146
f 123 122 146 147
f 124 123 147 148
f 125 124 148 149
f 126 125 149 150
f 127 126 150 151
f 128 127 151 152
f 129 128 152 153
f 130 129 153 154
f 131 130 154 155
f 132 131 155 156
f 133 132 156 157
f 134 133 157 158
f 135 134 158 159
f 136 135 159 160
f 137 136 160 161
f 138 137 161 162
f 139 138 162 163
f 140 139 163 164
f 141 140 164 165
f 142 141 165 166
f 143 142 166 167
f 144 143 167 168
f 146 145 169 170
f 147 146 170 171
f 148 147 171 172
f 149 148 172 173
f 150 149 173 174
f 151 150 174 175
f 152 151 175 176
f 153 152 176 177
f 154 153 177 178
f 155 154 178 179
f 156 155 179 180
f 157 156 180 181
f 158 157 181 182
f 159 158 182 183
f 160 159 183 184
f 161 160 184 185
f 162 161 185 186
f 163 162 186 187
f 164 163 187 188
f 165 164 188 189
f 166 165 189 190
f 167 166 190 191
f 168 167 191 192
f 170 169 193 194
f 171 170 194 195
f 172 171 195 196
f 173 172 196 197
f 174 173 197 198
f 175 174 198 199
f 176 175 199 200
f 177 176 200 201
f 178 177 201 202
f 179 178 202 203
f 180 179 203 204
f 181 180 204 205
f 182 181 205 206
f 183 182 206 207
f 184 183 207 208
f 185 184 208 209
f 186 185 209 210
f 187 186 210 211
f 188 187 211 212
f 189 188 212 213
f 190 189 213 214
f 191 190 214 215
f 192 191 215 216
f 194 193 217 218
f 195 194 218 219
f 196 195 219 220
f 197 196 220 221
f 198 197 221 222
f 199 198 222 223
f 200 199 223 224
f 201 200 224 225
f 202 201 225 226
f 203 202 226 227
f 204 203 227 228
f 205 204 228 229
f 206 205 229 230
f 207 206 230 231
f 208 207 231 232
f 209 208 232 233
f 210 209 233 234
f 211 210 234 235
f 212 211 235 236
f 213 212 236 237
f 214 213 237 238
f 215 214 238 239
f 216 215 239 240
f 218 217 241 242
f 219 218 242 243
f 220 219 243 244
f 221 220 244 245
f 222 221 245 246
f 223 222 246 247
f 224 223 247 248
f 225 224 248 249
f 226 225 249 250
f 227 226 250 251
f 228 227 251 252
f 229 228 252 253
f 230 229 253 254
f 231 230 254 255
f 232 231 255 256
f 233 232 256 257
f 234 233 257 258
f 235 234 258 259
f 236 235 259 260
f 237 236 260 261
f 238 237 261 262
f 239 238 262 263
f 240 239 263 264
f 242 241 265 266
f 243 242 266 267
f 244 243 267 268
f 245 244 268 269
f 246 245 269 270
f 247 246 270 271
f 248 247 271 272
f 249 248 272 273
f 250 249 273 274
f 251 250 274 275
f 252 251 275 276
f 253 252 276 277
f 254 253 277 278
f 255 254 278 279
f 256 255 279 280
f 257 256 280 281
f 258 257 281 282
f 259 258 282 283
f 260 259 283 284
f 261 260 284 285
f 262 261 285 286
f 263 262 286 287
f 264 263 287 288
f 266 265 289 290
f 267 266 290 291
f 268 267 291 292
f 269 268 292 293
f 270 269 293 294
f 271 270 294 295
f 272 271 295 296
f 273 272 296 297
f 274 273 297 298
f 275 274 298 299
f 276 275 299 300
f 277 276 300 301
f 278 277 301 302
f 279 278 302 303
f 280 279 303 304
f 281 280 304 305
f 282 281 305 306
f 283 282 306 307
f 284 283 307 308
f 285 284 308 309
f 286 285 309 310
f 287 286 310 311
f 288 287 311 312
f 290 289 313 314
f 291 290 314 315
f 292 291 315 316
f 293 292 316 317
f 294 293 317 318
f 295 294 318 319
f 296 295 319 320
f 297 296 320 321
f 298 297 321 322
f 299 298 322 323
f 300 299 323 324
f 301 300 324 325
f 302 301 325 326
f 303 302 326 327
f 304 303 327 328
f 305 304 328 329
f 306 305 329 330
f 307 306 330 331
f 308 307 331 332
f 309 308 332 333
f 310 309 333 334
f 311 310 334 335
f 312 311 335 336
f 314 313 337 338
f 315 314 338 339
f 316 315 339 340
f 317 316 340 341
f 318 317 341 342
f 319 318 342 343
f 320 319 343 344
f 321 320 344 345
f 322 321 345 346
f 323 322 346 347
f 324 323 347 348
f 325 324 348 349
f 326 325 349 350
f 327 326 350 351
f 328 327 351 352
f 329 328 352 353
f 330 329 353 354
f 331 330 354 355
f 332 331 355 356
f 333 332 356 357
f 334 333 357 358
f 335 334 358 359
f 336 335 359 360
f 338 337 361 362
f 339 338 362 363
f 340 339 363 364
f 341 340 364 365
f 342 341 365 366
f 343 342 366 367
f 344 343 367 368
f 345 344 368 369
f 346 345 369 370
f 347 346 370 371
f 348 347 371 372
f 349 348 372 373
f 350 349 373 374
f 351 350 374 375
f 352 351 375 376
f 353 352 376 377
f 354 353 377 378
f 355 354 378 379
f 356 355 379 380
f 357 356 380 381
f 358 357 381 382
f 359 358 382 383
f 360 359 383 384
f 362 361 385 386
f 363 362 386 387
f 364 363 387 388
f 365 364 388 389
f 366 365 389 390
f 367 366 390 391
f 368 367 391 392
f 369 368 392 393
f 370 369 393 394
f 371 370 394 395
f 372 371 395 396
f 373 372 396 397
f 374 373 397 398
f 375 374 398 399
f 376 375 399 400
f 377 376 400 401
f 378 377 401 402
f 379 378 402 403
f 380 379 403 404
f 381 380 404 405
f 382 381 405 406
f 383 382 406 407
f 384 383 407 408
f 386 385 409 410
f 387 386 410 411
f 388 387 411 412
f 389 388 412 413
f 390 389 413 414
f 391 390 414 415
f 392 391 415 416
f 393 392 416 417
f 394 393 417 418
f 395 394 418 419
f 396 395 419 420
f 397 396 420 421
f 398 397 421 422
f 399 398 422 423
f 400 399 423 424
f 401 400 424 425
f 402 401 425 426
f 403 402 426 427
f 404 403 427 428
f 405 404 428 429
f 406 405 429 430
f 407 406 430 431
f 408 407 431 432
f 410 409 433 434
f 411 410 434 435
f 412 411 435 436
f 413 412 436 437
f 414 413 437 438
f 415 414 438 439
f 416 415 439 440
f 417 416 440 441
f 418 417 441 442
f 419 418 442 443
f 420 419 443 444
f 421 420 444 445
f 422 421 445 446
f 423 422 446 447
f 424 423 447 448
f 425 424 448 449
f 426 425 449 450
f 427 426 450 451
f 428 427 451 452
f 429 428 452 453
f 430 429 453 454
f 431 430 454 455
f 432 431 455 456
f 434 433 457 458
f 435 434 458 459
f 436 435 459 460
f 437 436 460 461
f 438 437 461 462
f 439 438 462 463
f 440 439 463 464
f 441 440 464 465
f 442 441 465 466
f 443 442 466 467
f 444 443 467 468
f 445 444 468 469
f 446 445 469 470
f 447 446 470 471
f 448 447 471 472
f 449 448 472 473
f 450 449 473 474
f 451 450 474 475
f 452 451 475 476
f 453 452 476 477
f 454 453 477 478
f 455 454 478 479
f 456 455 479 480
f 458 457 481 482
f 459 458 482 483
f 460 459 483 484
f 461 460 484 485
f 462 461 485 486
f 463 462 486 487
f 464 463 487 488
f 465 464 488 489
f 466 465 489 490
f 467 466 490 491
f 468 467 491 492
f 469 468 492 493
f 470 469 493 494
f 471 470 494 495
f 472 471 495 496
f 473 472 496 497
f 474 473 497 498
f 475 474 498 499
f 476 475 499 500
f 477 476 500 501
f 478 477 501 502
f 479 478 502 503
f 480 479 503 504
f 482 481 505 506
f 483 482 506 507
f 484 483 507 508
f 485 484 508 509
f 486 485 509 510
f 487 486 510 511
f 488 487 511 512
f 489 488 512 513
f 490 489 513 514
f 491 490 514 515
f 492 491 515 516
f 493 492 516 517
f 494 493 517 518
f 495 494 518 519
f 496 495 519 520
f 497 496 520 521
f 498 497 521 522
f 499 498 522 523
f 500 499 523 524
f 501 500 524 525
f 502 501 525 526
f 503 502 526 527
f 504 503 527 528
f 506 505 529 530
f 507 506 530 531
f 508 507 531 532
f 509 508 532 533
f 510 509 533 534
f 511 510 534 535
f 512 511 535 536
f 513 512 536 537
f 514 513 537 538
f 515 514 538 539
f 516 515 539 540
f 517 516 540 541
f 518 517 541 542
f 519 518 542 543
f 520 519 543 544
f 521 520 544 545
f 522 521 545 546
f 523 522 546 547
f 524 523 547 548
f 525 524 548 549
f 526 525 549 550
f 527 526 550 551
f 528 527 551 552
f 530 529 553 554
f 531 530 554 555
f 532 531 555 556
f 533 532 556 557
f 534 533 557 558
f 535 534 558 559
f 536 535 559 560
f 537 536 560 561
f 538 537 561 562
f 539 538 562 563
f 540 539 563 564
f 541 540 564 565
f 542 541 565 566
f 543 542 566 567
f 544 543 567 568
f 545 544 568 569
f 546 545 569 570
f 547 546 570 571
f 548 547 571 572
f 549 548 572 573
f 550 549 573 574
f 551 550 574 575
f 552 551 575 576
