# Blender v2.79 (sub 0) OBJ File: ''
# www.blender.org
v -5.000000 0.000000 5.000000
v -5.000000 0.000000 4.677419
v -5.000000 0.000000 4.354839
v -5.000000 0.000000 4.032258
v -5.000000 0.000000 3.709677
v -5.000000 0.000000 3.387097
v -5.000000 0.000000 3.064516
v -5.000000 0.000000 2.741935
v -5.000000 0.000000 2.419355
v -5.000000 0.000000 2.096774
v -5.000000 0.000000 1.774194
v -5.000000 0.000000 1.451613
v -5.000000 0.000000 1.129032
v -5.000000 0.000000 0.806452
v -5.000000 0.000000 0.483871
v -5.000000 0.000000 0.161290
v -5.000000 0.000000 -0.161290
v -5.000000 0.000000 -0.483871
v -5.000000 0.000000 -0.806452
v -5.000000 0.000000 -1.129032
v -5.000000 0.000000 -1.451613
v -5.000000 0.000000 -1.774194
v -5.000000 0.000000 -2.096774
v -5.000000 0.000000 -2.419355
v -5.000000 0.000000 -2.741935
v -5.000000 0.000000 -3.064516
v -5.000000 0.000000 -3.387097
v -5.000000 0.000000 -3.709677
v -5.000000 0.000000 -4.032258
v -5.000000 0.000000 -4.354839
v -5.000000 0.000000 -4.677419
v -5.000000 0.000000 -5.000000
v -4.677419 0.000000 5.000000
v -4.677419 0.000000 4.677419
v -4.677419 0.000000 4.354839
v -4.677419 0.000000 4.032258
v -4.677419 0.000000 3.709677
v -4.677419 0.000473 3.387097
v -4.677419 0.010242 3.064516
v -4.677419 0.028210 2.741935
v -4.677419 0.048645 2.419355
v -4.677419 0.067075 2.096774
v -4.677419 0.079019 1.774194
v -4.677419 0.083075 1.451613
v -4.677419 0.098095 1.129032
v -4.677419 0.099541 0.806452
v -4.677419 0.086378 0.483871
v -4.677419 0.075714 0.161290
v -4.677419 0.089931 -0.161290
v -4.677419 0.092937 -0.483871
v -4.677419 0.077954 -0.806452
v -4.677419 0.057239 -1.129032
v -4.677419 0.040981 -1.451613
v -4.677419 0.032039 -1.774194
v -4.677419 0.026064 -2.096774
v -4.677419 0.021332 -2.419355
v -4.677419 0.006033 -2.741935
v -4.677419 0.000029 -3.064516
v -4.677419 -0.000170 -3.387097
v -4.677419 0.000000 -3.709677
v -4.677419 0.000000 -4.032258
v -4.677419 0.000000 -4.354839
v -4.677419 0.000000 -4.677419
v -4.677419 0.000000 -5.000000
v -4.354839 0.000000 5.000000
v -4.354839 0.000000 4.677419
v -4.354839 0.000000 4.354839
v -4.354839 0.000001 4.032258
v -4.354839 0.007183 3.709677
v -4.354839 0.029275 3.387097
v -4.354839 0.079875 3.064516
v -4.354839 0.123114 2.741935
v -4.354839 0.165618 2.419355
v -4.354839 0.192242 2.096774
v -4.354839 0.249864 1.774194
v -4.354839 0.280946 1.451613
v -4.354839 0.310468 1.129032
v -4.354839 0.357711 0.806452
v -4.354839 0.315577 0.483871
v -4.354839 0.323482 0.161290
v -4.354839 0.340724 -0.161290
v -4.354839 0.308236 -0.483871
v -4.354839 0.251307 -0.806452
v -4.354839 0.174833 -1.129032
v -4.354839 0.132682 -1.451613
v -4.354839 0.087540 -1.774194
v -4.354839 0.113446 -2.096774
v -4.354839 0.056087 -2.419355
v -4.354839 0.020160 -2.741935
v -4.354839 -0.008171 -3.064516
v -4.354839 -0.016719 -3.387097
v -4.354839 -0.006644 -3.709677
v -4.354839 -0.000001 -4.032258
v -4.354839 0.000000 -4.354839
v -4.354839 0.000000 -4.677419
v -4.354839 0.000000 -5.000000
v -4.032258 0.000000 5.000000
v -4.032258 0.000000 4.677419
v -4.032258 -0.000000 4.354839
v -4.032258 0.003009 4.032258
v -4.032258 0.011873 3.709677
v -4.032258 0.033254 3.387097
v -4.032258 0.081140 3.064516
v -4.032258 0.168429 2.741935
v -4.032258 0.267342 2.419355
v -4.032258 0.352891 2.096774
v -4.032258 0.463098 1.774194
v -4.032258 0.526273 1.451613
v -4.032258 0.586325 1.129032
v -4.032258 0.616003 0.806452
v -4.032258 0.646687 0.483871
v -4.032258 0.662567 0.161290
v -4.032258 0.607239 -0.161290
v -4.032258 0.566288 -0.483871
v -4.032258 0.435351 -0.806452
v -4.032258 0.293247 -1.129032
v -4.032258 0.181539 -1.451613
v -4.032258 0.134329 -1.774194
v -4.032258 0.163221 -2.096774
v -4.032258 0.060639 -2.419355
v -4.032258 -0.015763 -2.741935
v -4.032258 -0.045178 -3.064516
v -4.032258 -0.060073 -3.387097
v -4.032258 -0.049795 -3.709677
v -4.032258 -0.016289 -4.032258
v -4.032258 -0.000002 -4.354839
v -4.032258 0.000000 -4.677419
v -4.032258 0.000000 -5.000000
v -3.709677 0.000000 5.000000
v -3.709677 0.000000 4.677419
v -3.709677 -0.005316 4.354839
v -3.709677 -0.015792 4.032258
v -3.709677 -0.023488 3.709677
v -3.709677 -0.025610 3.387097
v -3.709677 0.000440 3.064516
v -3.709677 0.133736 2.741935
v -3.709677 0.356417 2.419355
v -3.709677 0.472679 2.096774
v -3.709677 0.677477 1.774194
v -3.709677 0.703136 1.451613
v -3.709677 0.864597 1.129032
v -3.709677 0.947042 0.806452
v -3.709677 0.938045 0.483871
v -3.709677 0.973787 0.161290
v -3.709677 0.938440 -0.161290
v -3.709677 0.821929 -0.483871
v -3.709677 0.626682 -0.806452
v -3.709677 0.364010 -1.129032
v -3.709677 0.225439 -1.451613
v -3.709677 0.135648 -1.774194
v -3.709677 0.117759 -2.096774
v -3.709677 0.009660 -2.419355
v -3.709677 -0.075818 -2.741935
v -3.709677 -0.105611 -3.064516
v -3.709677 -0.198394 -3.387097
v -3.709677 -0.139655 -3.709677
v -3.709677 -0.078012 -4.032258
v -3.709677 -0.014805 -4.354839
v -3.709677 0.000000 -4.677419
v -3.709677 0.000000 -5.000000
v -3.387097 0.000000 5.000000
v -3.387097 -0.000334 4.677419
v -3.387097 -0.014640 4.354839
v -3.387097 -0.059127 4.032258
v -3.387097 -0.096662 3.709677
v -3.387097 -0.119364 3.387097
v -3.387097 -0.032723 3.064516
v -3.387097 -0.012683 2.741935
v -3.387097 0.227857 2.419355
v -3.387097 0.336105 2.096774
v -3.387097 0.613252 1.774194
v -3.387097 0.773637 1.451613
v -3.387097 1.005783 1.129032
v -3.387097 1.055519 0.806452
v -3.387097 1.170984 0.483871
v -3.387097 1.320676 0.161290
v -3.387097 1.388142 -0.161290
v -3.387097 1.031497 -0.483871
v -3.387097 0.750537 -0.806452
v -3.387097 0.504726 -1.129032
v -3.387097 0.239006 -1.451613
v -3.387097 0.057500 -1.774194
v -3.387097 0.023000 -2.096774
v -3.387097 -0.109222 -2.419355
v -3.387097 -0.230318 -2.741935
v -3.387097 -0.314533 -3.064516
v -3.387097 -0.302681 -3.387097
v -3.387097 -0.261644 -3.709677
v -3.387097 -0.155381 -4.032258
v -3.387097 -0.053514 -4.354839
v -3.387097 -0.000742 -4.677419
v -3.387097 0.000000 -5.000000
v -3.064516 0.000000 5.000000
v -3.064516 -0.006438 4.677419
v -3.064516 -0.057555 4.354839
v -3.064516 -0.121539 4.032258
v -3.064516 -0.231750 3.709677
v -3.064516 -0.264097 3.387097
v -3.064516 -0.299565 3.064516
v -3.064516 -0.174760 2.741935
v -3.064516 0.111513 2.419355
v -3.064516 0.298205 2.096774
v -3.064516 0.540265 1.774194
v -3.064516 0.694425 1.451613
v -3.064516 0.969686 1.129032
v -3.064516 1.140600 0.806452
v -3.064516 1.425145 0.483871
v -3.064516 1.633768 0.161290
v -3.064516 1.588568 -0.161290
v -3.064516 1.083610 -0.483871
v -3.064516 0.735055 -0.806452
v -3.064516 0.440737 -1.129032
v -3.064516 0.133239 -1.451613
v -3.064516 -0.097668 -1.774194
v -3.064516 -0.222393 -2.096774
v -3.064516 -0.249891 -2.419355
v -3.064516 -0.355725 -2.741935
v -3.064516 -0.428478 -3.064516
v -3.064516 -0.439285 -3.387097
v -3.064516 -0.374721 -3.709677
v -3.064516 -0.256752 -4.032258
v -3.064516 -0.104319 -4.354839
v -3.064516 -0.011793 -4.677419
v -3.064516 0.000000 -5.000000
v -2.741935 0.000000 5.000000
v -2.741935 -0.019677 4.677419
v -2.741935 -0.122059 4.354839
v -2.741935 -0.276075 4.032258
v -2.741935 -0.430047 3.709677
v -2.741935 -0.510251 3.387097
v -2.741935 -0.467668 3.064516
v -2.741935 -0.372425 2.741935
v -2.741935 -0.130427 2.419355
v -2.741935 0.067006 2.096774
v -2.741935 0.319699 1.774194
v -2.741935 0.488607 1.451613
v -2.741935 0.745137 1.129032
v -2.741935 1.095296 0.806452
v -2.741935 1.648177 0.483871
v -2.741935 1.720306 0.161290
v -2.741935 1.424158 -0.161290
v -2.741935 1.047203 -0.483871
v -2.741935 0.778155 -0.806452
v -2.741935 0.303300 -1.129032
v -2.741935 -0.046001 -1.451613
v -2.741935 -0.320083 -1.774194
v -2.741935 -0.449565 -2.096774
v -2.741935 -0.491240 -2.419355
v -2.741935 -0.450409 -2.741935
v -2.741935 -0.459499 -3.064516
v -2.741935 -0.455276 -3.387097
v -2.741935 -0.328272 -3.709677
v -2.741935 -0.264117 -4.032258
v -2.741935 -0.141906 -4.354839
v -2.741935 -0.028227 -4.677419
v -2.741935 0.000000 -5.000000
v -2.419355 0.000000 5.000000
v -2.419355 -0.039693 4.677419
v -2.419355 -0.178471 4.354839
v -2.419355 -0.374031 4.032258
v -2.419355 -0.546326 3.709677
v -2.419355 -0.669510 3.387097
v -2.419355 -0.626918 3.064516
v -2.419355 -0.451688 2.741935
v -2.419355 -0.236450 2.419355
v -2.419355 -0.128023 2.096774
v -2.419355 0.058527 1.774194
v -2.419355 0.357390 1.451613
v -2.419355 0.660714 1.129032
v -2.419355 1.342559 0.806452
v -2.419355 1.943957 0.483871
v -2.419355 1.798801 0.161290
v -2.419355 1.422728 -0.161290
v -2.419355 0.951261 -0.483871
v -2.419355 0.732259 -0.806452
v -2.419355 0.229669 -1.129032
v -2.419355 -0.116188 -1.451613
v -2.419355 -0.415480 -1.774194
v -2.419355 -0.424780 -2.096774
v -2.419355 -0.523051 -2.419355
v -2.419355 -0.498886 -2.741935
v -2.419355 -0.522557 -3.064516
v -2.419355 -0.394270 -3.387097
v -2.419355 -0.313688 -3.709677
v -2.419355 -0.237561 -4.032258
v -2.419355 -0.122096 -4.354839
v -2.419355 -0.037195 -4.677419
v -2.419355 0.000000 -5.000000
v -2.096774 0.000000 5.000000
v -2.096774 -0.048742 4.677419
v -2.096774 -0.184110 4.354839
v -2.096774 -0.381262 4.032258
v -2.096774 -0.516023 3.709677
v -2.096774 -0.630834 3.387097
v -2.096774 -0.518771 3.064516
v -2.096774 -0.318010 2.741935
v -2.096774 -0.278054 2.419355
v -2.096774 -0.336719 2.096774
v -2.096774 0.012941 1.774194
v -2.096774 0.433828 1.451613
v -2.096774 0.891885 1.129032
v -2.096774 1.367482 0.806452
v -2.096774 1.840129 0.483871
v -2.096774 1.836226 0.161290
v -2.096774 1.491473 -0.161290
v -2.096774 1.070149 -0.483871
v -2.096774 0.691687 -0.806452
v -2.096774 0.190014 -1.129032
v -2.096774 -0.278259 -1.451613
v -2.096774 -0.548799 -1.774194
v -2.096774 -0.566174 -2.096774
v -2.096774 -0.416098 -2.419355
v -2.096774 -0.394059 -2.741935
v -2.096774 -0.406318 -3.064516
v -2.096774 -0.322376 -3.387097
v -2.096774 -0.309199 -3.709677
v -2.096774 -0.235613 -4.032258
v -2.096774 -0.149363 -4.354839
v -2.096774 -0.041969 -4.677419
v -2.096774 0.000000 -5.000000
v -1.774194 0.000000 5.000000
v -1.774194 -0.042444 4.677419
v -1.774194 -0.170053 4.354839
v -1.774194 -0.356902 4.032258
v -1.774194 -0.397940 3.709677
v -1.774194 -0.434674 3.387097
v -1.774194 -0.455926 3.064516
v -1.774194 -0.357000 2.741935
v -1.774194 -0.325177 2.419355
v -1.774194 -0.201477 2.096774
v -1.774194 -0.064922 1.774194
v -1.774194 0.669936 1.451613
v -1.774194 1.061129 1.129032
v -1.774194 1.280149 0.806452
v -1.774194 1.306740 0.483871
v -1.774194 1.279548 0.161290
v -1.774194 1.277416 -0.161290
v -1.774194 1.019933 -0.483871
v -1.774194 0.468366 -0.806452
v -1.774194 -0.020421 -1.129032
v -1.774194 -0.479198 -1.451613
v -1.774194 -0.550435 -1.774194
v -1.774194 -0.540891 -2.096774
v -1.774194 -0.532171 -2.419355
v -1.774194 -0.363424 -2.741935
v -1.774194 -0.415533 -3.064516
v -1.774194 -0.423133 -3.387097
v -1.774194 -0.402590 -3.709677
v -1.774194 -0.315331 -4.032258
v -1.774194 -0.140677 -4.354839
v -1.774194 -0.036508 -4.677419
v -1.774194 0.000000 -5.000000
v -1.451613 0.000000 5.000000
v -1.451613 -0.041641 4.677419
v -1.451613 -0.162237 4.354839
v -1.451613 -0.311006 4.032258
v -1.451613 -0.398950 3.709677
v -1.451613 -0.488023 3.387097
v -1.451613 -0.552913 3.064516
v -1.451613 -0.423479 2.741935
v -1.451613 -0.413678 2.419355
v -1.451613 -0.223641 2.096774
v -1.451613 0.249097 1.774194
v -1.451613 0.736735 1.451613
v -1.451613 1.060064 1.129032
v -1.451613 0.946524 0.806452
v -1.451613 0.896119 0.483871
v -1.451613 0.581222 0.161290
v -1.451613 0.670030 -0.161290
v -1.451613 0.592052 -0.483871
v -1.451613 0.298647 -0.806452
v -1.451613 -0.268012 -1.129032
v -1.451613 -0.664003 -1.451613
v -1.451613 -0.722363 -1.774194
v -1.451613 -0.789269 -2.096774
v -1.451613 -0.745044 -2.419355
v -1.451613 -0.470423 -2.741935
v -1.451613 -0.503636 -3.064516
v -1.451613 -0.515547 -3.387097
v -1.451613 -0.473798 -3.709677
v -1.451613 -0.395891 -4.032258
v -1.451613 -0.169105 -4.354839
v -1.451613 -0.040782 -4.677419
v -1.451613 0.000000 -5.000000
v -1.129032 0.000000 5.000000
v -1.129032 -0.036702 4.677419
v -1.129032 -0.120588 4.354839
v -1.129032 -0.269236 4.032258
v -1.129032 -0.346916 3.709677
v -1.129032 -0.557821 3.387097
v -1.129032 -0.576139 3.064516
v -1.129032 -0.435967 2.741935
v -1.129032 -0.318869 2.419355
v -1.129032 -0.100542 2.096774
v -1.129032 0.269671 1.774194
v -1.129032 0.708973 1.451613
v -1.129032 0.900292 1.129032
v -1.129032 0.754291 0.806452
v -1.129032 0.417627 0.483871
v -1.129032 -0.060163 0.161290
v -1.129032 0.182788 -0.161290
v -1.129032 0.133815 -0.483871
v -1.129032 -0.085432 -0.806452
v -1.129032 -0.603631 -1.129032
v -1.129032 -0.540974 -1.451613
v -1.129032 -0.593323 -1.774194
v -1.129032 -0.739732 -2.096774
v -1.129032 -0.852215 -2.419355
v -1.129032 -0.747692 -2.741935
v -1.129032 -0.658270 -3.064516
v -1.129032 -0.640910 -3.387097
v -1.129032 -0.559533 -3.709677
v -1.129032 -0.436333 -4.032258
v -1.129032 -0.195662 -4.354839
v -1.129032 -0.048355 -4.677419
v -1.129032 0.000000 -5.000000
v -0.806452 0.000000 5.000000
v -0.806452 -0.036168 4.677419
v -0.806452 -0.111365 4.354839
v -0.806452 -0.259542 4.032258
v -0.806452 -0.354961 3.709677
v -0.806452 -0.505226 3.387097
v -0.806452 -0.609826 3.064516
v -0.806452 -0.490418 2.741935
v -0.806452 -0.396288 2.419355
v -0.806452 -0.131895 2.096774
v -0.806452 0.270032 1.774194
v -0.806452 0.451916 1.451613
v -0.806452 0.384869 1.129032
v -0.806452 0.376264 0.806452
v -0.806452 0.098947 0.483871
v -0.806452 -0.321722 0.161290
v -0.806452 -0.183660 -0.161290
v -0.806452 -0.146108 -0.483871
v -0.806452 -0.456079 -0.806452
v -0.806452 -0.718330 -1.129032
v -0.806452 -0.644620 -1.451613
v -0.806452 -0.567557 -1.774194
v -0.806452 -0.635127 -2.096774
v -0.806452 -0.619294 -2.419355
v -0.806452 -0.707327 -2.741935
v -0.806452 -0.851161 -3.064516
v -0.806452 -0.703059 -3.387097
v -0.806452 -0.578451 -3.709677
v -0.806452 -0.399031 -4.032258
v -0.806452 -0.168989 -4.354839
v -0.806452 -0.045263 -4.677419
v -0.806452 0.000000 -5.000000
v -0.483871 0.000000 5.000000
v -0.483871 -0.018965 4.677419
v -0.483871 -0.095381 4.354839
v -0.483871 -0.219593 4.032258
v -0.483871 -0.269254 3.709677
v -0.483871 -0.430634 3.387097
v -0.483871 -0.499345 3.064516
v -0.483871 -0.493596 2.741935
v -0.483871 -0.316942 2.419355
v -0.483871 -0.156033 2.096774
v -0.483871 0.066115 1.774194
v -0.483871 0.121185 1.451613
v -0.483871 0.073247 1.129032
v -0.483871 -0.139147 0.806452
v -0.483871 -0.147453 0.483871
v -0.483871 -0.498903 0.161290
v -0.483871 -0.404896 -0.161290
v -0.483871 -0.536499 -0.483871
v -0.483871 -0.649780 -0.806452
v -0.483871 -0.983385 -1.129032
v -0.483871 -0.927020 -1.451613
v -0.483871 -0.845598 -1.774194
v -0.483871 -0.604131 -2.096774
v -0.483871 -0.594409 -2.419355
v -0.483871 -0.612492 -2.741935
v -0.483871 -0.646312 -3.064516
v -0.483871 -0.610740 -3.387097
v -0.483871 -0.463179 -3.709677
v -0.483871 -0.324170 -4.032258
v -0.483871 -0.147063 -4.354839
v -0.483871 -0.036910 -4.677419
v -0.483871 0.000000 -5.000000
v -0.161290 0.000000 5.000000
v -0.161290 -0.006714 4.677419
v -0.161290 -0.086455 4.354839
v -0.161290 -0.219696 4.032258
v -0.161290 -0.213149 3.709677
v -0.161290 -0.369597 3.387097
v -0.161290 -0.440351 3.064516
v -0.161290 -0.523318 2.741935
v -0.161290 -0.375845 2.419355
v -0.161290 -0.416621 2.096774
v -0.161290 -0.317510 1.774194
v -0.161290 -0.079418 1.451613
v -0.161290 0.011309 1.129032
v -0.161290 -0.288738 0.806452
v -0.161290 -0.405061 0.483871
v -0.161290 -0.572174 0.161290
v -0.161290 -0.470561 -0.161290
v -0.161290 -0.588272 -0.483871
v -0.161290 -0.690504 -0.806452
v -0.161290 -1.112089 -1.129032
v -0.161290 -1.122573 -1.451613
v -0.161290 -0.847737 -1.774194
v -0.161290 -0.784139 -2.096774
v -0.161290 -0.668263 -2.419355
v -0.161290 -0.598898 -2.741935
v -0.161290 -0.452181 -3.064516
v -0.161290 -0.417796 -3.387097
v -0.161290 -0.396345 -3.709677
v -0.161290 -0.266366 -4.032258
v -0.161290 -0.127040 -4.354839
v -0.161290 -0.032962 -4.677419
v -0.161290 0.000000 -5.000000
v 0.161290 0.000000 5.000000
v 0.161290 -0.005491 4.677419
v 0.161290 -0.052226 4.354839
v 0.161290 -0.159134 4.032258
v 0.161290 -0.272608 3.709677
v 0.161290 -0.399889 3.387097
v 0.161290 -0.421145 3.064516
v 0.161290 -0.418302 2.741935
v 0.161290 -0.450680 2.419355
v 0.161290 -0.470503 2.096774
v 0.161290 -0.253569 1.774194
v 0.161290 -0.034659 1.451613
v 0.161290 0.114080 1.129032
v 0.161290 0.058295 0.806452
v 0.161290 -0.280189 0.483871
v 0.161290 -0.365148 0.161290
v 0.161290 -0.450912 -0.161290
v 0.161290 -0.588032 -0.483871
v 0.161290 -0.949936 -0.806452
v 0.161290 -1.050213 -1.129032
v 0.161290 -1.114880 -1.451613
v 0.161290 -1.101929 -1.774194
v 0.161290 -0.860085 -2.096774
v 0.161290 -0.656248 -2.419355
v 0.161290 -0.475637 -2.741935
v 0.161290 -0.392651 -3.064516
v 0.161290 -0.433217 -3.387097
v 0.161290 -0.389796 -3.709677
v 0.161290 -0.298912 -4.032258
v 0.161290 -0.128393 -4.354839
v 0.161290 -0.035175 -4.677419
v 0.161290 0.000000 -5.000000
v 0.483871 0.000000 5.000000
v 0.483871 0.009200 4.677419
v 0.483871 0.020777 4.354839
v 0.483871 -0.035418 4.032258
v 0.483871 -0.124928 3.709677
v 0.483871 -0.246338 3.387097
v 0.483871 -0.405124 3.064516
v 0.483871 -0.328179 2.741935
v 0.483871 -0.423057 2.419355
v 0.483871 -0.427715 2.096774
v 0.483871 -0.233463 1.774194
v 0.483871 -0.043330 1.451613
v 0.483871 0.150929 1.129032
v 0.483871 0.302017 0.806452
v 0.483871 0.150726 0.483871
v 0.483871 -0.365419 0.161290
v 0.483871 -0.469300 -0.161290
v 0.483871 -0.729430 -0.483871
v 0.483871 -1.124177 -0.806452
v 0.483871 -1.081378 -1.129032
v 0.483871 -1.134427 -1.451613
v 0.483871 -1.211780 -1.774194
v 0.483871 -1.034817 -2.096774
v 0.483871 -0.762428 -2.419355
v 0.483871 -0.662729 -2.741935
v 0.483871 -0.493317 -3.064516
v 0.483871 -0.411683 -3.387097
v 0.483871 -0.379840 -3.709677
v 0.483871 -0.329025 -4.032258
v 0.483871 -0.146307 -4.354839
v 0.483871 -0.038123 -4.677419
v 0.483871 0.000000 -5.000000
v 0.806452 0.000000 5.000000
v 0.806452 0.018142 4.677419
v 0.806452 0.036338 4.354839
v 0.806452 -0.050497 4.032258
v 0.806452 -0.061908 3.709677
v 0.806452 -0.068676 3.387097
v 0.806452 -0.178066 3.064516
v 0.806452 -0.156013 2.741935
v 0.806452 -0.227096 2.419355
v 0.806452 -0.062248 2.096774
v 0.806452 0.257019 1.774194
v 0.806452 0.497247 1.451613
v 0.806452 0.309806 1.129032
v 0.806452 0.408519 0.806452
v 0.806452 0.389051 0.483871
v 0.806452 -0.224237 0.161290
v 0.806452 -0.568866 -0.161290
v 0.806452 -0.935850 -0.483871
v 0.806452 -1.043684 -0.806452
v 0.806452 -1.110922 -1.129032
v 0.806452 -1.206049 -1.451613
v 0.806452 -1.105512 -1.774194
v 0.806452 -0.980751 -2.096774
v 0.806452 -0.929869 -2.419355
v 0.806452 -0.816673 -2.741935
v 0.806452 -0.588146 -3.064516
v 0.806452 -0.442573 -3.387097
v 0.806452 -0.483613 -3.709677
v 0.806452 -0.352423 -4.032258
v 0.806452 -0.163559 -4.354839
v 0.806452 -0.031388 -4.677419
v 0.806452 0.000000 -5.000000
v 1.129032 0.000000 5.000000
v 1.129032 0.017325 4.677419
v 1.129032 0.016291 4.354839
v 1.129032 0.019948 4.032258
v 1.129032 0.066563 3.709677
v 1.129032 0.123629 3.387097
v 1.129032 0.129711 3.064516
v 1.129032 0.149494 2.741935
v 1.129032 0.080060 2.419355
v 1.129032 0.312973 2.096774
v 1.129032 0.604485 1.774194
v 1.129032 0.869234 1.451613
v 1.129032 0.540521 1.129032
v 1.129032 0.688394 0.806452
v 1.129032 0.510449 0.483871
v 1.129032 0.109483 0.161290
v 1.129032 -0.225734 -0.161290
v 1.129032 -0.693721 -0.483871
v 1.129032 -0.915231 -0.806452
v 1.129032 -1.273856 -1.129032
v 1.129032 -1.139705 -1.451613
v 1.129032 -1.144976 -1.774194
v 1.129032 -1.042305 -2.096774
v 1.129032 -1.095694 -2.419355
v 1.129032 -0.937068 -2.741935
v 1.129032 -0.616770 -3.064516
v 1.129032 -0.440396 -3.387097
v 1.129032 -0.403728 -3.709677
v 1.129032 -0.327927 -4.032258
v 1.129032 -0.140600 -4.354839
v 1.129032 -0.024087 -4.677419
v 1.129032 0.000000 -5.000000
v 1.451613 0.000000 5.000000
v 1.451613 0.027776 4.677419
v 1.451613 0.040965 4.354839
v 1.451613 0.091082 4.032258
v 1.451613 0.204324 3.709677
v 1.451613 0.194738 3.387097
v 1.451613 0.373347 3.064516
v 1.451613 0.454792 2.741935
v 1.451613 0.559919 2.419355
v 1.451613 0.743621 2.096774
v 1.451613 1.052619 1.774194
v 1.451613 1.241987 1.451613
v 1.451613 0.968841 1.129032
v 1.451613 1.025598 0.806452
v 1.451613 0.968712 0.483871
v 1.451613 0.667348 0.161290
v 1.451613 0.390781 -0.161290
v 1.451613 -0.020578 -0.483871
v 1.451613 -0.329292 -0.806452
v 1.451613 -0.731326 -1.129032
v 1.451613 -0.831056 -1.451613
v 1.451613 -0.853974 -1.774194
v 1.451613 -1.005483 -2.096774
v 1.451613 -0.911860 -2.419355
v 1.451613 -0.815617 -2.741935
v 1.451613 -0.612127 -3.064516
v 1.451613 -0.504564 -3.387097
v 1.451613 -0.346738 -3.709677
v 1.451613 -0.166729 -4.032258
v 1.451613 -0.074029 -4.354839
v 1.451613 -0.014645 -4.677419
v 1.451613 0.000000 -5.000000
v 1.774194 0.000000 5.000000
v 1.774194 0.039596 4.677419
v 1.774194 0.099445 4.354839
v 1.774194 0.178845 4.032258
v 1.774194 0.295477 3.709677
v 1.774194 0.499247 3.387097
v 1.774194 0.702542 3.064516
v 1.774194 0.763959 2.741935
v 1.774194 1.049218 2.419355
v 1.774194 1.270031 2.096774
v 1.774194 1.499096 1.774194
v 1.774194 1.610079 1.451613
v 1.774194 1.334245 1.129032
v 1.774194 1.182356 0.806452
v 1.774194 1.073097 0.483871
v 1.774194 0.930103 0.161290
v 1.774194 0.745216 -0.161290
v 1.774194 0.475208 -0.483871
v 1.774194 0.000941 -0.806452
v 1.774194 -0.350376 -1.129032
v 1.774194 -0.331730 -1.451613
v 1.774194 -0.503749 -1.774194
v 1.774194 -0.699807 -2.096774
v 1.774194 -0.845067 -2.419355
v 1.774194 -0.796497 -2.741935
v 1.774194 -0.624514 -3.064516
v 1.774194 -0.379261 -3.387097
v 1.774194 -0.195808 -3.709677
v 1.774194 -0.100527 -4.032258
v 1.774194 -0.038970 -4.354839
v 1.774194 -0.004770 -4.677419
v 1.774194 0.000000 -5.000000
v 2.096774 0.000000 5.000000
v 2.096774 0.045350 4.677419
v 2.096774 0.150362 4.354839
v 2.096774 0.288221 4.032258
v 2.096774 0.596565 3.709677
v 2.096774 0.883065 3.387097
v 2.096774 0.905502 3.064516
v 2.096774 0.962077 2.741935
v 2.096774 1.021438 2.419355
v 2.096774 1.434647 2.096774
v 2.096774 1.575529 1.774194
v 2.096774 1.741216 1.451613
v 2.096774 1.478018 1.129032
v 2.096774 1.312540 0.806452
v 2.096774 1.264286 0.483871
v 2.096774 1.014487 0.161290
v 2.096774 0.905315 -0.161290
v 2.096774 0.631926 -0.483871
v 2.096774 0.286541 -0.806452
v 2.096774 -0.120222 -1.129032
v 2.096774 -0.182936 -1.451613
v 2.096774 -0.419501 -1.774194
v 2.096774 -0.612409 -2.096774
v 2.096774 -0.847062 -2.419355
v 2.096774 -0.655192 -2.741935
v 2.096774 -0.474048 -3.064516
v 2.096774 -0.264397 -3.387097
v 2.096774 -0.140611 -3.709677
v 2.096774 -0.087356 -4.032258
v 2.096774 -0.011307 -4.354839
v 2.096774 -0.000062 -4.677419
v 2.096774 0.000000 -5.000000
v 2.419355 0.000000 5.000000
v 2.419355 0.046167 4.677419
v 2.419355 0.188822 4.354839
v 2.419355 0.370091 4.032258
v 2.419355 0.661550 3.709677
v 2.419355 0.934697 3.387097
v 2.419355 1.024522 3.064516
v 2.419355 0.945048 2.741935
v 2.419355 0.965752 2.419355
v 2.419355 1.214243 2.096774
v 2.419355 1.535226 1.774194
v 2.419355 1.671628 1.451613
v 2.419355 1.419348 1.129032
v 2.419355 1.147454 0.806452
v 2.419355 1.013245 0.483871
v 2.419355 0.920621 0.161290
v 2.419355 0.862172 -0.161290
v 2.419355 0.694601 -0.483871
v 2.419355 0.442832 -0.806452
v 2.419355 0.324877 -1.129032
v 2.419355 0.106755 -1.451613
v 2.419355 -0.151262 -1.774194
v 2.419355 -0.368580 -2.096774
v 2.419355 -0.551565 -2.419355
v 2.419355 -0.433398 -2.741935
v 2.419355 -0.384690 -3.064516
v 2.419355 -0.247895 -3.387097
v 2.419355 -0.099311 -3.709677
v 2.419355 -0.067845 -4.032258
v 2.419355 -0.026270 -4.354839
v 2.419355 -0.006999 -4.677419
v 2.419355 0.000000 -5.000000
v 2.741935 0.000000 5.000000
v 2.741935 0.032442 4.677419
v 2.741935 0.176067 4.354839
v 2.741935 0.380318 4.032258
v 2.741935 0.629876 3.709677
v 2.741935 0.897908 3.387097
v 2.741935 1.054462 3.064516
v 2.741935 0.975141 2.741935
v 2.741935 1.152467 2.419355
v 2.741935 1.358338 2.096774
v 2.741935 1.588035 1.774194
v 2.741935 1.721131 1.451613
v 2.741935 1.385753 1.129032
v 2.741935 1.024369 0.806452
v 2.741935 0.886001 0.483871
v 2.741935 1.038398 0.161290
v 2.741935 0.979561 -0.161290
v 2.741935 0.877631 -0.483871
v 2.741935 0.615595 -0.806452
v 2.741935 0.543032 -1.129032
v 2.741935 0.250618 -1.451613
v 2.741935 0.121679 -1.774194
v 2.741935 -0.119419 -2.096774
v 2.741935 -0.399366 -2.419355
v 2.741935 -0.327591 -2.741935
v 2.741935 -0.317236 -3.064516
v 2.741935 -0.172064 -3.387097
v 2.741935 -0.085297 -3.709677
v 2.741935 -0.092605 -4.032258
v 2.741935 -0.026595 -4.354839
v 2.741935 -0.006222 -4.677419
v 2.741935 0.000000 -5.000000
v 3.064516 0.000000 5.000000
v 3.064516 0.014898 4.677419
v 3.064516 0.140264 4.354839
v 3.064516 0.347410 4.032258
v 3.064516 0.579261 3.709677
v 3.064516 0.904200 3.387097
v 3.064516 1.090062 3.064516
v 3.064516 1.186469 2.741935
v 3.064516 1.418037 2.419355
v 3.064516 1.528731 2.096774
v 3.064516 1.603064 1.774194
v 3.064516 1.545029 1.451613
v 3.064516 1.363908 1.129032
v 3.064516 1.110946 0.806452
v 3.064516 1.054505 0.483871
v 3.064516 0.983813 0.161290
v 3.064516 1.020040 -0.161290
v 3.064516 0.854230 -0.483871
v 3.064516 0.636520 -0.806452
v 3.064516 0.446465 -1.129032
v 3.064516 0.249173 -1.451613
v 3.064516 -0.014378 -1.774194
v 3.064516 -0.090407 -2.096774
v 3.064516 -0.236544 -2.419355
v 3.064516 -0.161409 -2.741935
v 3.064516 -0.168128 -3.064516
v 3.064516 -0.039986 -3.387097
v 3.064516 -0.073290 -3.709677
v 3.064516 -0.110299 -4.032258
v 3.064516 -0.038585 -4.354839
v 3.064516 -0.003889 -4.677419
v 3.064516 0.000000 -5.000000
v 3.387097 0.000000 5.000000
v 3.387097 0.001032 4.677419
v 3.387097 0.089089 4.354839
v 3.387097 0.268498 4.032258
v 3.387097 0.514591 3.709677
v 3.387097 0.871587 3.387097
v 3.387097 1.091312 3.064516
v 3.387097 1.227484 2.741935
v 3.387097 1.327195 2.419355
v 3.387097 1.407198 2.096774
v 3.387097 1.367099 1.774194
v 3.387097 1.185274 1.451613
v 3.387097 1.073055 1.129032
v 3.387097 0.960424 0.806452
v 3.387097 0.873044 0.483871
v 3.387097 0.756473 0.161290
v 3.387097 0.748859 -0.161290
v 3.387097 0.688702 -0.483871
v 3.387097 0.546304 -0.806452
v 3.387097 0.415233 -1.129032
v 3.387097 0.196152 -1.451613
v 3.387097 -0.014865 -1.774194
v 3.387097 -0.141882 -2.096774
v 3.387097 -0.157965 -2.419355
v 3.387097 -0.102364 -2.741935
v 3.387097 -0.112595 -3.064516
v 3.387097 -0.066250 -3.387097
v 3.387097 -0.096338 -3.709677
v 3.387097 -0.095494 -4.032258
v 3.387097 -0.029579 -4.354839
v 3.387097 -0.000233 -4.677419
v 3.387097 0.000000 -5.000000
v 3.709677 0.000000 5.000000
v 3.709677 0.000000 4.677419
v 3.709677 0.029536 4.354839
v 3.709677 0.152549 4.032258
v 3.709677 0.367955 3.709677
v 3.709677 0.634116 3.387097
v 3.709677 0.888302 3.064516
v 3.709677 1.021595 2.741935
v 3.709677 1.025886 2.419355
v 3.709677 1.028774 2.096774
v 3.709677 0.904446 1.774194
v 3.709677 0.821266 1.451613
v 3.709677 0.824976 1.129032
v 3.709677 0.750237 0.806452
v 3.709677 0.688210 0.483871
v 3.709677 0.540674 0.161290
v 3.709677 0.481472 -0.161290
v 3.709677 0.335667 -0.483871
v 3.709677 0.247171 -0.806452
v 3.709677 0.141962 -1.129032
v 3.709677 0.038985 -1.451613
v 3.709677 0.000653 -1.774194
v 3.709677 -0.095477 -2.096774
v 3.709677 -0.136033 -2.419355
v 3.709677 -0.167626 -2.741935
v 3.709677 -0.145360 -3.064516
v 3.709677 -0.078756 -3.387097
v 3.709677 -0.089639 -3.709677
v 3.709677 -0.060311 -4.032258
v 3.709677 -0.010872 -4.354839
v 3.709677 0.000000 -4.677419
v 3.709677 0.000000 -5.000000
v 4.032258 0.000000 5.000000
v 4.032258 0.000000 4.677419
v 4.032258 0.000005 4.354839
v 4.032258 0.047614 4.032258
v 4.032258 0.166576 3.709677
v 4.032258 0.334942 3.387097
v 4.032258 0.509320 3.064516
v 4.032258 0.613378 2.741935
v 4.032258 0.679791 2.419355
v 4.032258 0.636317 2.096774
v 4.032258 0.546183 1.774194
v 4.032258 0.527829 1.451613
v 4.032258 0.561498 1.129032
v 4.032258 0.490081 0.806452
v 4.032258 0.481590 0.483871
v 4.032258 0.384324 0.161290
v 4.032258 0.274176 -0.161290
v 4.032258 0.153093 -0.483871
v 4.032258 0.014744 -0.806452
v 4.032258 -0.028322 -1.129032
v 4.032258 -0.025401 -1.451613
v 4.032258 -0.100170 -1.774194
v 4.032258 -0.104703 -2.096774
v 4.032258 -0.142804 -2.419355
v 4.032258 -0.161360 -2.741935
v 4.032258 -0.138041 -3.064516
v 4.032258 -0.067696 -3.387097
v 4.032258 -0.044902 -3.709677
v 4.032258 -0.014435 -4.032258
v 4.032258 -0.000001 -4.354839
v 4.032258 0.000000 -4.677419
v 4.032258 0.000000 -5.000000
v 4.354839 0.000000 5.000000
v 4.354839 0.000000 4.677419
v 4.354839 0.000000 4.354839
v 4.354839 0.000005 4.032258
v 4.354839 0.028970 3.709677
v 4.354839 0.100348 3.387097
v 4.354839 0.190407 3.064516
v 4.354839 0.252991 2.741935
v 4.354839 0.299963 2.419355
v 4.354839 0.308635 2.096774
v 4.354839 0.274564 1.774194
v 4.354839 0.261850 1.451613
v 4.354839 0.252873 1.129032
v 4.354839 0.271346 0.806452
v 4.354839 0.210062 0.483871
v 4.354839 0.187032 0.161290
v 4.354839 0.122768 -0.161290
v 4.354839 0.023578 -0.483871
v 4.354839 -0.001984 -0.806452
v 4.354839 -0.069612 -1.129032
v 4.354839 -0.111108 -1.451613
v 4.354839 -0.119725 -1.774194
v 4.354839 -0.085257 -2.096774
v 4.354839 -0.083030 -2.419355
v 4.354839 -0.096322 -2.741935
v 4.354839 -0.061289 -3.064516
v 4.354839 -0.026498 -3.387097
v 4.354839 -0.006854 -3.709677
v 4.354839 -0.000001 -4.032258
v 4.354839 0.000000 -4.354839
v 4.354839 0.000000 -4.677419
v 4.354839 0.000000 -5.000000
v 4.677419 0.000000 5.000000
v 4.677419 0.000000 4.677419
v 4.677419 0.000000 4.354839
v 4.677419 0.000000 4.032258
v 4.677419 0.000000 3.709677
v 4.677419 0.001179 3.387097
v 4.677419 0.018287 3.064516
v 4.677419 0.044719 2.741935
v 4.677419 0.068288 2.419355
v 4.677419 0.076552 2.096774
v 4.677419 0.070748 1.774194
v 4.677419 0.066823 1.451613
v 4.677419 0.072456 1.129032
v 4.677419 0.070326 0.806452
v 4.677419 0.055401 0.483871
v 4.677419 0.046042 0.161290
v 4.677419 0.027394 -0.161290
v 4.677419 0.008011 -0.483871
v 4.677419 -0.012642 -0.806452
v 4.677419 -0.028005 -1.129032
v 4.677419 -0.034890 -1.451613
v 4.677419 -0.039995 -1.774194
v 4.677419 -0.027162 -2.096774
v 4.677419 -0.020233 -2.419355
v 4.677419 -0.017190 -2.741935
v 4.677419 -0.006515 -3.064516
v 4.677419 -0.000425 -3.387097
v 4.677419 0.000000 -3.709677
v 4.677419 0.000000 -4.032258
v 4.677419 0.000000 -4.354839
v 4.677419 0.000000 -4.677419
v 4.677419 0.000000 -5.000000
v 5.000000 0.000000 5.000000
v 5.000000 0.000000 4.677419
v 5.000000 0.000000 4.354839
v 5.000000 0.000000 4.032258
v 5.000000 0.000000 3.709677
v 5.000000 0.000000 3.387097
v 5.000000 0.000000 3.064516
v 5.000000 0.000000 2.741935
v 5.000000 0.000000 2.419355
v 5.000000 0.000000 2.096774
v 5.000000 0.000000 1.774194
v 5.000000 0.000000 1.451613
v 5.000000 0.000000 1.129032
v 5.000000 0.000000 0.806452
v 5.000000 0.000000 0.483871
v 5.000000 0.000000 0.161290
v 5.000000 0.000000 -0.161290
v 5.000000 0.000000 -0.483871
v 5.000000 0.000000 -0.806452
v 5.000000 0.000000 -1.129032
v 5.000000 0.000000 -1.451613
v 5.000000 0.000000 -1.774194
v 5.000000 0.000000 -2.096774
v 5.000000 0.000000 -2.419355
v 5.000000 0.000000 -2.741935
v 5.000000 0.000000 -3.064516
v 5.000000 0.000000 -3.387097
v 5.000000 0.000000 -3.709677
v 5.000000 0.000000 -4.032258
v 5.000000 0.000000 -4.354839
v 5.000000 0.000000 -4.677419
v 5.000000 0.000000 -5.000000
s 1
f 2 1 33 34
f 3 2 34 35
f 4 3 35 36
f 5 4 36 37
f 6 5 37 38
f 7 6 38 39
f 8 7 39 40
f 9 8 40 41
f 10 9 41 42
f 11 10 42 43
f 12 11 43 44
f 13 12 44 45
f 14 13 45 46
f 15 14 46 47
f 16 15 47 48
f 17 16 48 49
f 18 17 49 50
f 19 18 50 51
f 20 19 51 52
f 21 20 52 53
f 22 21 53 54
f 23 22 54 55
f 24 23 55 56
f 25 24 56 57
f 26 25 57 58
f 27 26 58 59
f 28 27 59 60
f 29 28 60 61
f 30 29 61 62
f 31 30 62 63
f 32 31 63 64
f 34 33 65 66
f 35 34 66 67
f 36 35 67 68
f 37 36 68 69
f 38 37 69 70
f 39 38 70 71
f 40 39 71 72
f 41 40 72 73
f 42 41 73 74
f 43 42 74 75
f 44 43 75 76
f 45 44 76 77
f 46 45 77 78
f 47 46 78 79
f 48 47 79 80
f 49 48 80 81
f 50 49 81 82
f 51 50 82 83
f 52 51 83 84
f 53 52 84 85
f 54 53 85 86
f 55 54 86 87
f 56 55 87 88
f 57 56 88 89
f 58 57 89 90
f 59 58 90 91
f 60 59 91 92
f 61 60 92 93
f 62 61 93 94
f 63 62 94 95
f 64 63 95 96
f 66 65 97 98
f 67 66 98 99
f 68 67 99 100
f 69 68 100 101
f 70 69 101 102
f 71 70 102 103
f 72 71 103 104
f 73 72 104 105
f 74 73 105 106
f 75 74 106 107
f 76 75 107 108
f 77 76 108 109
f 78 77 109 110
f 79 78 110 111
f 80 79 111 112
f 81 80 112 113
f 82 81 113 114
f 83 82 114 115
f 84 83 115 116
f 85 84 116 117
f 86 85 117 118
f 87 86 118 119
f 88 87 119 120
f 89 88 120 121
f 90 89 121 122
f 91 90 122 123
f 92 91 123 124
f 93 92 124 125
f 94 93 125 126
f 95 94 126 127
f 96 95 127 128
f 98 97 129 130
f 99 98 130 131
f 100 99 131 132
f 101 100 132 133
f 102 101 133 134
f 103 102 134 135
f 104 103 135 136
f 105 104 136 137
f 106 105 137 138
f 107 106 138 139
f 108 107 139 140
f 109 108 140 141
f 110 109 141 142
f 111 110 142 143
f 112 111 143 144
f 113 112 144 145
f 114 113 145 146
f 115 114 146 147
f 116 115 147 148
f 117 116 148 149
f 118 117 149 150
f 119 118 150 151
f 120 119 151 152
f 121 120 152 153
f 122 121 153 154
f 123 122 154 155
f 124 123 155 156
f 125 124 156 157
f 126 125 157 158
f 127 126 158 159
f 128 127 159 160
f 130 129 161 162
f 131 130 162 163
f 132 131 163 164
f 133 132 164 165
f 134 133 165 166
f 135 134 166 167
f 136 135 167 168
f 137 136 168 169
f 138 137 169 170
f 139 138 170 171
f 140 139 171 172
f 141 140 172 173
f 142 141 173 174
f 143 142 174 175
f 144 143 175 176
f 145 144 176 177
f 146 145 177 178
f 147 146 178 179
f 148 147 179 180
f 149 148 180 181
f 150 149 181 182
f 151 150 182 183
f 152 151 183 184
f 153 152 184 185
f 154 153 185 186
f 155 154 186 187
f 156 155 187 188
f 157 156 188 189
f 158 157 189 190
f 159 158 190 191
f 160 159 191 192
f 162 161 193 194
f 163 162 194 195
f 164 163 195 196
f 165 164 196 197
f 166 165 197 198
f 167 166 198 199
f 168 167 199 200
f 169 168 200 201
f 170 169 201 202
f 171 170 202 203
f 172 171 203 204
f 173 172 204 205
f 174 173 205 206
f 175 174 206 207
f 176 175 207 208
f 177 176 208 209
f 178 177 209 210
f 179 178 210 211
f 180 179 211 212
f 181 180 212 213
f 182 181 213 214
f 183 182 214 215
f 184 183 215 216
f 185 184 216 217
f 186 185 217 218
f 187 186 218 219
f 188 187 219 220
f 189 188 220 221
f 190 189 221 222
f 191 190 222 223
f 192 191 223 224
f 194 193 225 226
f 195 194 226 227
f 196 195 227 228
f 197 196 228 229
f 198 197 229 230
f 199 198 230 231
f 200 199 231 232
f 201 200 232 233
f 202 201 233 234
f 203 202 234 235
f 204 203 235 236
f 205 204 236 237
f 206 205 237 238
f 207 206 238 239
f 208 207 239 240
f 209 208 240 241
f 210 209 241 242
f 211 210 242 243
f 212 211 243 244
f 213 212 244 245
f 214 213 245 246
f 215 214 246 247
f 216 215 247 248
f 217 216 248 249
f 218 217 249 250
f 219 218 250 251
f 220 219 251 252
f 221 220 252 253
f 222 221 253 254
f 223 222 254 255
f 224 223 255 256
f 226 225 257 258
f 227 226 258 259
f 228 227 259 260
f 229 228 260 261
f 230 229 261 262
f 231 230 262 263
f 232 231 263 264
f 233 232 264 265
f 234 233 265 266
f 235 234 266 267
f 236 235 267 268
f 237 236 268 269
f 238 237 269 270
f 239 238 270 271
f 240 239 271 272
f 241 240 272 273
f 242 241 273 274
f 243 242 274 275
f 244 243 275 276
f 245 244 276 277
f 246 245 277 278
f 247 246 278 279
f 248 247 279 280
f 249 248 280 281
f 250 249 281 282
f 251 250 282 283
f 252 251 283 284
f 253 252 284 285
f 254 253 285 286
f 255 254 286 287
f 256 255 287 288
f 258 257 289 290
f 259 258 290 291
f 260 259 291 292
f 261 260 292 293
f 262 261 293 294
f 263 262 294 295
f 264 263 295 296
f 265 264 296 297
f 266 265 297 298
f 267 266 298 299
f 268 267 299 300
f 269 268 300 301
f 270 269 301 302
f 271 270 302 303
f 272 271 303 304
f 273 272 304 305
f 274 273 305 306
f 275 274 306 307
f 276 275 307 308
f 277 276 308 309
f 278 277 309 310
f 279 278 310 311
f 280 279 311 312
f 281 280 312 313
f 282 281 313 314
f 283 282 314 315
f 284 283 315 316
f 285 284 316 317
f 286 285 317 318
f 287 286 318 319
f 288 287 319 320
f 290 289 321 322
f 291 290 322 323
f 292 291 323 324
f 293 292 324 325
f 294 293 325 326
f 295 294 326 327
f 296 295 327 328
f 297 296 328 329
f 298 297 329 330
f 299 298 330 331
f 300 299 331 332
f 301 300 332 333
f 302 301 333 334
f 303 302 334 335
f 304 303 335 336
f 305 304 336 337
f 306 305 337 338
f 307 306 338 339
f 308 307 339 340
f 309 308 340 341
f 310 309 341 342
f 311 310 342 343
f 312 311 343 344
f 313 312 344 345
f 314 313 345 346
f 315 314 346 347
f 316 315 347 348
f 317 316 348 349
f 318 317 349 350
f 319 318 350 351
f 320 319 351 352
f 322 321 353 354
f 323 322 354 355
f 324 323 355 356
f 325 324 356 357
f 326 325 357 358
f 327 326 358 359
f 328 327 359 360
f 329 328 360 361
f 330 329 361 362
f 331 330 362 363
f 332 331 363 364
f 333 332 364 365
f 334 333 365 366
f 335 334 366 367
f 336 335 367 368
f 337 336 368 369
f 338 337 369 370
f 339 338 370 371
f 340 339 371 372
f 341 340 372 373
f 342 341 373 374
f 343 342 374 375
f 344 343 375 376
f 345 344 376 377
f 346 345 377 378
f 347 346 378 379
f 348 347 379 380
f 349 348 380 381
f 350 349 381 382
f 351 350 382 383
f 352 351 383 384
f 354 353 385 386
f 355 354 386 387
f 356 355 387 388
f 357 356 388 389
f 358 357 389 390
f 359 358 390 391
f 360 359 391 392
f 361 360 392 393
f 362 361 393 394
f 363 362 394 395
f 364 363 395 396
f 365 364 396 397
f 366 365 397 398
f 367 366 398 399
f 368 367 399 400
f 369 368 400 401
f 370 369 401 402
f 371 370 402 403
f 372 371 403 404
f 373 372 404 405
f 374 373 405 406
f 375 374 406 407
f 376 375 407 408
f 377 376 408 409
f 378 377 409 410
f 379 378 410 411
f 380 379 411 412
f 381 380 412 413
f 382 381 413 414
f 383 382 414 415
f 384 383 415 416
f 386 385 417 418
f 387 386 418 419
f 388 387 419 420
f 389 388 420 421
f 390 389 421 422
f 391 390 422 423
f 392 391 423 424
f 393 392 424 425
f 394 393 425 426
f 395 394 426 427
f 396 395 427 428
f 397 396 428 429
f 398 397 429 430
f 399 398 430 431
f 400 399 431 432
f 401 400 432 433
f 402 401 433 434
f 403 402 434 435
f 404 403 435 436
f 405 404 436 437
f 406 405 437 438
f 407 406 438 439
f 408 407 439 440
f 409 408 440 441
f 410 409 441 442
f 411 410 442 443
f 412 411 443 444
f 413 412 444 445
f 414 413 445 446
f 415 414 446 447
f 416 415 447 448
f 418 417 449 450
f 419 418 450 451
f 420 419 451 452
f 421 420 452 453
f 422 421 453 454
f 423 422 454 455
f 424 423 455 456
f 425 424 456 457
f 426 425 457 458
f 427 426 458 459
f 428 427 459 460
f 429 428 460 461
f 430 429 461 462
f 431 430 462 463
f 432 431 463 464
f 433 432 464 465
f 434 433 465 466
f 435 434 466 467
f 436 435 467 468
f 437 436 468 469
f 438 437 469 470
f 439 438 470 471
f 440 439 471 472
f 441 440 472 473
f 442 441 473 474
f 443 442 474 475
f 444 443 475 476
f 445 444 476 477
f 446 445 477 478
f 447 446 478 479
f 448 447 479 480
f 450 449 481 482
f 451 450 482 483
f 452 451 483 484
f 453 452 484 485
f 454 453 485 486
f 455 454 486 487
f 456 455 487 488
f 457 456 488 489
f 458 457 489 490
f 459 458 490 491
f 460 459 491 492
f 461 460 492 493
f 462 461 493 494
f 463 462 494 495
f 464 463 495 496
f 465 464 496 497
f 466 465 497 498
f 467 466 498 499
f 468 467 499 500
f 469 468 500 501
f 470 469 501 502
f 471 470 502 503
f 472 471 503 504
f 473 472 504 505
f 474 473 505 506
f 475 474 506 507
f 476 475 507 508
f 477 476 508 509
f 478 477 509 510
f 479 478 510 511
f 480 479 511 512
f 482 481 513 514
f 483 482 514 515
f 484 483 515 516
f 485 484 516 517
f 486 485 517 518
f 487 486 518 519
f 488 487 519 520
f 489 488 520 521
f 490 489 521 522
f 491 490 522 523
f 492 491 523 524
f 493 492 524 525
f 494 493 525 526
f 495 494 526 527
f 496 495 527 528
f 497 496 528 529
f 498 497 529 530
f 499 498 530 531
f 500 499 531 532
f 501 500 532 533
f 502 501 533 534
f 503 502 534 535
f 504 503 535 536
f 505 504 536 537
f 506 505 537 538
f 507 506 538 539
f 508 507 539 540
f 509 508 540 541
f 510 509 541 542
f 511 510 542 543
f 512 511 543 544
f 514 513 545 546
f 515 514 546 547
f 516 515 547 548
f 517 516 548 549
f 518 517 549 550
f 519 518 550 551
f 520 519 551 552
f 521 520 552 553
f 522 521 553 554
f 523 522 554 555
f 524 523 555 556
f 525 524 556 557
f 526 525 557 558
f 527 526 558 559
f 528 527 559 560
f 529 528 560 561
f 530 529 561 562
f 531 530 562 563
f 532 531 563 564
f 533 532 564 565
f 534 533 565 566
f 535 534 566 567
f 536 535 567 568
f 537 536 568 569
f 538 537 569 570
f 539 538 570 571
f 540 539 571 572
f 541 540 572 573
f 542 541 573 574
f 543 542 574 575
f 544 543 575 576
f 546 545 577 578
f 547 546 578 579
f 548 547 579 580
f 549 548 580 581
f 550 549 581 582
f 551 550 582 583
f 552 551 583 584
f 553 552 584 585
f 554 553 585 586
f 555 554 586 587
f 556 555 587 588
f 557 556 588 589
f 558 557 589 590
f 559 558 590 591
f 560 559 591 592
f 561 560 592 593
f 562 561 593 594
f 563 562 594 595
f 564 563 595 596
f 565 564 596 597
f 566 565 597 598
f 567 566 598 599
f 568 567 599 600
f 569 568 600 601
f 570 569 601 602
f 571 570 602 603
f 572 571 603 604
f 573 572 604 605
f 574 573 605 606
f 575 574 606 607
f 576 575 607 608
f 578 577 609 610
f 579 578 610 611
f 580 579 611 612
f 581 580 612 613
f 582 581 613 614
f 583 582 614 615
f 584 583 615 616
f 585 584 616 617
f 586 585 617 618
f 587 586 618 619
f 588 587 619 620
f 589 588 620 621
f 590 589 621 622
f 591 590 622 623
f 592 591 623 624
f 593 592 624 625
f 594 593 625 626
f 595 594 626 627
f 596 595 627 628
f 597 596 628 629
f 598 597 629 630
f 599 598 630 631
f 600 599 631 632
f 601 600 632 633
f 602 601 633 634
f 603 602 634 635
f 604 603 635 636
f 605 604 636 637
f 606 605 637 638
f 607 606 638 639
f 608 607 639 640
f 610 609 641 642
f 611 610 642 643
f 612 611 643 644
f 613 612 644 645
f 614 613 645 646
f 615 614 646 647
f 616 615 647 648
f 617 616 648 649
f 618 617 649 650
f 619 618 650 651
f 620 619 651 652
f 621 620 652 653
f 622 621 653 654
f 623 622 654 655
f 624 623 655 656
f 625 624 656 657
f 626 625 657 658
f 627 626 658 659
f 628 627 659 660
f 629 628 660 661
f 630 629 661 662
f 631 630 662 663
f 632 631 663 664
f 633 632 664 665
f 634 633 665 666
f 635 634 666 667
f 636 635 667 668
f 637 636 668 669
f 638 637 669 670
f 639 638 670 671
f 640 639 671 672
f 642 641 673 674
f 643 642 674 675
f 644 643 675 676
f 645 644 676 677
f 646 645 677 678
f 647 646 678 679
f 648 647 679 680
f 649 648 680 681
f 650 649 681 682
f 651 650 682 683
f 652 651 683 684
f 653 652 684 685
f 654 653 685 686
f 655 654 686 687
f 656 655 687 688
f 657 656 688 689
f 658 657 689 690
f 659 658 690 691
f 660 659 691 692
f 661 660 692 693
f 662 661 693 694
f 663 662 694 695
f 664 663 695 696
f 665 664 696 697
f 666 665 697 698
f 667 666 698 699
f 668 667 699 700
f 669 668 700 701
f 670 669 701 702
f 671 670 702 703
f 672 671 703 704
f 674 673 705 706
f 675 674 706 707
f 676 675 707 708
f 677 676 708 709
f 678 677 709 710
f 679 678 710 711
f 680 679 711 712
f 681 680 712 713
f 682 681 713 714
f 683 682 714 715
f 684 683 715 716
f 685 684 716 717
f 686 685 717 718
f 687 686 718 719
f 688 687 719 720
f 689 688 720 721
f 690 689 721 722
f 691 690 722 723
f 692 691 723 724
f 693 692 724 725
f 694 693 725 726
f 695 694 726 727
f 696 695 727 728
f 697 696 728 729
f 698 697 729 730
f 699 698 730 731
f 700 699 731 732
f 701 700 732 733
f 702 701 733 734
f 703 702 734 735
f 704 703 735 736
f 706 705 737 738
f 707 706 738 739
f 708 707 739 740
f 709 708 740 741
f 710 709 741 742
f 711 710 742 743
f 712 711 743 744
f 713 712 744 745
f 714 713 745 746
f 715 714 746 747
f 716 715 747 748
f 717 716 748 749
f 718 717 749 750
f 719 718 750 751
f 720 719 751 752
f 721 720 752 753
f 722 721 753 754
f 723 722 754 755
f 724 723 755 756
f 725 724 756 757
f 726 725 757 758
f 727 726 758 759
f 728 727 759 760
f 729 728 760 761
f 730 729 761 762
f 731 730 762 763
f 732 731 763 764
f 733 732 764 765
f 734 733 765 766
f 735 734 766 767
f 736 735 767 768
f 738 737 769 770
f 739 738 770 771
f 740 739 771 772
f 741 740 772 773
f 742 741 773 774
f 743 742 774 775
f 744 743 775 776
f 745 744 776 777
f 746 745 777 778
f 747 746 778 779
f 748 747 779 780
f 749 748 780 781
f 750 749 781 782
f 751 750 782 783
f 752 751 783 784
f 753 752 784 785
f 754 753 785 786
f 755 754 786 787
f 756 755 787 788
f 757 756 788 789
f 758 757 789 790
f 759 758 790 791
f 760 759 791 792
f 761 760 792 793
f 762 761 793 794
f 763 762 794 795
f 764 763 795 796
f 765 764 796 797
f 766 765 797 798
f 767 766 798 799
f 768 767 799 800
f 770 769 801 802
f 771 770 802 803
f 772 771 803 804
f 773 772 804 805
f 774 773 805 806
f 775 774 806 807
f 776 775 807 808
f 777 776 808 809
f 778 777 809 810
f 779 778 810 811
f 780 779 811 812
f 781 780 812 813
f 782 781 813 814
f 783 782 814 815
f 784 783 815 816
f 785 784 816 817
f 786 785 817 818
f 787 786 818 819
f 788 787 819 820
f 789 788 820 821
f 790 789 821 822
f 791 790 822 823
f 792 791 823 824
f 793 792 824 825
f 794 793 825 826
f 795 794 826 827
f 796 795 827 828
f 797 796 828 829
f 798 797 829 830
f 799 798 830 831
f 800 799 831 832
f 802 801 833 834
f 803 802 834 835
f 804 803 835 836
f 805 804 836 837
f 806 805 837 838
f 807 806 838 839
f 808 807 839 840
f 809 808 840 841
f 810 809 841 842
f 811 810 842 843
f 812 811 843 844
f 813 812 844 845
f 814 813 845 846
f 815 814 846 847
f 816 815 847 848
f 817 816 848 849
f 818 817 849 850
f 819 818 850 851
f 820 819 851 852
f 821 820 852 853
f 822 821 853 854
f 823 822 854 855
f 824 823 855 856
f 825 824 856 857
f 826 825 857 858
f 827 826 858 859
f 828 827 859 860
f 829 828 860 861
f 830 829 861 862
f 831 830 862 863
f 832 831 863 864
f 834 833 865 866
f 835 834 866 867
f 836 835 867 868
f 837 836 868 869
f 838 837 869 870
f 839 838 870 871
f 840 839 871 872
f 841 840 872 873
f 842 841 873 874
f 843 842 874 875
f 844 843 875 876
f 845 844 876 877
f 846 845 877 878
f 847 846 878 879
f 848 847 879 880
f 849 848 880 881
f 850 849 881 882
f 851 850 882 883
f 852 851 883 884
f 853 852 884 885
f 854 853 885 886
f 855 854 886 887
f 856 855 887 888
f 857 856 888 889
f 858 857 889 890
f 859 858 890 891
f 860 859 891 892
f 861 860 892 893
f 862 861 893 894
f 863 862 894 895
f 864 863 895 896
f 866 865 897 898
f 867 866 898 899
f 868 867 899 900
f 869 868 900 901
f 870 869 901 902
f 871 870 902 903
f 872 871 903 904
f 873 872 904 905
f 874 873 905 906
f 875 874 906 907
f 876 875 907 908
f 877 876 908 909
f 878 877 909 910
f 879 878 910 911
f 880 879 911 912
f 881 880 912 913
f 882 881 913 914
f 883 882 914 915
f 884 883 915 916
f 885 884 916 917
f 886 885 917 918
f 887 886 918 919
f 888 887 919 920
f 889 888 920 921
f 890 889 921 922
f 891 890 922 923
f 892 891 923 924
f 893 892 924 925
f 894 893 925 926
f 895 894 926 927
f 896 895 927 928
f 898 897 929 930
f 899 898 930 931
f 900 899 931 932
f 901 900 932 933
f 902 901 933 934
f 903 902 934 935
f 904 903 935 936
f 905 904 936 937
f 906 905 937 938
f 907 906 938 939
f 908 907 939 940
f 909 908 940 941
f 910 909 941 942
f 911 910 942 943
f 912 911 943 944
f 913 912 944 945
f 914 913 945 946
f 915 914 946 947
f 916 915 947 948
f 917 916 948 949
f 918 917 949 950
f 919 918 950 951
f 920 919 951 952
f 921 920 952 953
f 922 921 953 954
f 923 922 954 955
f 924 923 955 956
f 925 924 956 957
f 926 925 957 958
f 927 926 958 959
f 928 927 959 960
f 930 929 961 962
f 931 930 962 963
f 932 931 963 964
f 933 932 964 965
f 934 933 965 966
f 935 934 966 967
f 936 935 967 968
f 937 936 968 969
f 938 937 969 970
f 939 938 970 971
f 940 939 971 972
f 941 940 972 973
f 942 941 973 974
f 943 942 974 975
f 944 943 975 976
f 945 944 976 977
f 946 945 977 978
f 947 946 978 979
f 948 947 979 980
f 949 948 980 981
f 950 949 981 982
f 951 950 982 983
f 952 951 983 984
f 953 952 984 985
f 954 953 985 986
f 955 954 986 987
f 956 955 987 988
f 957 956 988 989
f 958 957 989 990
f 959 958 990 991
f 960 959 991 992
f 962 961 993 994
f 963 962 994 995
f 964 963 995 996
f 965 964 996 997
f 966 965 997 998
f 967 966 998 999
f 968 967 999 1000
f 969 968 1000 1001
f 970 969 1001 1002
f 971 970 1002 1003
f 972 971 1003 1004
f 973 972 1004 1005
f 974 973 1005 1006
f 975 974 1006 1007
f 976 975 1007 1008
f 977 976 1008 1009
f 978 977 1009 1010
f 979 978 1010 1011
f 980 979 1011 1012
f 981 980 1012 1013
f 982 981 1013 1014
f 983 982 1014 1015
f 984 983 1015 1016
f 985 984 1016 1017
f 986 985 1017 1018
f 987 986 1018 1019
f 988 987 1019 1020
f 989 988 1020 1021
f 990 989 1021 1022
f 991 990 1022 1023
f 992 991 1023 1024
