# Blender v2.79 (sub 0) OBJ File: ''
# www.blender.org
v -5.000000 0.000000 5.000000
v -5.000000 0.000000 4.729730
v -5.000000 0.000000 4.459459
v -5.000000 0.000000 4.189189
v -5.000000 0.000000 3.918919
v -5.000000 0.000000 3.648649
v -5.000000 0.000000 3.378378
v -5.000000 0.000000 3.108108
v -5.000000 0.000000 2.837838
v -5.000000 0.000000 2.567568
v -5.000000 0.000000 2.297297
v -5.000000 0.000000 2.027027
v -5.000000 0.000000 1.756757
v -5.000000 0.000000 1.486486
v -5.000000 0.000000 1.216216
v -5.000000 0.000000 0.945946
v -5.000000 0.000000 0.675676
v -5.000000 0.000000 0.405405
v -5.000000 0.000000 0.135135
v -5.000000 0.000000 -0.135135
v -5.000000 0.000000 -0.405405
v -5.000000 0.000000 -0.675676
v -5.000000 0.000000 -0.945946
v -5.000000 0.000000 -1.216216
v -5.000000 0.000000 -1.486486
v -5.000000 0.000000 -1.756757
v -5.000000 0.000000 -2.027027
v -5.000000 0.000000 -2.297297
v -5.000000 0.000000 -2.567568
v -5.000000 0.000000 -2.837838
v -5.000000 0.000000 -3.108108
v -5.000000 0.000000 -3.378378
v -5.000000 0.000000 -3.648649
v -5.000000 0.000000 -3.918919
v -5.000000 0.000000 -4.189189
v -5.000000 0.000000 -4.459459
v -5.000000 0.000000 -4.729730
v -5.000000 0.000000 -5.000000
v -4.729730 0.000000 5.000000
v -4.729730 0.000000 4.729730
v -4.729730 0.000000 4.459459
v -4.729730 0.000000 4.189189
v -4.729730 0.000000 3.918919
v -4.729730 0.000000 3.648649
v -4.729730 0.000000 3.378378
v -4.729730 0.004887 3.108108
v -4.729730 0.017529 2.837838
v -4.729730 0.030699 2.567568
v -4.729730 0.042175 2.297297
v -4.729730 0.049329 2.027027
v -4.729730 0.057649 1.756757
v -4.729730 0.060802 1.486486
v -4.729730 0.063912 1.216216
v -4.729730 0.070654 0.945946
v -4.729730 0.077084 0.675676
v -4.729730 0.079216 0.405405
v -4.729730 0.080781 0.135135
v -4.729730 0.080622 -0.135135
v -4.729730 0.082166 -0.405405
v -4.729730 0.081642 -0.675676
v -4.729730 0.075931 -0.945946
v -4.729730 0.073040 -1.216216
v -4.729730 0.076558 -1.486486
v -4.729730 0.074487 -1.756757
v -4.729730 0.068428 -2.027027
v -4.729730 0.056751 -2.297297
v -4.729730 0.040790 -2.567568
v -4.729730 0.023366 -2.837838
v -4.729730 0.006770 -3.108108
v -4.729730 0.000000 -3.378378
v -4.729730 0.000000 -3.648649
v -4.729730 0.000000 -3.918919
v -4.729730 0.000000 -4.189189
v -4.729730 0.000000 -4.459459
v -4.729730 0.000000 -4.729730
v -4.729730 0.000000 -5.000000
v -4.459459 0.000000 5.000000
v -4.459459 0.000000 4.729730
v -4.459459 0.000000 4.459459
v -4.459459 0.000000 4.189189
v -4.459459 0.000000 3.918919
v -4.459459 0.013005 3.648649
v -4.459459 0.047040 3.378378
v -4.459459 0.095163 3.108108
v -4.459459 0.138914 2.837838
v -4.459459 0.173956 2.567568
v -4.459459 0.194603 2.297297
v -4.459459 0.202229 2.027027
v -4.459459 0.211707 1.756757
v -4.459459 0.210539 1.486486
v -4.459459 0.217131 1.216216
v -4.459459 0.225469 0.945946
v -4.459459 0.249674 0.675676
v -4.459459 0.265844 0.405405
v -4.459459 0.276917 0.135135
v -4.459459 0.282436 -0.135135
v -4.459459 0.274890 -0.405405
v -4.459459 0.261070 -0.675676
v -4.459459 0.258826 -0.945946
v -4.459459 0.244699 -1.216216
v -4.459459 0.270936 -1.486486
v -4.459459 0.289611 -1.756757
v -4.459459 0.282739 -2.027027
v -4.459459 0.269609 -2.297297
v -4.459459 0.238194 -2.567568
v -4.459459 0.187960 -2.837838
v -4.459459 0.132454 -3.108108
v -4.459459 0.072413 -3.378378
v -4.459459 0.019590 -3.648649
v -4.459459 0.000000 -3.918919
v -4.459459 0.000000 -4.189189
v -4.459459 0.000000 -4.459459
v -4.459459 0.000000 -4.729730
v -4.459459 0.000000 -5.000000
v -4.189189 0.000000 5.000000
v -4.189189 0.000000 4.729730
v -4.189189 0.000000 4.459459
v -4.189189 0.000377 4.189189
v -4.189189 0.030682 3.918919
v -4.189189 0.098043 3.648649
v -4.189189 0.169097 3.378378
v -4.189189 0.250581 3.108108
v -4.189189 0.338988 2.837838
v -4.189189 0.396593 2.567568
v -4.189189 0.409785 2.297297
v -4.189189 0.426961 2.027027
v -4.189189 0.426401 1.756757
v -4.189189 0.423490 1.486486
v -4.189189 0.428917 1.216216
v -4.189189 0.429427 0.945946
v -4.189189 0.477270 0.675676
v -4.189189 0.512543 0.405405
v -4.189189 0.540523 0.135135
v -4.189189 0.552478 -0.135135
v -4.189189 0.518881 -0.405405
v -4.189189 0.510525 -0.675676
v -4.189189 0.512668 -0.945946
v -4.189189 0.510377 -1.216216
v -4.189189 0.542512 -1.486486
v -4.189189 0.588897 -1.756757
v -4.189189 0.577469 -2.027027
v -4.189189 0.576876 -2.297297
v -4.189189 0.530785 -2.567568
v -4.189189 0.443860 -2.837838
v -4.189189 0.361956 -3.108108
v -4.189189 0.253864 -3.378378
v -4.189189 0.139389 -3.648649
v -4.189189 0.044985 -3.918919
v -4.189189 0.000537 -4.189189
v -4.189189 0.000000 -4.459459
v -4.189189 0.000000 -4.729730
v -4.189189 0.000000 -5.000000
v -3.918919 0.000000 5.000000
v -3.918919 0.000000 4.729730
v -3.918919 0.000000 4.459459
v -3.918919 0.030111 4.189189
v -3.918919 0.109203 3.918919
v -3.918919 0.225074 3.648649
v -3.918919 0.330858 3.378378
v -3.918919 0.426622 3.108108
v -3.918919 0.562071 2.837838
v -3.918919 0.646761 2.567568
v -3.918919 0.650770 2.297297
v -3.918919 0.672645 2.027027
v -3.918919 0.650558 1.756757
v -3.918919 0.648137 1.486486
v -3.918919 0.678101 1.216216
v -3.918919 0.675587 0.945946
v -3.918919 0.747115 0.675676
v -3.918919 0.773874 0.405405
v -3.918919 0.810117 0.135135
v -3.918919 0.867640 -0.135135
v -3.918919 0.830788 -0.405405
v -3.918919 0.824033 -0.675676
v -3.918919 0.821136 -0.945946
v -3.918919 0.828849 -1.216216
v -3.918919 0.864994 -1.486486
v -3.918919 0.917992 -1.756757
v -3.918919 0.917468 -2.027027
v -3.918919 0.896230 -2.297297
v -3.918919 0.831295 -2.567568
v -3.918919 0.756693 -2.837838
v -3.918919 0.610255 -3.108108
v -3.918919 0.498396 -3.378378
v -3.918919 0.317657 -3.648649
v -3.918919 0.158711 -3.918919
v -3.918919 0.042235 -4.189189
v -3.918919 0.000000 -4.459459
v -3.918919 0.000000 -4.729730
v -3.918919 0.000000 -5.000000
v -3.648649 0.000000 5.000000
v -3.648649 0.000000 4.729730
v -3.648649 0.011903 4.459459
v -3.648649 0.083794 4.189189
v -3.648649 0.207662 3.918919
v -3.648649 0.359055 3.648649
v -3.648649 0.489849 3.378378
v -3.648649 0.611682 3.108108
v -3.648649 0.732072 2.837838
v -3.648649 0.807840 2.567568
v -3.648649 0.866017 2.297297
v -3.648649 0.889771 2.027027
v -3.648649 0.867387 1.756757
v -3.648649 0.865875 1.486486
v -3.648649 0.863465 1.216216
v -3.648649 0.937663 0.945946
v -3.648649 1.021818 0.675676
v -3.648649 1.075130 0.405405
v -3.648649 1.131367 0.135135
v -3.648649 1.176982 -0.135135
v -3.648649 1.161893 -0.405405
v -3.648649 1.147965 -0.675676
v -3.648649 1.082012 -0.945946
v -3.648649 1.111679 -1.216216
v -3.648649 1.157591 -1.486486
v -3.648649 1.175184 -1.756757
v -3.648649 1.244639 -2.027027
v -3.648649 1.206347 -2.297297
v -3.648649 1.150327 -2.567568
v -3.648649 1.040424 -2.837838
v -3.648649 0.882373 -3.108108
v -3.648649 0.699687 -3.378378
v -3.648649 0.508662 -3.648649
v -3.648649 0.297092 -3.918919
v -3.648649 0.125264 -4.189189
v -3.648649 0.018275 -4.459459
v -3.648649 0.000000 -4.729730
v -3.648649 0.000000 -5.000000
v -3.378378 0.000000 5.000000
v -3.378378 0.000000 4.729730
v -3.378378 0.043359 4.459459
v -3.378378 0.163442 4.189189
v -3.378378 0.317917 3.918919
v -3.378378 0.488412 3.648649
v -3.378378 0.631843 3.378378
v -3.378378 0.777013 3.108108
v -3.378378 0.855359 2.837838
v -3.378378 0.947970 2.567568
v -3.378378 1.031360 2.297297
v -3.378378 1.076042 2.027027
v -3.378378 1.106778 1.756757
v -3.378378 1.063134 1.486486
v -3.378378 1.076398 1.216216
v -3.378378 1.185190 0.945946
v -3.378378 1.309041 0.675676
v -3.378378 1.348341 0.405405
v -3.378378 1.415444 0.135135
v -3.378378 1.441201 -0.135135
v -3.378378 1.464310 -0.405405
v -3.378378 1.488741 -0.675676
v -3.378378 1.449579 -0.945946
v -3.378378 1.473310 -1.216216
v -3.378378 1.477799 -1.486486
v -3.378378 1.484603 -1.756757
v -3.378378 1.551417 -2.027027
v -3.378378 1.562596 -2.297297
v -3.378378 1.415718 -2.567568
v -3.378378 1.254289 -2.837838
v -3.378378 1.112636 -3.108108
v -3.378378 0.894854 -3.378378
v -3.378378 0.704663 -3.648649
v -3.378378 0.447253 -3.918919
v -3.378378 0.221916 -4.189189
v -3.378378 0.063153 -4.459459
v -3.378378 0.000000 -4.729730
v -3.378378 0.000000 -5.000000
v -3.108108 0.000000 5.000000
v -3.108108 0.004045 4.729730
v -3.108108 0.083167 4.459459
v -3.108108 0.225037 4.189189
v -3.108108 0.404137 3.918919
v -3.108108 0.564535 3.648649
v -3.108108 0.725445 3.378378
v -3.108108 0.836611 3.108108
v -3.108108 0.953388 2.837838
v -3.108108 1.069537 2.567568
v -3.108108 1.167717 2.297297
v -3.108108 1.238137 2.027027
v -3.108108 1.282810 1.756757
v -3.108108 1.236420 1.486486
v -3.108108 1.283795 1.216216
v -3.108108 1.418451 0.945946
v -3.108108 1.573234 0.675676
v -3.108108 1.668331 0.405405
v -3.108108 1.639011 0.135135
v -3.108108 1.583999 -0.135135
v -3.108108 1.691028 -0.405405
v -3.108108 1.752067 -0.675676
v -3.108108 1.847645 -0.945946
v -3.108108 1.760401 -1.216216
v -3.108108 1.838887 -1.486486
v -3.108108 1.853174 -1.756757
v -3.108108 1.932712 -2.027027
v -3.108108 1.874903 -2.297297
v -3.108108 1.689508 -2.567568
v -3.108108 1.559349 -2.837838
v -3.108108 1.346620 -3.108108
v -3.108108 1.127469 -3.378378
v -3.108108 0.864330 -3.648649
v -3.108108 0.573512 -3.918919
v -3.108108 0.317396 -4.189189
v -3.108108 0.117796 -4.459459
v -3.108108 0.005923 -4.729730
v -3.108108 0.000000 -5.000000
v -2.837838 0.000000 5.000000
v -2.837838 0.015318 4.729730
v -2.837838 0.121868 4.459459
v -2.837838 0.296575 4.189189
v -2.837838 0.506940 3.918919
v -2.837838 0.660597 3.648649
v -2.837838 0.809679 3.378378
v -2.837838 0.945591 3.108108
v -2.837838 1.076307 2.837838
v -2.837838 1.156954 2.567568
v -2.837838 1.287650 2.297297
v -2.837838 1.378913 2.027027
v -2.837838 1.505942 1.756757
v -2.837838 1.504444 1.486486
v -2.837838 1.499303 1.216216
v -2.837838 1.650678 0.945946
v -2.837838 1.866675 0.675676
v -2.837838 1.931178 0.405405
v -2.837838 1.957353 0.135135
v -2.837838 1.931039 -0.135135
v -2.837838 1.910024 -0.405405
v -2.837838 2.045329 -0.675676
v -2.837838 2.126288 -0.945946
v -2.837838 2.045403 -1.216216
v -2.837838 2.115454 -1.486486
v -2.837838 2.130047 -1.756757
v -2.837838 2.206452 -2.027027
v -2.837838 2.282043 -2.297297
v -2.837838 2.131120 -2.567568
v -2.837838 1.980308 -2.837838
v -2.837838 1.737777 -3.108108
v -2.837838 1.371105 -3.378378
v -2.837838 1.005242 -3.648649
v -2.837838 0.696179 -3.918919
v -2.837838 0.406874 -4.189189
v -2.837838 0.172186 -4.459459
v -2.837838 0.022142 -4.729730
v -2.837838 0.000000 -5.000000
v -2.567568 0.000000 5.000000
v -2.567568 0.029499 4.729730
v -2.567568 0.165154 4.459459
v -2.567568 0.370209 4.189189
v -2.567568 0.582384 3.918919
v -2.567568 0.754210 3.648649
v -2.567568 0.902369 3.378378
v -2.567568 1.017338 3.108108
v -2.567568 1.184603 2.837838
v -2.567568 1.276909 2.567568
v -2.567568 1.434765 2.297297
v -2.567568 1.602762 2.027027
v -2.567568 1.768486 1.756757
v -2.567568 1.757123 1.486486
v -2.567568 1.821964 1.216216
v -2.567568 1.987705 0.945946
v -2.567568 2.200132 0.675676
v -2.567568 2.367813 0.405405
v -2.567568 2.398296 0.135135
v -2.567568 2.339988 -0.135135
v -2.567568 2.328133 -0.405405
v -2.567568 2.332803 -0.675676
v -2.567568 2.476772 -0.945946
v -2.567568 2.480486 -1.216216
v -2.567568 2.338521 -1.486486
v -2.567568 2.455319 -1.756757
v -2.567568 2.529716 -2.027027
v -2.567568 2.615396 -2.297297
v -2.567568 2.471239 -2.567568
v -2.567568 2.278115 -2.837838
v -2.567568 2.009010 -3.108108
v -2.567568 1.620960 -3.378378
v -2.567568 1.199709 -3.648649
v -2.567568 0.804150 -3.918919
v -2.567568 0.489043 -4.189189
v -2.567568 0.218822 -4.459459
v -2.567568 0.040023 -4.729730
v -2.567568 0.000000 -5.000000
v -2.297297 0.000000 5.000000
v -2.297297 0.043930 4.729730
v -2.297297 0.193055 4.459459
v -2.297297 0.406936 4.189189
v -2.297297 0.615189 3.918919
v -2.297297 0.810010 3.648649
v -2.297297 0.956738 3.378378
v -2.297297 1.143549 3.108108
v -2.297297 1.270667 2.837838
v -2.297297 1.405890 2.567568
v -2.297297 1.586516 2.297297
v -2.297297 1.799240 2.027027
v -2.297297 1.997358 1.756757
v -2.297297 2.110602 1.486486
v -2.297297 2.237367 1.216216
v -2.297297 2.321359 0.945946
v -2.297297 2.500918 0.675676
v -2.297297 2.655348 0.405405
v -2.297297 2.704246 0.135135
v -2.297297 2.634229 -0.135135
v -2.297297 2.551300 -0.405405
v -2.297297 2.665669 -0.675676
v -2.297297 2.835443 -0.945946
v -2.297297 2.819491 -1.216216
v -2.297297 2.780422 -1.486486
v -2.297297 2.784688 -1.756757
v -2.297297 2.766773 -2.027027
v -2.297297 2.742389 -2.297297
v -2.297297 2.632671 -2.567568
v -2.297297 2.448426 -2.837838
v -2.297297 2.160321 -3.108108
v -2.297297 1.856103 -3.378378
v -2.297297 1.326586 -3.648649
v -2.297297 0.903491 -3.918919
v -2.297297 0.552481 -4.189189
v -2.297297 0.258915 -4.459459
v -2.297297 0.057999 -4.729730
v -2.297297 0.000000 -5.000000
v -2.027027 0.000000 5.000000
v -2.027027 0.055480 4.729730
v -2.027027 0.213882 4.459459
v -2.027027 0.441638 4.189189
v -2.027027 0.699670 3.918919
v -2.027027 0.907241 3.648649
v -2.027027 1.069091 3.378378
v -2.027027 1.236797 3.108108
v -2.027027 1.384762 2.837838
v -2.027027 1.598299 2.567568
v -2.027027 1.798889 2.297297
v -2.027027 1.967264 2.027027
v -2.027027 2.189247 1.756757
v -2.027027 2.432769 1.486486
v -2.027027 2.668155 1.216216
v -2.027027 2.681981 0.945946
v -2.027027 2.936938 0.675676
v -2.027027 2.999671 0.405405
v -2.027027 3.062125 0.135135
v -2.027027 3.097629 -0.135135
v -2.027027 3.024981 -0.405405
v -2.027027 3.069465 -0.675676
v -2.027027 3.080344 -0.945946
v -2.027027 3.032335 -1.216216
v -2.027027 2.934578 -1.486486
v -2.027027 2.777826 -1.756757
v -2.027027 2.868982 -2.027027
v -2.027027 2.823418 -2.297297
v -2.027027 2.701334 -2.567568
v -2.027027 2.525365 -2.837838
v -2.027027 2.264850 -3.108108
v -2.027027 1.864090 -3.378378
v -2.027027 1.392996 -3.648649
v -2.027027 1.009550 -3.918919
v -2.027027 0.613558 -4.189189
v -2.027027 0.297924 -4.459459
v -2.027027 0.072190 -4.729730
v -2.027027 0.000000 -5.000000
v -1.756757 0.000000 5.000000
v -1.756757 0.066771 4.729730
v -1.756757 0.240654 4.459459
v -1.756757 0.484717 4.189189
v -1.756757 0.794429 3.918919
v -1.756757 1.051071 3.648649
v -1.756757 1.219410 3.378378
v -1.756757 1.450899 3.108108
v -1.756757 1.614183 2.837838
v -1.756757 1.782218 2.567568
v -1.756757 2.043205 2.297297
v -1.756757 2.330001 2.027027
v -1.756757 2.540611 1.756757
v -1.756757 2.686466 1.486486
v -1.756757 2.965677 1.216216
v -1.756757 3.087201 0.945946
v -1.756757 3.083830 0.675676
v -1.756757 3.328281 0.405405
v -1.756757 3.359891 0.135135
v -1.756757 3.294827 -0.135135
v -1.756757 3.306198 -0.405405
v -1.756757 3.344757 -0.675676
v -1.756757 3.167150 -0.945946
v -1.756757 3.142079 -1.216216
v -1.756757 2.956315 -1.486486
v -1.756757 2.883005 -1.756757
v -1.756757 2.893121 -2.027027
v -1.756757 2.800658 -2.297297
v -1.756757 2.671759 -2.567568
v -1.756757 2.524198 -2.837838
v -1.756757 2.238299 -3.108108
v -1.756757 1.854424 -3.378378
v -1.756757 1.436723 -3.648649
v -1.756757 1.065731 -3.918919
v -1.756757 0.659702 -4.189189
v -1.756757 0.315018 -4.459459
v -1.756757 0.079834 -4.729730
v -1.756757 0.000000 -5.000000
v -1.486486 0.000000 5.000000
v -1.486486 0.077549 4.729730
v -1.486486 0.272546 4.459459
v -1.486486 0.556949 4.189189
v -1.486486 0.864008 3.918919
v -1.486486 1.178191 3.648649
v -1.486486 1.447542 3.378378
v -1.486486 1.653298 3.108108
v -1.486486 1.851359 2.837838
v -1.486486 2.002372 2.567568
v -1.486486 2.238065 2.297297
v -1.486486 2.621697 2.027027
v -1.486486 2.849783 1.756757
v -1.486486 3.008564 1.486486
v -1.486486 3.336401 1.216216
v -1.486486 3.452580 0.945946
v -1.486486 3.492246 0.675676
v -1.486486 3.649994 0.405405
v -1.486486 3.564633 0.135135
v -1.486486 3.551495 -0.135135
v -1.486486 3.543353 -0.405405
v -1.486486 3.533126 -0.675676
v -1.486486 3.377707 -0.945946
v -1.486486 3.152182 -1.216216
v -1.486486 3.015537 -1.486486
v -1.486486 2.923118 -1.756757
v -1.486486 2.804471 -2.027027
v -1.486486 2.724677 -2.297297
v -1.486486 2.617274 -2.567568
v -1.486486 2.504239 -2.837838
v -1.486486 2.312047 -3.108108
v -1.486486 1.939601 -3.378378
v -1.486486 1.523584 -3.648649
v -1.486486 1.078732 -3.918919
v -1.486486 0.691345 -4.189189
v -1.486486 0.346551 -4.459459
v -1.486486 0.089876 -4.729730
v -1.486486 0.000000 -5.000000
v -1.216216 0.000000 5.000000
v -1.216216 0.081250 4.729730
v -1.216216 0.301962 4.459459
v -1.216216 0.616271 4.189189
v -1.216216 0.907548 3.918919
v -1.216216 1.215140 3.648649
v -1.216216 1.570860 3.378378
v -1.216216 1.920700 3.108108
v -1.216216 2.197948 2.837838
v -1.216216 2.395200 2.567568
v -1.216216 2.687674 2.297297
v -1.216216 3.044468 2.027027
v -1.216216 3.201487 1.756757
v -1.216216 3.335360 1.486486
v -1.216216 3.609836 1.216216
v -1.216216 3.817315 0.945946
v -1.216216 3.952768 0.675676
v -1.216216 4.038466 0.405405
v -1.216216 3.801490 0.135135
v -1.216216 3.800749 -0.135135
v -1.216216 3.764898 -0.405405
v -1.216216 3.648989 -0.675676
v -1.216216 3.315376 -0.945946
v -1.216216 3.143215 -1.216216
v -1.216216 3.126257 -1.486486
v -1.216216 3.030237 -1.756757
v -1.216216 2.959158 -2.027027
v -1.216216 2.947213 -2.297297
v -1.216216 2.866233 -2.567568
v -1.216216 2.631718 -2.837838
v -1.216216 2.326508 -3.108108
v -1.216216 2.039633 -3.378378
v -1.216216 1.605180 -3.648649
v -1.216216 1.126681 -3.918919
v -1.216216 0.757246 -4.189189
v -1.216216 0.362001 -4.459459
v -1.216216 0.097338 -4.729730
v -1.216216 0.000000 -5.000000
v -0.945946 0.000000 5.000000
v -0.945946 0.087174 4.729730
v -0.945946 0.315416 4.459459
v -0.945946 0.626686 4.189189
v -0.945946 0.954114 3.918919
v -0.945946 1.345914 3.648649
v -0.945946 1.691380 3.378378
v -0.945946 2.033162 3.108108
v -0.945946 2.325845 2.837838
v -0.945946 2.662022 2.567568
v -0.945946 2.980058 2.297297
v -0.945946 3.207053 2.027027
v -0.945946 3.441579 1.756757
v -0.945946 3.594275 1.486486
v -0.945946 3.759602 1.216216
v -0.945946 4.105015 0.945946
v -0.945946 4.228625 0.675676
v -0.945946 4.224958 0.405405
v -0.945946 4.234628 0.135135
v -0.945946 4.239082 -0.135135
v -0.945946 4.121117 -0.405405
v -0.945946 4.075531 -0.675676
v -0.945946 3.601289 -0.945946
v -0.945946 3.404380 -1.216216
v -0.945946 3.358531 -1.486486
v -0.945946 3.380317 -1.756757
v -0.945946 3.278387 -2.027027
v -0.945946 3.228250 -2.297297
v -0.945946 3.112105 -2.567568
v -0.945946 2.736394 -2.837838
v -0.945946 2.426417 -3.108108
v -0.945946 2.167459 -3.378378
v -0.945946 1.702425 -3.648649
v -0.945946 1.260880 -3.918919
v -0.945946 0.788537 -4.189189
v -0.945946 0.369475 -4.459459
v -0.945946 0.099784 -4.729730
v -0.945946 0.000000 -5.000000
v -0.675676 0.000000 5.000000
v -0.675676 0.087970 4.729730
v -0.675676 0.303071 4.459459
v -0.675676 0.613511 4.189189
v -0.675676 0.935795 3.918919
v -0.675676 1.315064 3.648649
v -0.675676 1.698777 3.378378
v -0.675676 1.970238 3.108108
v -0.675676 2.375722 2.837838
v -0.675676 2.621078 2.567568
v -0.675676 2.968369 2.297297
v -0.675676 3.408186 2.027027
v -0.675676 3.509912 1.756757
v -0.675676 3.682728 1.486486
v -0.675676 3.933526 1.216216
v -0.675676 4.434442 0.945946
v -0.675676 4.280905 0.675676
v -0.675676 4.290821 0.405405
v -0.675676 4.400475 0.135135
v -0.675676 4.543347 -0.135135
v -0.675676 4.441854 -0.405405
v -0.675676 4.125612 -0.675676
v -0.675676 3.900319 -0.945946
v -0.675676 3.765946 -1.216216
v -0.675676 3.708709 -1.486486
v -0.675676 3.624252 -1.756757
v -0.675676 3.684239 -2.027027
v -0.675676 3.599489 -2.297297
v -0.675676 3.248918 -2.567568
v -0.675676 2.952640 -2.837838
v -0.675676 2.668283 -3.108108
v -0.675676 2.240561 -3.378378
v -0.675676 1.759560 -3.648649
v -0.675676 1.395736 -3.918919
v -0.675676 0.864817 -4.189189
v -0.675676 0.400512 -4.459459
v -0.675676 0.109775 -4.729730
v -0.675676 0.000000 -5.000000
v -0.405405 0.000000 5.000000
v -0.405405 0.083552 4.729730
v -0.405405 0.292052 4.459459
v -0.405405 0.568322 4.189189
v -0.405405 0.882752 3.918919
v -0.405405 1.243975 3.648649
v -0.405405 1.651710 3.378378
v -0.405405 1.950322 3.108108
v -0.405405 2.394252 2.837838
v -0.405405 2.676942 2.567568
v -0.405405 2.928266 2.297297
v -0.405405 3.294981 2.027027
v -0.405405 3.620854 1.756757
v -0.405405 3.854524 1.486486
v -0.405405 4.193335 1.216216
v -0.405405 4.427360 0.945946
v -0.405405 4.351810 0.675676
v -0.405405 4.283053 0.405405
v -0.405405 4.324100 0.135135
v -0.405405 4.495782 -0.135135
v -0.405405 4.417624 -0.405405
v -0.405405 4.235237 -0.675676
v -0.405405 4.012490 -0.945946
v -0.405405 3.860155 -1.216216
v -0.405405 3.917475 -1.486486
v -0.405405 4.005140 -1.756757
v -0.405405 3.909024 -2.027027
v -0.405405 3.819781 -2.297297
v -0.405405 3.525195 -2.567568
v -0.405405 3.252381 -2.837838
v -0.405405 2.865452 -3.108108
v -0.405405 2.388716 -3.378378
v -0.405405 1.901872 -3.648649
v -0.405405 1.433867 -3.918919
v -0.405405 0.927159 -4.189189
v -0.405405 0.428421 -4.459459
v -0.405405 0.116134 -4.729730
v -0.405405 0.000000 -5.000000
v -0.135135 0.000000 5.000000
v -0.135135 0.081429 4.729730
v -0.135135 0.287692 4.459459
v -0.135135 0.568043 4.189189
v -0.135135 0.910524 3.918919
v -0.135135 1.266159 3.648649
v -0.135135 1.596418 3.378378
v -0.135135 1.982977 3.108108
v -0.135135 2.427154 2.837838
v -0.135135 2.743625 2.567568
v -0.135135 3.044141 2.297297
v -0.135135 3.365333 2.027027
v -0.135135 3.701735 1.756757
v -0.135135 3.917951 1.486486
v -0.135135 4.097388 1.216216
v -0.135135 4.205357 0.945946
v -0.135135 4.220323 0.675676
v -0.135135 4.281846 0.405405
v -0.135135 4.285434 0.135135
v -0.135135 4.479910 -0.135135
v -0.135135 4.517791 -0.405405
v -0.135135 4.458920 -0.675676
v -0.135135 4.497795 -0.945946
v -0.135135 4.429355 -1.216216
v -0.135135 4.461880 -1.486486
v -0.135135 4.183051 -1.756757
v -0.135135 4.025279 -2.027027
v -0.135135 3.981240 -2.297297
v -0.135135 3.748838 -2.567568
v -0.135135 3.489390 -2.837838
v -0.135135 2.969055 -3.108108
v -0.135135 2.535751 -3.378378
v -0.135135 1.954312 -3.648649
v -0.135135 1.455313 -3.918919
v -0.135135 0.968165 -4.189189
v -0.135135 0.450242 -4.459459
v -0.135135 0.114136 -4.729730
v -0.135135 0.000000 -5.000000
v 0.135135 0.000000 5.000000
v 0.135135 0.081387 4.729730
v 0.135135 0.294970 4.459459
v 0.135135 0.583786 4.189189
v 0.135135 0.948884 3.918919
v 0.135135 1.337062 3.648649
v 0.135135 1.670731 3.378378
v 0.135135 2.086826 3.108108
v 0.135135 2.481440 2.837838
v 0.135135 2.702721 2.567568
v 0.135135 3.116920 2.297297
v 0.135135 3.435864 2.027027
v 0.135135 3.846418 1.756757
v 0.135135 4.019396 1.486486
v 0.135135 4.008636 1.216216
v 0.135135 4.232462 0.945946
v 0.135135 4.245152 0.675676
v 0.135135 4.220124 0.405405
v 0.135135 4.442449 0.135135
v 0.135135 4.558521 -0.135135
v 0.135135 4.727472 -0.405405
v 0.135135 4.830355 -0.675676
v 0.135135 4.695079 -0.945946
v 0.135135 4.770710 -1.216216
v 0.135135 4.621913 -1.486486
v 0.135135 4.385675 -1.756757
v 0.135135 4.301938 -2.027027
v 0.135135 4.088986 -2.297297
v 0.135135 3.828308 -2.567568
v 0.135135 3.462073 -2.837838
v 0.135135 3.060874 -3.108108
v 0.135135 2.561014 -3.378378
v 0.135135 2.101500 -3.648649
v 0.135135 1.446918 -3.918919
v 0.135135 0.918325 -4.189189
v 0.135135 0.433381 -4.459459
v 0.135135 0.118830 -4.729730
v 0.135135 0.000000 -5.000000
v 0.405405 0.000000 5.000000
v 0.405405 0.086605 4.729730
v 0.405405 0.311543 4.459459
v 0.405405 0.602311 4.189189
v 0.405405 0.968470 3.918919
v 0.405405 1.419088 3.648649
v 0.405405 1.771594 3.378378
v 0.405405 2.151999 3.108108
v 0.405405 2.497650 2.837838
v 0.405405 2.712128 2.567568
v 0.405405 3.108267 2.297297
v 0.405405 3.553093 2.027027
v 0.405405 3.852274 1.756757
v 0.405405 4.085192 1.486486
v 0.405405 4.350561 1.216216
v 0.405405 4.340450 0.945946
v 0.405405 4.386461 0.675676
v 0.405405 4.350856 0.405405
v 0.405405 4.465341 0.135135
v 0.405405 4.907116 -0.135135
v 0.405405 5.005130 -0.405405
v 0.405405 4.957316 -0.675676
v 0.405405 4.995223 -0.945946
v 0.405405 4.735183 -1.216216
v 0.405405 4.747169 -1.486486
v 0.405405 4.551616 -1.756757
v 0.405405 4.311459 -2.027027
v 0.405405 4.132327 -2.297297
v 0.405405 3.902905 -2.567568
v 0.405405 3.432996 -2.837838
v 0.405405 2.994996 -3.108108
v 0.405405 2.518377 -3.378378
v 0.405405 2.027538 -3.648649
v 0.405405 1.421592 -3.918919
v 0.405405 0.902749 -4.189189
v 0.405405 0.440398 -4.459459
v 0.405405 0.125763 -4.729730
v 0.405405 0.000000 -5.000000
v 0.675676 0.000000 5.000000
v 0.675676 0.090660 4.729730
v 0.675676 0.325962 4.459459
v 0.675676 0.649198 4.189189
v 0.675676 1.017845 3.918919
v 0.675676 1.415708 3.648649
v 0.675676 1.864407 3.378378
v 0.675676 2.155960 3.108108
v 0.675676 2.438903 2.837838
v 0.675676 2.741825 2.567568
v 0.675676 3.078735 2.297297
v 0.675676 3.536396 2.027027
v 0.675676 3.793320 1.756757
v 0.675676 4.225348 1.486486
v 0.675676 4.404109 1.216216
v 0.675676 4.655113 0.945946
v 0.675676 4.673296 0.675676
v 0.675676 4.634127 0.405405
v 0.675676 4.735474 0.135135
v 0.675676 4.981088 -0.135135
v 0.675676 5.134295 -0.405405
v 0.675676 5.018239 -0.675676
v 0.675676 5.023935 -0.945946
v 0.675676 5.072626 -1.216216
v 0.675676 4.849164 -1.486486
v 0.675676 4.610511 -1.756757
v 0.675676 4.554526 -2.027027
v 0.675676 4.302784 -2.297297
v 0.675676 4.072670 -2.567568
v 0.675676 3.585227 -2.837838
v 0.675676 3.112803 -3.108108
v 0.675676 2.524928 -3.378378
v 0.675676 2.022272 -3.648649
v 0.675676 1.401814 -3.918919
v 0.675676 0.907199 -4.189189
v 0.675676 0.464465 -4.459459
v 0.675676 0.134328 -4.729730
v 0.675676 0.000000 -5.000000
v 0.945946 0.000000 5.000000
v 0.945946 0.094615 4.729730
v 0.945946 0.340767 4.459459
v 0.945946 0.669948 4.189189
v 0.945946 1.083767 3.918919
v 0.945946 1.464901 3.648649
v 0.945946 1.886421 3.378378
v 0.945946 2.141764 3.108108
v 0.945946 2.426463 2.837838
v 0.945946 2.772017 2.567568
v 0.945946 3.164701 2.297297
v 0.945946 3.577265 2.027027
v 0.945946 3.880318 1.756757
v 0.945946 4.063747 1.486486
v 0.945946 4.523434 1.216216
v 0.945946 4.915980 0.945946
v 0.945946 5.057413 0.675676
v 0.945946 4.901577 0.405405
v 0.945946 4.710566 0.135135
v 0.945946 4.838584 -0.135135
v 0.945946 4.834370 -0.405405
v 0.945946 4.815958 -0.675676
v 0.945946 5.035423 -0.945946
v 0.945946 5.105379 -1.216216
v 0.945946 5.018793 -1.486486
v 0.945946 4.812234 -1.756757
v 0.945946 4.641730 -2.027027
v 0.945946 4.498117 -2.297297
v 0.945946 4.022506 -2.567568
v 0.945946 3.680393 -2.837838
v 0.945946 3.043026 -3.108108
v 0.945946 2.482764 -3.378378
v 0.945946 1.979747 -3.648649
v 0.945946 1.456067 -3.918919
v 0.945946 0.903679 -4.189189
v 0.945946 0.501493 -4.459459
v 0.945946 0.139178 -4.729730
v 0.945946 0.000000 -5.000000
v 1.216216 0.000000 5.000000
v 1.216216 0.099827 4.729730
v 1.216216 0.354479 4.459459
v 1.216216 0.690222 4.189189
v 1.216216 1.062541 3.918919
v 1.216216 1.422043 3.648649
v 1.216216 1.789336 3.378378
v 1.216216 2.123647 3.108108
v 1.216216 2.426558 2.837838
v 1.216216 2.764371 2.567568
v 1.216216 3.278077 2.297297
v 1.216216 3.715231 2.027027
v 1.216216 3.829989 1.756757
v 1.216216 4.200588 1.486486
v 1.216216 4.827420 1.216216
v 1.216216 4.987217 0.945946
v 1.216216 5.094729 0.675676
v 1.216216 5.218892 0.405405
v 1.216216 5.078506 0.135135
v 1.216216 5.224178 -0.135135
v 1.216216 5.012231 -0.405405
v 1.216216 4.887162 -0.675676
v 1.216216 5.023649 -0.945946
v 1.216216 5.141390 -1.216216
v 1.216216 5.042096 -1.486486
v 1.216216 5.106195 -1.756757
v 1.216216 4.622971 -2.027027
v 1.216216 4.301718 -2.297297
v 1.216216 3.812435 -2.567568
v 1.216216 3.526330 -2.837838
v 1.216216 2.966151 -3.108108
v 1.216216 2.508115 -3.378378
v 1.216216 2.052958 -3.648649
v 1.216216 1.417034 -3.918919
v 1.216216 0.922209 -4.189189
v 1.216216 0.507965 -4.459459
v 1.216216 0.131780 -4.729730
v 1.216216 0.000000 -5.000000
v 1.486486 0.000000 5.000000
v 1.486486 0.100620 4.729730
v 1.486486 0.348778 4.459459
v 1.486486 0.676901 4.189189
v 1.486486 0.981148 3.918919
v 1.486486 1.345187 3.648649
v 1.486486 1.746462 3.378378
v 1.486486 2.095581 3.108108
v 1.486486 2.444581 2.837838
v 1.486486 2.885879 2.567568
v 1.486486 3.317608 2.297297
v 1.486486 3.742249 2.027027
v 1.486486 3.996851 1.756757
v 1.486486 4.458285 1.486486
v 1.486486 4.850897 1.216216
v 1.486486 5.097177 0.945946
v 1.486486 5.359436 0.675676
v 1.486486 5.477873 0.405405
v 1.486486 5.592988 0.135135
v 1.486486 5.696292 -0.135135
v 1.486486 5.407853 -0.405405
v 1.486486 5.173336 -0.675676
v 1.486486 5.056766 -0.945946
v 1.486486 5.019366 -1.216216
v 1.486486 5.172366 -1.486486
v 1.486486 5.000967 -1.756757
v 1.486486 4.470714 -2.027027
v 1.486486 4.242554 -2.297297
v 1.486486 3.808222 -2.567568
v 1.486486 3.580974 -2.837838
v 1.486486 3.050344 -3.108108
v 1.486486 2.657260 -3.378378
v 1.486486 2.161542 -3.648649
v 1.486486 1.518029 -3.918919
v 1.486486 0.974655 -4.189189
v 1.486486 0.499452 -4.459459
v 1.486486 0.132324 -4.729730
v 1.486486 0.000000 -5.000000
v 1.756757 0.000000 5.000000
v 1.756757 0.087990 4.729730
v 1.756757 0.327485 4.459459
v 1.756757 0.651549 4.189189
v 1.756757 0.970012 3.918919
v 1.756757 1.367836 3.648649
v 1.756757 1.710490 3.378378
v 1.756757 2.166873 3.108108
v 1.756757 2.545147 2.837838
v 1.756757 2.940437 2.567568
v 1.756757 3.269552 2.297297
v 1.756757 3.809760 2.027027
v 1.756757 4.233880 1.756757
v 1.756757 4.565793 1.486486
v 1.756757 4.909676 1.216216
v 1.756757 5.087216 0.945946
v 1.756757 5.173104 0.675676
v 1.756757 5.448445 0.405405
v 1.756757 5.674030 0.135135
v 1.756757 5.898340 -0.135135
v 1.756757 5.692786 -0.405405
v 1.756757 5.232264 -0.675676
v 1.756757 4.979800 -0.945946
v 1.756757 5.138085 -1.216216
v 1.756757 5.154893 -1.486486
v 1.756757 4.953831 -1.756757
v 1.756757 4.433150 -2.027027
v 1.756757 4.187847 -2.297297
v 1.756757 3.913605 -2.567568
v 1.756757 3.718847 -2.837838
v 1.756757 3.364795 -3.108108
v 1.756757 2.786982 -3.378378
v 1.756757 2.185671 -3.648649
v 1.756757 1.574607 -3.918919
v 1.756757 1.019154 -4.189189
v 1.756757 0.482413 -4.459459
v 1.756757 0.123577 -4.729730
v 1.756757 0.000000 -5.000000
v 2.027027 0.000000 5.000000
v 2.027027 0.077788 4.729730
v 2.027027 0.310058 4.459459
v 2.027027 0.627975 4.189189
v 2.027027 0.957094 3.918919
v 2.027027 1.333886 3.648649
v 2.027027 1.685943 3.378378
v 2.027027 2.186360 3.108108
v 2.027027 2.518564 2.837838
v 2.027027 2.840748 2.567568
v 2.027027 3.252477 2.297297
v 2.027027 3.670264 2.027027
v 2.027027 3.992659 1.756757
v 2.027027 4.367853 1.486486
v 2.027027 4.748798 1.216216
v 2.027027 4.988912 0.945946
v 2.027027 5.105243 0.675676
v 2.027027 5.308836 0.405405
v 2.027027 5.382478 0.135135
v 2.027027 5.692036 -0.135135
v 2.027027 5.765518 -0.405405
v 2.027027 5.300609 -0.675676
v 2.027027 5.163041 -0.945946
v 2.027027 5.093571 -1.216216
v 2.027027 4.974038 -1.486486
v 2.027027 4.706884 -1.756757
v 2.027027 4.238429 -2.027027
v 2.027027 4.108451 -2.297297
v 2.027027 4.108973 -2.567568
v 2.027027 3.899951 -2.837838
v 2.027027 3.498719 -3.108108
v 2.027027 2.778100 -3.378378
v 2.027027 2.177889 -3.648649
v 2.027027 1.571520 -3.918919
v 2.027027 1.032025 -4.189189
v 2.027027 0.479695 -4.459459
v 2.027027 0.113131 -4.729730
v 2.027027 0.000000 -5.000000
v 2.297297 0.000000 5.000000
v 2.297297 0.062692 4.729730
v 2.297297 0.286552 4.459459
v 2.297297 0.586696 4.189189
v 2.297297 0.947309 3.918919
v 2.297297 1.316407 3.648649
v 2.297297 1.683552 3.378378
v 2.297297 2.135322 3.108108
v 2.297297 2.439152 2.837838
v 2.297297 2.644660 2.567568
v 2.297297 3.009425 2.297297
v 2.297297 3.381981 2.027027
v 2.297297 3.584032 1.756757
v 2.297297 4.004713 1.486486
v 2.297297 4.645433 1.216216
v 2.297297 4.831617 0.945946
v 2.297297 5.172980 0.675676
v 2.297297 5.285678 0.405405
v 2.297297 5.147782 0.135135
v 2.297297 5.058584 -0.135135
v 2.297297 5.355637 -0.405405
v 2.297297 5.119472 -0.675676
v 2.297297 4.826320 -0.945946
v 2.297297 4.823936 -1.216216
v 2.297297 4.735514 -1.486486
v 2.297297 4.432803 -1.756757
v 2.297297 4.210091 -2.027027
v 2.297297 3.899647 -2.297297
v 2.297297 3.729465 -2.567568
v 2.297297 3.703184 -2.837838
v 2.297297 3.337807 -3.108108
v 2.297297 2.739349 -3.378378
v 2.297297 2.020794 -3.648649
v 2.297297 1.455972 -3.918919
v 2.297297 0.952170 -4.189189
v 2.297297 0.435199 -4.459459
v 2.297297 0.093160 -4.729730
v 2.297297 0.000000 -5.000000
v 2.567568 0.000000 5.000000
v 2.567568 0.046216 4.729730
v 2.567568 0.240383 4.459459
v 2.567568 0.502985 4.189189
v 2.567568 0.837879 3.918919
v 2.567568 1.175193 3.648649
v 2.567568 1.560002 3.378378
v 2.567568 1.940489 3.108108
v 2.567568 2.316712 2.837838
v 2.567568 2.624271 2.567568
v 2.567568 3.058471 2.297297
v 2.567568 3.253376 2.027027
v 2.567568 3.361948 1.756757
v 2.567568 3.767636 1.486486
v 2.567568 4.212759 1.216216
v 2.567568 4.435168 0.945946
v 2.567568 4.807920 0.675676
v 2.567568 5.061579 0.405405
v 2.567568 5.010152 0.135135
v 2.567568 4.768526 -0.135135
v 2.567568 4.884162 -0.405405
v 2.567568 4.653247 -0.675676
v 2.567568 4.585751 -0.945946
v 2.567568 4.698029 -1.216216
v 2.567568 4.448084 -1.486486
v 2.567568 4.320047 -1.756757
v 2.567568 4.149981 -2.027027
v 2.567568 3.810775 -2.297297
v 2.567568 3.674262 -2.567568
v 2.567568 3.413798 -2.837838
v 2.567568 2.901831 -3.108108
v 2.567568 2.428281 -3.378378
v 2.567568 1.842171 -3.648649
v 2.567568 1.294806 -3.918919
v 2.567568 0.834687 -4.189189
v 2.567568 0.376651 -4.459459
v 2.567568 0.068375 -4.729730
v 2.567568 0.000000 -5.000000
v 2.837838 0.000000 5.000000
v 2.837838 0.027046 4.729730
v 2.837838 0.194222 4.459459
v 2.837838 0.447795 4.189189
v 2.837838 0.750471 3.918919
v 2.837838 1.048388 3.648649
v 2.837838 1.405097 3.378378
v 2.837838 1.812938 3.108108
v 2.837838 2.137609 2.837838
v 2.837838 2.564051 2.567568
v 2.837838 2.907419 2.297297
v 2.837838 3.084461 2.027027
v 2.837838 3.267860 1.756757
v 2.837838 3.454684 1.486486
v 2.837838 3.871703 1.216216
v 2.837838 4.192226 0.945946
v 2.837838 4.328362 0.675676
v 2.837838 4.566551 0.405405
v 2.837838 4.492672 0.135135
v 2.837838 4.429548 -0.135135
v 2.837838 4.279619 -0.405405
v 2.837838 4.253915 -0.675676
v 2.837838 4.304324 -0.945946
v 2.837838 4.369492 -1.216216
v 2.837838 4.078416 -1.486486
v 2.837838 3.980589 -1.756757
v 2.837838 3.781049 -2.027027
v 2.837838 3.617683 -2.297297
v 2.837838 3.351801 -2.567568
v 2.837838 2.951698 -2.837838
v 2.837838 2.537380 -3.108108
v 2.837838 2.044951 -3.378378
v 2.837838 1.590846 -3.648649
v 2.837838 1.088377 -3.918919
v 2.837838 0.669230 -4.189189
v 2.837838 0.277003 -4.459459
v 2.837838 0.034457 -4.729730
v 2.837838 0.000000 -5.000000
v 3.108108 0.000000 5.000000
v 3.108108 0.007812 4.729730
v 3.108108 0.143105 4.459459
v 3.108108 0.384041 4.189189
v 3.108108 0.647112 3.918919
v 3.108108 0.972450 3.648649
v 3.108108 1.332921 3.378378
v 3.108108 1.681827 3.108108
v 3.108108 1.951160 2.837838
v 3.108108 2.329741 2.567568
v 3.108108 2.644756 2.297297
v 3.108108 2.920609 2.027027
v 3.108108 2.974536 1.756757
v 3.108108 2.969840 1.486486
v 3.108108 3.404018 1.216216
v 3.108108 3.655898 0.945946
v 3.108108 3.728448 0.675676
v 3.108108 3.873179 0.405405
v 3.108108 3.761032 0.135135
v 3.108108 3.795005 -0.135135
v 3.108108 3.729897 -0.405405
v 3.108108 3.707854 -0.675676
v 3.108108 3.854861 -0.945946
v 3.108108 3.917924 -1.216216
v 3.108108 3.610054 -1.486486
v 3.108108 3.336540 -1.756757
v 3.108108 3.213675 -2.027027
v 3.108108 3.071804 -2.297297
v 3.108108 2.810372 -2.567568
v 3.108108 2.474299 -2.837838
v 3.108108 2.202639 -3.108108
v 3.108108 1.730277 -3.378378
v 3.108108 1.309839 -3.648649
v 3.108108 0.888411 -3.918919
v 3.108108 0.496028 -4.189189
v 3.108108 0.178072 -4.459459
v 3.108108 0.009117 -4.729730
v 3.108108 0.000000 -5.000000
v 3.378378 0.000000 5.000000
v 3.378378 0.000000 4.729730
v 3.378378 0.078108 4.459459
v 3.378378 0.277758 4.189189
v 3.378378 0.505274 3.918919
v 3.378378 0.824664 3.648649
v 3.378378 1.128392 3.378378
v 3.378378 1.470736 3.108108
v 3.378378 1.775427 2.837838
v 3.378378 2.054672 2.567568
v 3.378378 2.345557 2.297297
v 3.378378 2.447731 2.027027
v 3.378378 2.591745 1.756757
v 3.378378 2.717648 1.486486
v 3.378378 2.896233 1.216216
v 3.378378 3.008378 0.945946
v 3.378378 2.983425 0.675676
v 3.378378 3.129473 0.405405
v 3.378378 3.110729 0.135135
v 3.378378 3.098800 -0.135135
v 3.378378 3.047756 -0.405405
v 3.378378 3.164995 -0.675676
v 3.378378 3.128980 -0.945946
v 3.378378 3.194950 -1.216216
v 3.378378 3.042898 -1.486486
v 3.378378 2.747015 -1.756757
v 3.378378 2.684393 -2.027027
v 3.378378 2.603290 -2.297297
v 3.378378 2.282888 -2.567568
v 3.378378 2.049883 -2.837838
v 3.378378 1.753609 -3.108108
v 3.378378 1.368149 -3.378378
v 3.378378 0.985658 -3.648649
v 3.378378 0.635118 -3.918919
v 3.378378 0.327731 -4.189189
v 3.378378 0.089507 -4.459459
v 3.378378 0.000000 -4.729730
v 3.378378 0.000000 -5.000000
v 3.648649 0.000000 5.000000
v 3.648649 0.000000 4.729730
v 3.648649 0.021313 4.459459
v 3.648649 0.149894 4.189189
v 3.648649 0.346335 3.918919
v 3.648649 0.606038 3.648649
v 3.648649 0.860561 3.378378
v 3.648649 1.195506 3.108108
v 3.648649 1.518468 2.837838
v 3.648649 1.783685 2.567568
v 3.648649 1.935093 2.297297
v 3.648649 1.986179 2.027027
v 3.648649 2.085482 1.756757
v 3.648649 2.310175 1.486486
v 3.648649 2.433288 1.216216
v 3.648649 2.455960 0.945946
v 3.648649 2.492833 0.675676
v 3.648649 2.546789 0.405405
v 3.648649 2.534369 0.135135
v 3.648649 2.433167 -0.135135
v 3.648649 2.504591 -0.405405
v 3.648649 2.574645 -0.675676
v 3.648649 2.556441 -0.945946
v 3.648649 2.450672 -1.216216
v 3.648649 2.368993 -1.486486
v 3.648649 2.172908 -1.756757
v 3.648649 2.060819 -2.027027
v 3.648649 2.035070 -2.297297
v 3.648649 1.857713 -2.567568
v 3.648649 1.614604 -2.837838
v 3.648649 1.315067 -3.108108
v 3.648649 1.030478 -3.378378
v 3.648649 0.712513 -3.648649
v 3.648649 0.424116 -3.918919
v 3.648649 0.184609 -4.189189
v 3.648649 0.025052 -4.459459
v 3.648649 0.000000 -4.729730
v 3.648649 0.000000 -5.000000
v 3.918919 0.000000 5.000000
v 3.918919 0.000000 4.729730
v 3.918919 0.000000 4.459459
v 3.918919 0.052295 4.189189
v 3.918919 0.184467 3.918919
v 3.918919 0.360011 3.648649
v 3.918919 0.567622 3.378378
v 3.918919 0.823200 3.108108
v 3.918919 1.087473 2.837838
v 3.918919 1.321089 2.567568
v 3.918919 1.468276 2.297297
v 3.918919 1.496484 2.027027
v 3.918919 1.526756 1.756757
v 3.918919 1.648012 1.486486
v 3.918919 1.724855 1.216216
v 3.918919 1.808181 0.945946
v 3.918919 1.868992 0.675676
v 3.918919 1.843046 0.405405
v 3.918919 1.851976 0.135135
v 3.918919 1.800520 -0.135135
v 3.918919 1.945534 -0.405405
v 3.918919 1.941125 -0.675676
v 3.918919 1.882057 -0.945946
v 3.918919 1.827484 -1.216216
v 3.918919 1.780282 -1.486486
v 3.918919 1.702086 -1.756757
v 3.918919 1.631597 -2.027027
v 3.918919 1.573040 -2.297297
v 3.918919 1.400213 -2.567568
v 3.918919 1.128916 -2.837838
v 3.918919 0.889242 -3.108108
v 3.918919 0.684130 -3.378378
v 3.918919 0.429555 -3.648649
v 3.918919 0.216982 -3.918919
v 3.918919 0.059157 -4.189189
v 3.918919 0.000000 -4.459459
v 3.918919 0.000000 -4.729730
v 3.918919 0.000000 -5.000000
v 4.189189 0.000000 5.000000
v 4.189189 0.000000 4.729730
v 4.189189 0.000000 4.459459
v 4.189189 0.000653 4.189189
v 4.189189 0.052369 3.918919
v 4.189189 0.155050 3.648649
v 4.189189 0.284408 3.378378
v 4.189189 0.438219 3.108108
v 4.189189 0.615742 2.837838
v 4.189189 0.781696 2.567568
v 4.189189 0.891955 2.297297
v 4.189189 0.960157 2.027027
v 4.189189 0.998225 1.756757
v 4.189189 1.084996 1.486486
v 4.189189 1.120202 1.216216
v 4.189189 1.170521 0.945946
v 4.189189 1.177133 0.675676
v 4.189189 1.145227 0.405405
v 4.189189 1.206677 0.135135
v 4.189189 1.262395 -0.135135
v 4.189189 1.257814 -0.405405
v 4.189189 1.252185 -0.675676
v 4.189189 1.251173 -0.945946
v 4.189189 1.233213 -1.216216
v 4.189189 1.164947 -1.486486
v 4.189189 1.132044 -1.756757
v 4.189189 1.043660 -2.027027
v 4.189189 1.002529 -2.297297
v 4.189189 0.900017 -2.567568
v 4.189189 0.703130 -2.837838
v 4.189189 0.502834 -3.108108
v 4.189189 0.328972 -3.378378
v 4.189189 0.175692 -3.648649
v 4.189189 0.056816 -3.918919
v 4.189189 0.000680 -4.189189
v 4.189189 0.000000 -4.459459
v 4.189189 0.000000 -4.729730
v 4.189189 0.000000 -5.000000
v 4.459459 0.000000 5.000000
v 4.459459 0.000000 4.729730
v 4.459459 0.000000 4.459459
v 4.459459 0.000000 4.189189
v 4.459459 0.000000 3.918919
v 4.459459 0.020713 3.648649
v 4.459459 0.076111 3.378378
v 4.459459 0.151719 3.108108
v 4.459459 0.249160 2.837838
v 4.459459 0.346102 2.567568
v 4.459459 0.413912 2.297297
v 4.459459 0.465331 2.027027
v 4.459459 0.489461 1.756757
v 4.459459 0.537985 1.486486
v 4.459459 0.579004 1.216216
v 4.459459 0.609782 0.945946
v 4.459459 0.592073 0.675676
v 4.459459 0.567994 0.405405
v 4.459459 0.607141 0.135135
v 4.459459 0.636196 -0.135135
v 4.459459 0.637942 -0.405405
v 4.459459 0.625535 -0.675676
v 4.459459 0.609111 -0.945946
v 4.459459 0.594852 -1.216216
v 4.459459 0.580309 -1.486486
v 4.459459 0.530524 -1.756757
v 4.459459 0.490446 -2.027027
v 4.459459 0.457840 -2.297297
v 4.459459 0.398637 -2.567568
v 4.459459 0.290331 -2.837838
v 4.459459 0.176032 -3.108108
v 4.459459 0.086860 -3.378378
v 4.459459 0.022996 -3.648649
v 4.459459 0.000000 -3.918919
v 4.459459 0.000000 -4.189189
v 4.459459 0.000000 -4.459459
v 4.459459 0.000000 -4.729730
v 4.459459 0.000000 -5.000000
v 4.729730 0.000000 5.000000
v 4.729730 0.000000 4.729730
v 4.729730 0.000000 4.459459
v 4.729730 0.000000 4.189189
v 4.729730 0.000000 3.918919
v 4.729730 0.000000 3.648649
v 4.729730 0.000000 3.378378
v 4.729730 0.007846 3.108108
v 4.729730 0.031545 2.837838
v 4.729730 0.061006 2.567568
v 4.729730 0.088987 2.297297
v 4.729730 0.112797 2.027027
v 4.729730 0.130220 1.756757
v 4.729730 0.149005 1.486486
v 4.729730 0.163318 1.216216
v 4.729730 0.176093 0.945946
v 4.729730 0.182331 0.675676
v 4.729730 0.178410 0.405405
v 4.729730 0.172020 0.135135
v 4.729730 0.184513 -0.135135
v 4.729730 0.184386 -0.405405
v 4.729730 0.182255 -0.675676
v 4.729730 0.172343 -0.945946
v 4.729730 0.168628 -1.216216
v 4.729730 0.152280 -1.486486
v 4.729730 0.136322 -1.756757
v 4.729730 0.123000 -2.027027
v 4.729730 0.101936 -2.297297
v 4.729730 0.068669 -2.567568
v 4.729730 0.035690 -2.837838
v 4.729730 0.009200 -3.108108
v 4.729730 0.000000 -3.378378
v 4.729730 0.000000 -3.648649
v 4.729730 0.000000 -3.918919
v 4.729730 0.000000 -4.189189
v 4.729730 0.000000 -4.459459
v 4.729730 0.000000 -4.729730
v 4.729730 0.000000 -5.000000
v 5.000000 0.000000 5.000000
v 5.000000 0.000000 4.729730
v 5.000000 0.000000 4.459459
v 5.000000 0.000000 4.189189
v 5.000000 0.000000 3.918919
v 5.000000 0.000000 3.648649
v 5.000000 0.000000 3.378378
v 5.000000 0.000000 3.108108
v 5.000000 0.000000 2.837838
v 5.000000 0.000000 2.567568
v 5.000000 0.000000 2.297297
v 5.000000 0.000000 2.027027
v 5.000000 0.000000 1.756757
v 5.000000 0.000000 1.486486
v 5.000000 0.000000 1.216216
v 5.000000 0.000000 0.945946
v 5.000000 0.000000 0.675676
v 5.000000 0.000000 0.405405
v 5.000000 0.000000 0.135135
v 5.000000 0.000000 -0.135135
v 5.000000 0.000000 -0.405405
v 5.000000 0.000000 -0.675676
v 5.000000 0.000000 -0.945946
v 5.000000 0.000000 -1.216216
v 5.000000 0.000000 -1.486486
v 5.000000 0.000000 -1.756757
v 5.000000 0.000000 -2.027027
v 5.000000 0.000000 -2.297297
v 5.000000 0.000000 -2.567568
v 5.000000 0.000000 -2.837838
v 5.000000 0.000000 -3.108108
v 5.000000 0.000000 -3.378378
v 5.000000 0.000000 -3.648649
v 5.000000 0.000000 -3.918919
v 5.000000 0.000000 -4.189189
v 5.000000 0.000000 -4.459459
v 5.000000 0.000000 -4.729730
v 5.000000 0.000000 -5.000000
s 1
f 2 1 39 40
f 3 2 40 41
f 4 3 41 42
f 5 4 42 43
f 6 5 43 44
f 7 6 44 45
f 8 7 45 46
f 9 8 46 47
f 10 9 47 48
f 11 10 48 49
f 12 11 49 50
f 13 12 50 51
f 14 13 51 52
f 15 14 52 53
f 16 15 53 54
f 17 16 54 55
f 18 17 55 56
f 19 18 56 57
f 20 19 57 58
f 21 20 58 59
f 22 21 59 60
f 23 22 60 61
f 24 23 61 62
f 25 24 62 63
f 26 25 63 64
f 27 26 64 65
f 28 27 65 66
f 29 28 66 67
f 30 29 67 68
f 31 30 68 69
f 32 31 69 70
f 33 32 70 71
f 34 33 71 72
f 35 34 72 73
f 36 35 73 74
f 37 36 74 75
f 38 37 75 76
f 40 39 77 78
f 41 40 78 79
f 42 41 79 80
f 43 42 80 81
f 44 43 81 82
f 45 44 82 83
f 46 45 83 84
f 47 46 84 85
f 48 47 85 86
f 49 48 86 87
f 50 49 87 88
f 51 50 88 89
f 52 51 89 90
f 53 52 90 91
f 54 53 91 92
f 55 54 92 93
f 56 55 93 94
f 57 56 94 95
f 58 57 95 96
f 59 58 96 97
f 60 59 97 98
f 61 60 98 99
f 62 61 99 100
f 63 62 100 101
f 64 63 101 102
f 65 64 102 103
f 66 65 103 104
f 67 66 104 105
f 68 67 105 106
f 69 68 106 107
f 70 69 107 108
f 71 70 108 109
f 72 71 109 110
f 73 72 110 111
f 74 73 111 112
f 75 74 112 113
f 76 75 113 114
f 78 77 115 116
f 79 78 116 117
f 80 79 117 118
f 81 80 118 119
f 82 81 119 120
f 83 82 120 121
f 84 83 121 122
f 85 84 122 123
f 86 85 123 124
f 87 86 124 125
f 88 87 125 126
f 89 88 126 127
f 90 89 127 128
f 91 90 128 129
f 92 91 129 130
f 93 92 130 131
f 94 93 131 132
f 95 94 132 133
f 96 95 133 134
f 97 96 134 135
f 98 97 135 136
f 99 98 136 137
f 100 99 137 138
f 101 100 138 139
f 102 101 139 140
f 103 102 140 141
f 104 103 141 142
f 105 104 142 143
f 106 105 143 144
f 107 106 144 145
f 108 107 145 146
f 109 108 146 147
f 110 109 147 148
f 111 110 148 149
f 112 111 149 150
f 113 112 150 151
f 114 113 151 152
f 116 115 153 154
f 117 116 154 155
f 118 117 155 156
f 119 118 156 157
f 120 119 157 158
f 121 120 158 159
f 122 121 159 160
f 123 122 160 161
f 124 123 161 162
f 125 124 162 163
f 126 125 163 164
f 127 126 164 165
f 128 127 165 166
f 129 128 166 167
f 130 129 167 168
f 131 130 168 169
f 132 131 169 170
f 133 132 170 171
f 134 133 171 172
f 135 134 172 173
f 136 135 173 174
f 137 136 174 175
f 138 137 175 176
f 139 138 176 177
f 140 139 177 178
f 141 140 178 179
f 142 141 179 180
f 143 142 180 181
f 144 143 181 182
f 145 144 182 183
f 146 145 183 184
f 147 146 184 185
f 148 147 185 186
f 149 148 186 187
f 150 149 187 188
f 151 150 188 189
f 152 151 189 190
f 154 153 191 192
f 155 154 192 193
f 156 155 193 194
f 157 156 194 195
f 158 157 195 196
f 159 158 196 197
f 160 159 197 198
f 161 160 198 199
f 162 161 199 200
f 163 162 200 201
f 164 163 201 202
f 165 164 202 203
f 166 165 203 204
f 167 166 204 205
f 168 167 205 206
f 169 168 206 207
f 170 169 207 208
f 171 170 208 209
f 172 171 209 210
f 173 172 210 211
f 174 173 211 212
f 175 174 212 213
f 176 175 213 214
f 177 176 214 215
f 178 177 215 216
f 179 178 216 217
f 180 179 217 218
f 181 180 218 219
f 182 181 219 220
f 183 182 220 221
f 184 183 221 222
f 185 184 222 223
f 186 185 223 224
f 187 186 224 225
f 188 187 225 226
f 189 188 226 227
f 190 189 227 228
f 192 191 229 230
f 193 192 230 231
f 194 193 231 232
f 195 194 232 233
f 196 195 233 234
f 197 196 234 235
f 198 197 235 236
f 199 198 236 237
f 200 199 237 238
f 201 200 238 239
f 202 201 239 240
f 203 202 240 241
f 204 203 241 242
f 205 204 242 243
f 206 205 243 244
f 207 206 244 245
f 208 207 245 246
f 209 208 246 247
f 210 209 247 248
f 211 210 248 249
f 212 211 249 250
f 213 212 250 251
f 214 213 251 252
f 215 214 252 253
f 216 215 253 254
f 217 216 254 255
f 218 217 255 256
f 219 218 256 257
f 220 219 257 258
f 221 220 258 259
f 222 221 259 260
f 223 222 260 261
f 224 223 261 262
f 225 224 262 263
f 226 225 263 264
f 227 226 264 265
f 228 227 265 266
f 230 229 267 268
f 231 230 268 269
f 232 231 269 270
f 233 232 270 271
f 234 233 271 272
f 235 234 272 273
f 236 235 273 274
f 237 236 274 275
f 238 237 275 276
f 239 238 276 277
f 240 239 277 278
f 241 240 278 279
f 242 241 279 280
f 243 242 280 281
f 244 243 281 282
f 245 244 282 283
f 246 245 283 284
f 247 246 284 285
f 248 247 285 286
f 249 248 286 287
f 250 249 287 288
f 251 250 288 289
f 252 251 289 290
f 253 252 290 291
f 254 253 291 292
f 255 254 292 293
f 256 255 293 294
f 257 256 294 295
f 258 257 295 296
f 259 258 296 297
f 260 259 297 298
f 261 260 298 299
f 262 261 299 300
f 263 262 300 301
f 264 263 301 302
f 265 264 302 303
f 266 265 303 304
f 268 267 305 306
f 269 268 306 307
f 270 269 307 308
f 271 270 308 309
f 272 271 309 310
f 273 272 310 311
f 274 273 311 312
f 275 274 312 313
f 276 275 313 314
f 277 276 314 315
f 278 277 315 316
f 279 278 316 317
f 280 279 317 318
f 281 280 318 319
f 282 281 319 320
f 283 282 320 321
f 284 283 321 322
f 285 284 322 323
f 286 285 323 324
f 287 286 324 325
f 288 287 325 326
f 289 288 326 327
f 290 289 327 328
f 291 290 328 329
f 292 291 329 330
f 293 292 330 331
f 294 293 331 332
f 295 294 332 333
f 296 295 333 334
f 297 296 334 335
f 298 297 335 336
f 299 298 336 337
f 300 299 337 338
f 301 300 338 339
f 302 301 339 340
f 303 302 340 341
f 304 303 341 342
f 306 305 343 344
f 307 306 344 345
f 308 307 345 346
f 309 308 346 347
f 310 309 347 348
f 311 310 348 349
f 312 311 349 350
f 313 312 350 351
f 314 313 351 352
f 315 314 352 353
f 316 315 353 354
f 317 316 354 355
f 318 317 355 356
f 319 318 356 357
f 320 319 357 358
f 321 320 358 359
f 322 321 359 360
f 323 322 360 361
f 324 323 361 362
f 325 324 362 363
f 326 325 363 364
f 327 326 364 365
f 328 327 365 366
f 329 328 366 367
f 330 329 367 368
f 331 330 368 369
f 332 331 369 370
f 333 332 370 371
f 334 333 371 372
f 335 334 372 373
f 336 335 373 374
f 337 336 374 375
f 338 337 375 376
f 339 338 376 377
f 340 339 377 378
f 341 340 378 379
f 342 341 379 380
f 344 343 381 382
f 345 344 382 383
f 346 345 383 384
f 347 346 384 385
f 348 347 385 386
f 349 348 386 387
f 350 349 387 388
f 351 350 388 389
f 352 351 389 390
f 353 352 390 391
f 354 353 391 392
f 355 354 392 393
f 356 355 393 394
f 357 356 394 395
f 358 357 395 396
f 359 358 396 397
f 360 359 397 398
f 361 360 398 399
f 362 361 399 400
f 363 362 400 401
f 364 363 401 402
f 365 364 402 403
f 366 365 403 404
f 367 366 404 405
f 368 367 405 406
f 369 368 406 407
f 370 369 407 408
f 371 370 408 409
f 372 371 409 410
f 373 372 410 411
f 374 373 411 412
f 375 374 412 413
f 376 375 413 414
f 377 376 414 415
f 378 377 415 416
f 379 378 416 417
f 380 379 417 418
f 382 381 419 420
f 383 382 420 421
f 384 383 421 422
f 385 384 422 423
f 386 385 423 424
f 387 386 424 425
f 388 387 425 426
f 389 388 426 427
f 390 389 427 428
f 391 390 428 429
f 392 391 429 430
f 393 392 430 431
f 394 393 431 432
f 395 394 432 433
f 396 395 433 434
f 397 396 434 435
f 398 397 435 436
f 399 398 436 437
f 400 399 437 438
f 401 400 438 439
f 402 401 439 440
f 403 402 440 441
f 404 403 441 442
f 405 404 442 443
f 406 405 443 444
f 407 406 444 445
f 408 407 445 446
f 409 408 446 447
f 410 409 447 448
f 411 410 448 449
f 412 411 449 450
f 413 412 450 451
f 414 413 451 452
f 415 414 452 453
f 416 415 453 454
f 417 416 454 455
f 418 417 455 456
f 420 419 457 458
f 421 420 458 459
f 422 421 459 460
f 423 422 460 461
f 424 423 461 462
f 425 424 462 463
f 426 425 463 464
f 427 426 464 465
f 428 427 465 466
f 429 428 466 467
f 430 429 467 468
f 431 430 468 469
f 432 431 469 470
f 433 432 470 471
f 434 433 471 472
f 435 434 472 473
f 436 435 473 474
f 437 436 474 475
f 438 437 475 476
f 439 438 476 477
f 440 439 477 478
f 441 440 478 479
f 442 441 479 480
f 443 442 480 481
f 444 443 481 482
f 445 444 482 483
f 446 445 483 484
f 447 446 484 485
f 448 447 485 486
f 449 448 486 487
f 450 449 487 488
f 451 450 488 489
f 452 451 489 490
f 453 452 490 491
f 454 453 491 492
f 455 454 492 493
f 456 455 493 494
f 458 457 495 496
f 459 458 496 497
f 460 459 497 498
f 461 460 498 499
f 462 461 499 500
f 463 462 500 501
f 464 463 501 502
f 465 464 502 503
f 466 465 503 504
f 467 466 504 505
f 468 467 505 506
f 469 468 506 507
f 470 469 507 508
f 471 470 508 509
f 472 471 509 510
f 473 472 510 511
f 474 473 511 512
f 475 474 512 513
f 476 475 513 514
f 477 476 514 515
f 478 477 515 516
f 479 478 516 517
f 480 479 517 518
f 481 480 518 519
f 482 481 519 520
f 483 482 520 521
f 484 483 521 522
f 485 484 522 523
f 486 485 523 524
f 487 486 524 525
f 488 487 525 526
f 489 488 526 527
f 490 489 527 528
f 491 490 528 529
f 492 491 529 530
f 493 492 530 531
f 494 493 531 532
f 496 495 533 534
f 497 496 534 535
f 498 497 535 536
f 499 498 536 537
f 500 499 537 538
f 501 500 538 539
f 502 501 539 540
f 503 502 540 541
f 504 503 541 542
f 505 504 542 543
f 506 505 543 544
f 507 506 544 545
f 508 507 545 546
f 509 508 546 547
f 510 509 547 548
f 511 510 548 549
f 512 511 549 550
f 513 512 550 551
f 514 513 551 552
f 515 514 552 553
f 516 515 553 554
f 517 516 554 555
f 518 517 555 556
f 519 518 556 557
f 520 519 557 558
f 521 520 558 559
f 522 521 559 560
f 523 522 560 561
f 524 523 561 562
f 525 524 562 563
f 526 525 563 564
f 527 526 564 565
f 528 527 565 566
f 529 528 566 567
f 530 529 567 568
f 531 530 568 569
f 532 531 569 570
f 534 533 571 572
f 535 534 572 573
f 536 535 573 574
f 537 536 574 575
f 538 537 575 576
f 539 538 576 577
f 540 539 577 578
f 541 540 578 579
f 542 541 579 580
f 543 542 580 581
f 544 543 581 582
f 545 544 582 583
f 546 545 583 584
f 547 546 584 585
f 548 547 585 586
f 549 548 586 587
f 550 549 587 588
f 551 550 588 589
f 552 551 589 590
f 553 552 590 591
f 554 553 591 592
f 555 554 592 593
f 556 555 593 594
f 557 556 594 595
f 558 557 595 596
f 559 558 596 597
f 560 559 597 598
f 561 560 598 599
f 562 561 599 600
f 563 562 600 601
f 564 563 601 602
f 565 564 602 603
f 566 565 603 604
f 567 566 604 605
f 568 567 605 606
f 569 568 606 607
f 570 569 607 608
f 572 571 609 610
f 573 572 610 611
f 574 573 611 612
f 575 574 612 613
f 576 575 613 614
f 577 576 614 615
f 578 577 615 616
f 579 578 616 617
f 580 579 617 618
f 581 580 618 619
f 582 581 619 620
f 583 582 620 621
f 584 583 621 622
f 585 584 622 623
f 586 585 623 624
f 587 586 624 625
f 588 587 625 626
f 589 588 626 627
f 590 589 627 628
f 591 590 628 629
f 592 591 629 630
f 593 592 630 631
f 594 593 631 632
f 595 594 632 633
f 596 595 633 634
f 597 596 634 635
f 598 597 635 636
f 599 598 636 637
f 600 599 637 638
f 601 600 638 639
f 602 601 639 640
f 603 602 640 641
f 604 603 641 642
f 605 604 642 643
f 606 605 643 644
f 607 606 644 645
f 608 607 645 646
f 610 609 647 648
f 611 610 648 649
f 612 611 649 650
f 613 612 650 651
f 614 613 651 652
f 615 614 652 653
f 616 615 653 654
f 617 616 654 655
f 618 617 655 656
f 619 618 656 657
f 620 619 657 658
f 621 620 658 659
f 622 621 659 660
f 623 622 660 661
f 624 623 661 662
f 625 624 662 663
f 626 625 663 664
f 627 626 664 665
f 628 627 665 666
f 629 628 666 667
f 630 629 667 668
f 631 630 668 669
f 632 631 669 670
f 633 632 670 671
f 634 633 671 672
f 635 634 672 673
f 636 635 673 674
f 637 636 674 675
f 638 637 675 676
f 639 638 676 677
f 640 639 677 678
f 641 640 678 679
f 642 641 679 680
f 643 642 680 681
f 644 643 681 682
f 645 644 682 683
f 646 645 683 684
f 648 647 685 686
f 649 648 686 687
f 650 649 687 688
f 651 650 688 689
f 652 651 689 690
f 653 652 690 691
f 654 653 691 692
f 655 654 692 693
f 656 655 693 694
f 657 656 694 695
f 658 657 695 696
f 659 658 696 697
f 660 659 697 698
f 661 660 698 699
f 662 661 699 700
f 663 662 700 701
f 664 663 701 702
f 665 664 702 703
f 666 665 703 704
f 667 666 704 705
f 668 667 705 706
f 669 668 706 707
f 670 669 707 708
f 671 670 708 709
f 672 671 709 710
f 673 672 710 711
f 674 673 711 712
f 675 674 712 713
f 676 675 713 714
f 677 676 714 715
f 678 677 715 716
f 679 678 716 717
f 680 679 717 718
f 681 680 718 719
f 682 681 719 720
f 683 682 720 721
f 684 683 721 722
f 686 685 723 724
f 687 686 724 725
f 688 687 725 726
f 689 688 726 727
f 690 689 727 728
f 691 690 728 729
f 692 691 729 730
f 693 692 730 731
f 694 693 731 732
f 695 694 732 733
f 696 695 733 734
f 697 696 734 735
f 698 697 735 736
f 699 698 736 737
f 700 699 737 738
f 701 700 738 739
f 702 701 739 740
f 703 702 740 741
f 704 703 741 742
f 705 704 742 743
f 706 705 743 744
f 707 706 744 745
f 708 707 745 746
f 709 708 746 747
f 710 709 747 748
f 711 710 748 749
f 712 711 749 750
f 713 712 750 751
f 714 713 751 752
f 715 714 752 753
f 716 715 753 754
f 717 716 754 755
f 718 717 755 756
f 719 718 756 757
f 720 719 757 758
f 721 720 758 759
f 722 721 759 760
f 724 723 761 762
f 725 724 762 763
f 726 725 763 764
f 727 726 764 765
f 728 727 765 766
f 729 728 766 767
f 730 729 767 768
f 731 730 768 769
f 732 731 769 770
f 733 732 770 771
f 734 733 771 772
f 735 734 772 773
f 736 735 773 774
f 737 736 774 775
f 738 737 775 776
f 739 738 776 777
f 740 739 777 778
f 741 740 778 779
f 742 741 779 780
f 743 742 780 781
f 744 743 781 782
f 745 744 782 783
f 746 745 783 784
f 747 746 784 785
f 748 747 785 786
f 749 748 786 787
f 750 749 787 788
f 751 750 788 789
f 752 751 789 790
f 753 752 790 791
f 754 753 791 792
f 755 754 792 793
f 756 755 793 794
f 757 756 794 795
f 758 757 795 796
f 759 758 796 797
f 760 759 797 798
f 762 761 799 800
f 763 762 800 801
f 764 763 801 802
f 765 764 802 803
f 766 765 803 804
f 767 766 804 805
f 768 767 805 806
f 769 768 806 807
f 770 769 807 808
f 771 770 808 809
f 772 771 809 810
f 773 772 810 811
f 774 773 811 812
f 775 774 812 813
f 776 775 813 814
f 777 776 814 815
f 778 777 815 816
f 779 778 816 817
f 780 779 817 818
f 781 780 818 819
f 782 781 819 820
f 783 782 820 821
f 784 783 821 822
f 785 784 822 823
f 786 785 823 824
f 787 786 824 825
f 788 787 825 826
f 789 788 826 827
f 790 789 827 828
f 791 790 828 829
f 792 791 829 830
f 793 792 830 831
f 794 793 831 832
f 795 794 832 833
f 796 795 833 834
f 797 796 834 835
f 798 797 835 836
f 800 799 837 838
f 801 800 838 839
f 802 801 839 840
f 803 802 840 841
f 804 803 841 842
f 805 804 842 843
f 806 805 843 844
f 807 806 844 845
f 808 807 845 846
f 809 808 846 847
f 810 809 847 848
f 811 810 848 849
f 812 811 849 850
f 813 812 850 851
f 814 813 851 852
f 815 814 852 853
f 816 815 853 854
f 817 816 854 855
f 818 817 855 856
f 819 818 856 857
f 820 819 857 858
f 821 820 858 859
f 822 821 859 860
f 823 822 860 861
f 824 823 861 862
f 825 824 862 863
f 826 825 863 864
f 827 826 864 865
f 828 827 865 866
f 829 828 866 867
f 830 829 867 868
f 831 830 868 869
f 832 831 869 870
f 833 832 870 871
f 834 833 871 872
f 835 834 872 873
f 836 835 873 874
f 838 837 875 876
f 839 838 876 877
f 840 839 877 878
f 841 840 878 879
f 842 841 879 880
f 843 842 880 881
f 844 843 881 882
f 845 844 882 883
f 846 845 883 884
f 847 846 884 885
f 848 847 885 886
f 849 848 886 887
f 850 849 887 888
f 851 850 888 889
f 852 851 889 890
f 853 852 890 891
f 854 853 891 892
f 855 854 892 893
f 856 855 893 894
f 857 856 894 895
f 858 857 895 896
f 859 858 896 897
f 860 859 897 898
f 861 860 898 899
f 862 861 899 900
f 863 862 900 901
f 864 863 901 902
f 865 864 902 903
f 866 865 903 904
f 867 866 904 905
f 868 867 905 906
f 869 868 906 907
f 870 869 907 908
f 871 870 908 909
f 872 871 909 910
f 873 872 910 911
f 874 873 911 912
f 876 875 913 914
f 877 876 914 915
f 878 877 915 916
f 879 878 916 917
f 880 879 917 918
f 881 880 918 919
f 882 881 919 920
f 883 882 920 921
f 884 883 921 922
f 885 884 922 923
f 886 885 923 924
f 887 886 924 925
f 888 887 925 926
f 889 888 926 927
f 890 889 927 928
f 891 890 928 929
f 892 891 929 930
f 893 892 930 931
f 894 893 931 932
f 895 894 932 933
f 896 895 933 934
f 897 896 934 935
f 898 897 935 936
f 899 898 936 937
f 900 899 937 938
f 901 900 938 939
f 902 901 939 940
f 903 902 940 941
f 904 903 941 942
f 905 904 942 943
f 906 905 943 944
f 907 906 944 945
f 908 907 945 946
f 909 908 946 947
f 910 909 947 948
f 911 910 948 949
f 912 911 949 950
f 914 913 951 952
f 915 914 952 953
f 916 915 953 954
f 917 916 954 955
f 918 917 955 956
f 919 918 956 957
f 920 919 957 958
f 921 920 958 959
f 922 921 959 960
f 923 922 960 961
f 924 923 961 962
f 925 924 962 963
f 926 925 963 964
f 927 926 964 965
f 928 927 965 966
f 929 928 966 967
f 930 929 967 968
f 931 930 968 969
f 932 931 969 970
f 933 932 970 971
f 934 933 971 972
f 935 934 972 973
f 936 935 973 974
f 937 936 974 975
f 938 937 975 976
f 939 938 976 977
f 940 939 977 978
f 941 940 978 979
f 942 941 979 980
f 943 942 980 981
f 944 943 981 982
f 945 944 982 983
f 946 945 983 984
f 947 946 984 985
f 948 947 985 986
f 949 948 986 987
f 950 949 987 988
f 952 951 989 990
f 953 952 990 991
f 954 953 991 992
f 955 954 992 993
f 956 955 993 994
f 957 956 994 995
f 958 957 995 996
f 959 958 996 997
f 960 959 997 998
f 961 960 998 999
f 962 961 999 1000
f 963 962 1000 1001
f 964 963 1001 1002
f 965 964 1002 1003
f 966 965 1003 1004
f 967 966 1004 1005
f 968 967 1005 1006
f 969 968 1006 1007
f 970 969 1007 1008
f 971 970 1008 1009
f 972 971 1009 1010
f 973 972 1010 1011
f 974 973 1011 1012
f 975 974 1012 1013
f 976 975 1013 1014
f 977 976 1014 1015
f 978 977 1015 1016
f 979 978 1016 1017
f 980 979 1017 1018
f 981 980 1018 1019
f 982 981 1019 1020
f 983 982 1020 1021
f 984 983 1021 1022
f 985 984 1022 1023
f 986 985 1023 1024
f 987 986 1024 1025
f 988 987 1025 1026
f 990 989 1027 1028
f 991 990 1028 1029
f 992 991 1029 1030
f 993 992 1030 1031
f 994 993 1031 1032
f 995 994 1032 1033
f 996 995 1033 1034
f 997 996 1034 1035
f 998 997 1035 1036
f 999 998 1036 1037
f 1000 999 1037 1038
f 1001 1000 1038 1039
f 1002 1001 1039 1040
f 1003 1002 1040 1041
f 1004 1003 1041 1042
f 1005 1004 1042 1043
f 1006 1005 1043 1044
f 1007 1006 1044 1045
f 1008 1007 1045 1046
f 1009 1008 1046 1047
f 1010 1009 1047 1048
f 1011 1010 1048 1049
f 1012 1011 1049 1050
f 1013 1012 1050 1051
f 1014 1013 1051 1052
f 1015 1014 1052 1053
f 1016 1015 1053 1054
f 1017 1016 1054 1055
f 1018 1017 1055 1056
f 1019 1018 1056 1057
f 1020 1019 1057 1058
f 1021 1020 1058 1059
f 1022 1021 1059 1060
f 1023 1022 1060 1061
f 1024 1023 1061 1062
f 1025 1024 1062 1063
f 1026 1025 1063 1064
f 1028 1027 1065 1066
f 1029 1028 1066 1067
f 1030 1029 1067 1068
f 1031 1030 1068 1069
f 1032 1031 1069 1070
f 1033 1032 1070 1071
f 1034 1033 1071 1072
f 1035 1034 1072 1073
f 1036 1035 1073 1074
f 1037 1036 1074 1075
f 1038 1037 1075 1076
f 1039 1038 1076 1077
f 1040 1039 1077 1078
f 1041 1040 1078 1079
f 1042 1041 1079 1080
f 1043 1042 1080 1081
f 1044 1043 1081 1082
f 1045 1044 1082 1083
f 1046 1045 1083 1084
f 1047 1046 1084 1085
f 1048 1047 1085 1086
f 1049 1048 1086 1087
f 1050 1049 1087 1088
f 1051 1050 1088 1089
f 1052 1051 1089 1090
f 1053 1052 1090 1091
f 1054 1053 1091 1092
f 1055 1054 1092 1093
f 1056 1055 1093 1094
f 1057 1056 1094 1095
f 1058 1057 1095 1096
f 1059 1058 1096 1097
f 1060 1059 1097 1098
f 1061 1060 1098 1099
f 1062 1061 1099 1100
f 1063 1062 1100 1101
f 1064 1063 1101 1102
f 1066 1065 1103 1104
f 1067 1066 1104 1105
f 1068 1067 1105 1106
f 1069 1068 1106 1107
f 1070 1069 1107 1108
f 1071 1070 1108 1109
f 1072 1071 1109 1110
f 1073 1072 1110 1111
f 1074 1073 1111 1112
f 1075 1074 1112 1113
f 1076 1075 1113 1114
f 1077 1076 1114 1115
f 1078 1077 1115 1116
f 1079 1078 1116 1117
f 1080 1079 1117 1118
f 1081 1080 1118 1119
f 1082 1081 1119 1120
f 1083 1082 1120 1121
f 1084 1083 1121 1122
f 1085 1084 1122 1123
f 1086 1085 1123 1124
f 1087 1086 1124 1125
f 1088 1087 1125 1126
f 1089 1088 1126 1127
f 1090 1089 1127 1128
f 1091 1090 1128 1129
f 1092 1091 1129 1130
f 1093 1092 1130 1131
f 1094 1093 1131 1132
f 1095 1094 1132 1133
f 1096 1095 1133 1134
f 1097 1096 1134 1135
f 1098 1097 1135 1136
f 1099 1098 1136 1137
f 1100 1099 1137 1138
f 1101 1100 1138 1139
f 1102 1101 1139 1140
f 1104 1103 1141 1142
f 1105 1104 1142 1143
f 1106 1105 1143 1144
f 1107 1106 1144 1145
f 1108 1107 1145 1146
f 1109 1108 1146 1147
f 1110 1109 1147 1148
f 1111 1110 1148 1149
f 1112 1111 1149 1150
f 1113 1112 1150 1151
f 1114 1113 1151 1152
f 1115 1114 1152 1153
f 1116 1115 1153 1154
f 1117 1116 1154 1155
f 1118 1117 1155 1156
f 1119 1118 1156 1157
f 1120 1119 1157 1158
f 1121 1120 1158 1159
f 1122 1121 1159 1160
f 1123 1122 1160 1161
f 1124 1123 1161 1162
f 1125 1124 1162 1163
f 1126 1125 1163 1164
f 1127 1126 1164 1165
f 1128 1127 1165 1166
f 1129 1128 1166 1167
f 1130 1129 1167 1168
f 1131 1130 1168 1169
f 1132 1131 1169 1170
f 1133 1132 1170 1171
f 1134 1133 1171 1172
f 1135 1134 1172 1173
f 1136 1135 1173 1174
f 1137 1136 1174 1175
f 1138 1137 1175 1176
f 1139 1138 1176 1177
f 1140 1139 1177 1178
f 1142 1141 1179 1180
f 1143 1142 1180 1181
f 1144 1143 1181 1182
f 1145 1144 1182 1183
f 1146 1145 1183 1184
f 1147 1146 1184 1185
f 1148 1147 1185 1186
f 1149 1148 1186 1187
f 1150 1149 1187 1188
f 1151 1150 1188 1189
f 1152 1151 1189 1190
f 1153 1152 1190 1191
f 1154 1153 1191 1192
f 1155 1154 1192 1193
f 1156 1155 1193 1194
f 1157 1156 1194 1195
f 1158 1157 1195 1196
f 1159 1158 1196 1197
f 1160 1159 1197 1198
f 1161 1160 1198 1199
f 1162 1161 1199 1200
f 1163 1162 1200 1201
f 1164 1163 1201 1202
f 1165 1164 1202 1203
f 1166 1165 1203 1204
f 1167 1166 1204 1205
f 1168 1167 1205 1206
f 1169 1168 1206 1207
f 1170 1169 1207 1208
f 1171 1170 1208 1209
f 1172 1171 1209 1210
f 1173 1172 1210 1211
f 1174 1173 1211 1212
f 1175 1174 1212 1213
f 1176 1175 1213 1214
f 1177 1176 1214 1215
f 1178 1177 1215 1216
f 1180 1179 1217 1218
f 1181 1180 1218 1219
f 1182 1181 1219 1220
f 1183 1182 1220 1221
f 1184 1183 1221 1222
f 1185 1184 1222 1223
f 1186 1185 1223 1224
f 1187 1186 1224 1225
f 1188 1187 1225 1226
f 1189 1188 1226 1227
f 1190 1189 1227 1228
f 1191 1190 1228 1229
f 1192 1191 1229 1230
f 1193 1192 1230 1231
f 1194 1193 1231 1232
f 1195 1194 1232 1233
f 1196 1195 1233 1234
f 1197 1196 1234 1235
f 1198 1197 1235 1236
f 1199 1198 1236 1237
f 1200 1199 1237 1238
f 1201 1200 1238 1239
f 1202 1201 1239 1240
f 1203 1202 1240 1241
f 1204 1203 1241 1242
f 1205 1204 1242 1243
f 1206 1205 1243 1244
f 1207 1206 1244 1245
f 1208 1207 1245 1246
f 1209 1208 1246 1247
f 1210 1209 1247 1248
f 1211 1210 1248 1249
f 1212 1211 1249 1250
f 1213 1212 1250 1251
f 1214 1213 1251 1252
f 1215 1214 1252 1253
f 1216 1215 1253 1254
f 1218 1217 1255 1256
f 1219 1218 1256 1257
f 1220 1219 1257 1258
f 1221 1220 1258 1259
f 1222 1221 1259 1260
f 1223 1222 1260 1261
f 1224 1223 1261 1262
f 1225 1224 1262 1263
f 1226 1225 1263 1264
f 1227 1226 1264 1265
f 1228 1227 1265 1266
f 1229 1228 1266 1267
f 1230 1229 1267 1268
f 1231 1230 1268 1269
f 1232 1231 1269 1270
f 1233 1232 1270 1271
f 1234 1233 1271 1272
f 1235 1234 1272 1273
f 1236 1235 1273 1274
f 1237 1236 1274 1275
f 1238 1237 1275 1276
f 1239 1238 1276 1277
f 1240 1239 1277 1278
f 1241 1240 1278 1279
f 1242 1241 1279 1280
f 1243 1242 1280 1281
f 1244 1243 1281 1282
f 1245 1244 1282 1283
f 1246 1245 1283 1284
f 1247 1246 1284 1285
f 1248 1247 1285 1286
f 1249 1248 1286 1287
f 1250 1249 1287 1288
f 1251 1250 1288 1289
f 1252 1251 1289 1290
f 1253 1252 1290 1291
f 1254 1253 1291 1292
f 1256 1255 1293 1294
f 1257 1256 1294 1295
f 1258 1257 1295 1296
f 1259 1258 1296 1297
f 1260 1259 1297 1298
f 1261 1260 1298 1299
f 1262 1261 1299 1300
f 1263 1262 1300 1301
f 1264 1263 1301 1302
f 1265 1264 1302 1303
f 1266 1265 1303 1304
f 1267 1266 1304 1305
f 1268 1267 1305 1306
f 1269 1268 1306 1307
f 1270 1269 1307 1308
f 1271 1270 1308 1309
f 1272 1271 1309 1310
f 1273 1272 1310 1311
f 1274 1273 1311 1312
f 1275 1274 1312 1313
f 1276 1275 1313 1314
f 1277 1276 1314 1315
f 1278 1277 1315 1316
f 1279 1278 1316 1317
f 1280 1279 1317 1318
f 1281 1280 1318 1319
f 1282 1281 1319 1320
f 1283 1282 1320 1321
f 1284 1283 1321 1322
f 1285 1284 1322 1323
f 1286 1285 1323 1324
f 1287 1286 1324 1325
f 1288 1287 1325 1326
f 1289 1288 1326 1327
f 1290 1289 1327 1328
f 1291 1290 1328 1329
f 1292 1291 1329 1330
f 1294 1293 1331 1332
f 1295 1294 1332 1333
f 1296 1295 1333 1334
f 1297 1296 1334 1335
f 1298 1297 1335 1336
f 1299 1298 1336 1337
f 1300 1299 1337 1338
f 1301 1300 1338 1339
f 1302 1301 1339 1340
f 1303 1302 1340 1341
f 1304 1303 1341 1342
f 1305 1304 1342 1343
f 1306 1305 1343 1344
f 1307 1306 1344 1345
f 1308 1307 1345 1346
f 1309 1308 1346 1347
f 1310 1309 1347 1348
f 1311 1310 1348 1349
f 1312 1311 1349 1350
f 1313 1312 1350 1351
f 1314 1313 1351 1352
f 1315 1314 1352 1353
f 1316 1315 1353 1354
f 1317 1316 1354 1355
f 1318 1317 1355 1356
f 1319 1318 1356 1357
f 1320 1319 1357 1358
f 1321 1320 1358 1359
f 1322 1321 1359 1360
f 1323 1322 1360 1361
f 1324 1323 1361 1362
f 1325 1324 1362 1363
f 1326 1325 1363 1364
f 1327 1326 1364 1365
f 1328 1327 1365 1366
f 1329 1328 1366 1367
f 1330 1329 1367 1368
f 1332 1331 1369 1370
f 1333 1332 1370 1371
f 1334 1333 1371 1372
f 1335 1334 1372 1373
f 1336 1335 1373 1374
f 1337 1336 1374 1375
f 1338 1337 1375 1376
f 1339 1338 1376 1377
f 1340 1339 1377 1378
f 1341 1340 1378 1379
f 1342 1341 1379 1380
f 1343 1342 1380 1381
f 1344 1343 1381 1382
f 1345 1344 1382 1383
f 1346 1345 1383 1384
f 1347 1346 1384 1385
f 1348 1347 1385 1386
f 1349 1348 1386 1387
f 1350 1349 1387 1388
f 1351 1350 1388 1389
f 1352 1351 1389 1390
f 1353 1352 1390 1391
f 1354 1353 1391 1392
f 1355 1354 1392 1393
f 1356 1355 1393 1394
f 1357 1356 1394 1395
f 1358 1357 1395 1396
f 1359 1358 1396 1397
f 1360 1359 1397 1398
f 1361 1360 1398 1399
f 1362 1361 1399 1400
f 1363 1362 1400 1401
f 1364 1363 1401 1402
f 1365 1364 1402 1403
f 1366 1365 1403 1404
f 1367 1366 1404 1405
f 1368 1367 1405 1406
f 1370 1369 1407 1408
f 1371 1370 1408 1409
f 1372 1371 1409 1410
f 1373 1372 1410 1411
f 1374 1373 1411 1412
f 1375 1374 1412 1413
f 1376 1375 1413 1414
f 1377 1376 1414 1415
f 1378 1377 1415 1416
f 1379 1378 1416 1417
f 1380 1379 1417 1418
f 1381 1380 1418 1419
f 1382 1381 1419 1420
f 1383 1382 1420 1421
f 1384 1383 1421 1422
f 1385 1384 1422 1423
f 1386 1385 1423 1424
f 1387 1386 1424 1425
f 1388 1387 1425 1426
f 1389 1388 1426 1427
f 1390 1389 1427 1428
f 1391 1390 1428 1429
f 1392 1391 1429 1430
f 1393 1392 1430 1431
f 1394 1393 1431 1432
f 1395 1394 1432 1433
f 1396 1395 1433 1434
f 1397 1396 1434 1435
f 1398 1397 1435 1436
f 1399 1398 1436 1437
f 1400 1399 1437 1438
f 1401 1400 1438 1439
f 1402 1401 1439 1440
f 1403 1402 1440 1441
f 1404 1403 1441 1442
f 1405 1404 1442 1443
f 1406 1405 1443 1444
