# Blender v2.79 (sub 0) OBJ File: ''
# www.blender.org
v -5.000000 0.000000 5.000000
v -5.000000 0.000000 4.333333
v -5.000000 0.000000 3.666667
v -5.000000 0.000000 3.000000
v -5.000000 0.000000 2.333333
v -5.000000 0.000000 1.666667
v -5.000000 0.000000 1.000000
v -5.000000 0.000000 0.333333
v -5.000000 0.000000 -0.333333
v -5.000000 0.000000 -1.000000
v -5.000000 0.000000 -1.666667
v -5.000000 0.000000 -2.333333
v -5.000000 0.000000 -3.000000
v -5.000000 0.000000 -3.666667
v -5.000000 0.000000 -4.333333
v -5.000000 0.000000 -5.000000
v -4.333333 0.000000 5.000000
v -4.333333 0.000000 4.333333
v -4.333333 0.041219 3.666667
v -4.333333 0.189865 3.000000
v -4.333333 0.288154 2.333333
v -4.333333 0.312494 1.666667
v -4.333333 0.306769 1.000000
v -4.333333 0.381959 0.333333
v -4.333333 0.389172 -0.333333
v -4.333333 0.369307 -1.000000
v -4.333333 0.412512 -1.666667
v -4.333333 0.400227 -2.333333
v -4.333333 0.259306 -3.000000
v -4.333333 0.059605 -3.666667
v -4.333333 0.000000 -4.333333
v -4.333333 0.000000 -5.000000
v -3.666667 0.000000 5.000000
v -3.666667 0.036525 4.333333
v -3.666667 0.339293 3.666667
v -3.666667 0.645744 3.000000
v -3.666667 0.841345 2.333333
v -3.666667 0.858545 1.666667
v -3.666667 0.901356 1.000000
v -3.666667 1.078351 0.333333
v -3.666667 1.133971 -0.333333
v -3.666667 1.077568 -1.000000
v -3.666667 1.160849 -1.666667
v -3.666667 1.174199 -2.333333
v -3.666667 0.930983 -3.000000
v -3.666667 0.485270 -3.666667
v -3.666667 0.055114 -4.333333
v -3.666667 0.000000 -5.000000
v -3.000000 0.000000 5.000000
v -3.000000 0.161898 4.333333
v -3.000000 0.595480 3.666667
v -3.000000 0.920334 3.000000
v -3.000000 1.205087 2.333333
v -3.000000 1.354934 1.666667
v -3.000000 1.465437 1.000000
v -3.000000 1.743663 0.333333
v -3.000000 1.746195 -0.333333
v -3.000000 1.962266 -1.000000
v -3.000000 1.948458 -1.666667
v -3.000000 2.025758 -2.333333
v -3.000000 1.601885 -3.000000
v -3.000000 0.907178 -3.666667
v -3.000000 0.229951 -4.333333
v -3.000000 0.000000 -5.000000
v -2.333333 0.000000 5.000000
v -2.333333 0.281560 4.333333
v -2.333333 0.795843 3.666667
v -2.333333 1.194625 3.000000
v -2.333333 1.527101 2.333333
v -2.333333 1.988760 1.666667
v -2.333333 2.246075 1.000000
v -2.333333 2.634314 0.333333
v -2.333333 2.508041 -0.333333
v -2.333333 2.774116 -1.000000
v -2.333333 2.709193 -1.666667
v -2.333333 2.731967 -2.333333
v -2.333333 2.241371 -3.000000
v -2.333333 1.291229 -3.666667
v -2.333333 0.381444 -4.333333
v -2.333333 0.000000 -5.000000
v -1.666667 0.000000 5.000000
v -1.666667 0.352343 4.333333
v -1.666667 1.094146 3.666667
v -1.666667 1.596962 3.000000
v -1.666667 2.067918 2.333333
v -1.666667 2.690696 1.666667
v -1.666667 3.196853 1.000000
v -1.666667 3.387556 0.333333
v -1.666667 3.365691 -0.333333
v -1.666667 3.252099 -1.000000
v -1.666667 2.878423 -1.666667
v -1.666667 2.760252 -2.333333
v -1.666667 2.329480 -3.000000
v -1.666667 1.422729 -3.666667
v -1.666667 0.481099 -4.333333
v -1.666667 0.000000 -5.000000
v -1.000000 0.000000 5.000000
v -1.000000 0.460029 4.333333
v -1.000000 1.305029 3.666667
v -1.000000 2.148726 3.000000
v -1.000000 2.906314 2.333333
v -1.000000 3.421868 1.666667
v -1.000000 4.029890 1.000000
v -1.000000 4.201267 0.333333
v -1.000000 4.027554 -0.333333
v -1.000000 3.455720 -1.000000
v -1.000000 3.327129 -1.666667
v -1.000000 3.145978 -2.333333
v -1.000000 2.481066 -3.000000
v -1.000000 1.662672 -3.666667
v -1.000000 0.556089 -4.333333
v -1.000000 0.000000 -5.000000
v -0.333333 0.000000 5.000000
v -0.333333 0.414096 4.333333
v -0.333333 1.200685 3.666667
v -0.333333 2.136032 3.000000
v -0.333333 2.903776 2.333333
v -0.333333 3.758008 1.666667
v -0.333333 4.322784 1.000000
v -0.333333 4.269310 0.333333
v -0.333333 4.389922 -0.333333
v -0.333333 4.108802 -1.000000
v -0.333333 4.113471 -1.666667
v -0.333333 3.815245 -2.333333
v -0.333333 3.081635 -3.000000
v -0.333333 1.872726 -3.666667
v -0.333333 0.665517 -4.333333
v -0.333333 0.000000 -5.000000
v 0.333333 0.000000 5.000000
v 0.333333 0.436360 4.333333
v 0.333333 1.362939 3.666667
v 0.333333 2.279030 3.000000
v 0.333333 3.049293 2.333333
v 0.333333 3.892266 1.666667
v 0.333333 4.235044 1.000000
v 0.333333 4.321155 0.333333
v 0.333333 4.990722 -0.333333
v 0.333333 4.920956 -1.000000
v 0.333333 4.576446 -1.666667
v 0.333333 4.117523 -2.333333
v 0.333333 3.133924 -3.000000
v 0.333333 2.008864 -3.666667
v 0.333333 0.643727 -4.333333
v 0.333333 0.000000 -5.000000
v 1.000000 0.000000 5.000000
v 1.000000 0.489899 4.333333
v 1.000000 1.438157 3.666667
v 1.000000 2.272937 3.000000
v 1.000000 3.137252 2.333333
v 1.000000 3.908653 1.666667
v 1.000000 4.833388 1.000000
v 1.000000 4.910390 0.333333
v 1.000000 4.787379 -0.333333
v 1.000000 5.047890 -1.000000
v 1.000000 4.925535 -1.666667
v 1.000000 4.454281 -2.333333
v 1.000000 3.223608 -3.000000
v 1.000000 1.939003 -3.666667
v 1.000000 0.694210 -4.333333
v 1.000000 0.000000 -5.000000
v 1.666667 0.000000 5.000000
v 1.666667 0.492095 4.333333
v 1.666667 1.332285 3.666667
v 1.666667 2.283597 3.000000
v 1.666667 3.232714 2.333333
v 1.666667 4.300538 1.666667
v 1.666667 5.048877 1.000000
v 1.666667 5.528293 0.333333
v 1.666667 5.740144 -0.333333
v 1.666667 4.955129 -1.000000
v 1.666667 5.057830 -1.666667
v 1.666667 4.198498 -2.333333
v 1.666667 3.440709 -3.000000
v 1.666667 2.114780 -3.666667
v 1.666667 0.720327 -4.333333
v 1.666667 0.000000 -5.000000
v 2.333333 0.000000 5.000000
v 2.333333 0.400390 4.333333
v 2.333333 1.274313 3.666667
v 2.333333 2.272870 3.000000
v 2.333333 2.960148 2.333333
v 2.333333 3.635125 1.666667
v 2.333333 4.748970 1.000000
v 2.333333 5.337430 0.333333
v 2.333333 5.198749 -0.333333
v 2.333333 4.736686 -1.000000
v 2.333333 4.499218 -1.666667
v 2.333333 3.869242 -2.333333
v 2.333333 3.514081 -3.000000
v 2.333333 1.959337 -3.666667
v 2.333333 0.655968 -4.333333
v 2.333333 0.000000 -5.000000
v 3.000000 0.000000 5.000000
v 3.000000 0.273775 4.333333
v 3.000000 0.967785 3.666667
v 3.000000 1.847008 3.000000
v 3.000000 2.710579 2.333333
v 3.000000 3.098575 1.666667
v 3.000000 3.783862 1.000000
v 3.000000 4.175216 0.333333
v 3.000000 4.032835 -0.333333
v 3.000000 4.171743 -1.000000
v 3.000000 3.670714 -1.666667
v 3.000000 3.230318 -2.333333
v 3.000000 2.461353 -3.000000
v 3.000000 1.401237 -3.666667
v 3.000000 0.363623 -4.333333
v 3.000000 0.000000 -5.000000
v 3.666667 0.000000 5.000000
v 3.666667 0.065473 4.333333
v 3.666667 0.573775 3.666667
v 3.666667 1.301074 3.000000
v 3.666667 1.907825 2.333333
v 3.666667 2.111369 1.666667
v 3.666667 2.398854 1.000000
v 3.666667 2.488632 0.333333
v 3.666667 2.427373 -0.333333
v 3.666667 2.459390 -1.000000
v 3.666667 2.197357 -1.666667
v 3.666667 1.996081 -2.333333
v 3.666667 1.412315 -3.000000
v 3.666667 0.674908 -3.666667
v 3.666667 0.079166 -4.333333
v 3.666667 0.000000 -5.000000
v 4.333333 0.000000 5.000000
v 4.333333 0.000000 4.333333
v 4.333333 0.065714 3.666667
v 4.333333 0.322566 3.000000
v 4.333333 0.611003 2.333333
v 4.333333 0.728820 1.666667
v 4.333333 0.856605 1.000000
v 4.333333 0.816191 0.333333
v 4.333333 0.919915 -0.333333
v 4.333333 0.891161 -1.000000
v 4.333333 0.805367 -1.666667
v 4.333333 0.679473 -2.333333
v 4.333333 0.375796 -3.000000
v 4.333333 0.070395 -3.666667
v 4.333333 0.000000 -4.333333
v 4.333333 0.000000 -5.000000
v 5.000000 0.000000 5.000000
v 5.000000 0.000000 4.333333
v 5.000000 0.000000 3.666667
v 5.000000 0.000000 3.000000
v 5.000000 0.000000 2.333333
v 5.000000 0.000000 1.666667
v 5.000000 0.000000 1.000000
v 5.000000 0.000000 0.333333
v 5.000000 0.000000 -0.333333
v 5.000000 0.000000 -1.000000
v 5.000000 0.000000 -1.666667
v 5.000000 0.000000 -2.333333
v 5.000000 0.000000 -3.000000
v 5.000000 0.000000 -3.666667
v 5.000000 0.000000 -4.333333
v 5.000000 0.000000 -5.000000
s 1
f 2 1 17 18
f 3 2 18 19
f 4 3 19 20
f 5 4 20 21
f 6 5 21 22
f 7 6 22 23
f 8 7 23 24
f 9 8 24 25
f 10 9 25 26
f 11 10 26 27
f 12 11 27 28
f 13 12 28 29
f 14 13 29 30
f 15 14 30 31
f 16 15 31 32
f 18 17 33 34
f 19 18 34 35
f 20 19 35 36
f 21 20 36 37
f 22 21 37 38
f 23 22 38 39
f 24 23 39 40
f 25 24 40 41
f 26 25 41 42
f 27 26 42 43
f 28 27 43 44
f 29 28 44 45
f 30 29 45 46
f 31 30 46 47
f 32 31 47 48
f 34 33 49 50
f 35 34 50 51
f 36 35 51 52
f 37 36 52 53
f 38 37 53 54
f 39 38 54 55
f 40 39 55 56
f 41 40 56 57
f 42 41 57 58
f 43 42 58 59
f 44 43 59 60
f 45 44 60 61
f 46 45 61 62
f 47 46 62 63
f 48 47 63 64
f 50 49 65 66
f 51 50 66 67
f 52 51 67 68
f 53 52 68 69
f 54 53 69 70
f 55 54 70 71
f 56 55 71 72
f 57 56 72 73
f 58 57 73 74
f 59 58 74 75
f 60 59 75 76
f 61 60 76 77
f 62 61 77 78
f 63 62 78 79
f 64 63 79 80
f 66 65 81 82
f 67 66 82 83
f 68 67 83 84
f 69 68 84 85
f 70 69 85 86
f 71 70 86 87
f 72 71 87 88
f 73 72 88 89
f 74 73 89 90
f 75 74 90 91
f 76 75 91 92
f 77 76 92 93
f 78 77 93 94
f 79 78 94 95
f 80 79 95 96
f 82 81 97 98
f 83 82 98 99
f 84 83 99 100
f 85 84 100 101
f 86 85 101 102
f 87 86 102 103
f 88 87 103 104
f 89 88 104 105
f 90 89 105 106
f 91 90 106 107
f 92 91 107 108
f 93 92 108 109
f 94 93 109 110
f 95 94 110 111
f 96 95 111 112
f 98 97 113 114
f 99 98 114 115
f 100 99 115 116
f 101 100 116 117
f 102 101 117 118
f 103 102 118 119
f 104 103 119 120
f 105 104 120 121
f 106 105 121 122
f 107 106 122 123
f 108 107 123 124
f 109 108 124 125
f 110 109 125 126
f 111 110 126 127
f 112 111 127 128
f 114 113 129 130
f 115 114 130 131
f 116 115 131 132
f 117 116 132 133
f 118 117 133 134
f 119 118 134 135
f 120 119 135 136
f 121 120 136 137
f 122 121 137 138
f 123 122 138 139
f 124 123 139 140
f 125 124 140 141
f 126 125 141 142
f 127 126 142 143
f 128 127 143 144
f 130 129 145 146
f 131 130 146 147
f 132 131 147 148
f 133 132 148 149
f 134 133 149 150
f 135 134 150 151
f 136 135 151 152
f 137 136 152 153
f 138 137 153 154
f 139 138 154 155
f 140 139 155 156
f 141 140 156 157
f 142 141 157 158
f 143 142 158 159
f 144 143 159 160
f 146 145 161 162
f 147 146 162 163
f 148 147 163 164
f 149 148 164 165
f 150 149 165 166
f 151 150 166 167
f 152 151 167 168
f 153 152 168 169
f 154 153 169 170
f 155 154 170 171
f 156 155 171 172
f 157 156 172 173
f 158 157 173 174
f 159 158 174 175
f 160 159 175 176
f 162 161 177 178
f 163 162 178 179
f 164 163 179 180
f 165 164 180 181
f 166 165 181 182
f 167 166 182 183
f 168 167 183 184
f 169 168 184 185
f 170 169 185 186
f 171 170 186 187
f 172 171 187 188
f 173 172 188 189
f 174 173 189 190
f 175 174 190 191
f 176 175 191 192
f 178 177 193 194
f 179 178 194 195
f 180 179 195 196
f 181 180 196 197
f 182 181 197 198
f 183 182 198 199
f 184 183 199 200
f 185 184 200 201
f 186 185 201 202
f 187 186 202 203
f 188 187 203 204
f 189 188 204 205
f 190 189 205 206
f 191 190 206 207
f 192 191 207 208
f 194 193 209 210
f 195 194 210 211
f 196 195 211 212
f 197 196 212 213
f 198 197 213 214
f 199 198 214 215
f 200 199 215 216
f 201 200 216 217
f 202 201 217 218
f 203 202 218 219
f 204 203 219 220
f 205 204 220 221
f 206 205 221 222
f 207 206 222 223
f 208 207 223 224
f 210 209 225 226
f 211 210 226 227
f 212 211 227 228
f 213 212 228 229
f 214 213 229 230
f 215 214 230 231
f 216 215 231 232
f 217 216 232 233
f 218 217 233 234
f 219 218 234 235
f 220 219 235 236
f 221 220 236 237
f 222 221 237 238
f 223 222 238 239
f 224 223 239 240
f 226 225 241 242
f 227 226 242 243
f 228 227 243 244
f 229 228 244 245
f 230 229 245 246
f 231 230 246 247
f 232 231 247 248
f 233 232 248 249
f 234 233 249 250
f 235 234 250 251
f 236 235 251 252
f 237 236 252 253
f 238 237 253 254
f 239 238 254 255
f 240 239 255 256
