# Blender v2.79 (sub 0) OBJ File: ''
# www.blender.org
v -5.000000 0.000000 5.000000
v -5.000000 0.000000 4.696970
v -5.000000 0.000000 4.393939
v -5.000000 0.000000 4.090909
v -5.000000 0.000000 3.787879
v -5.000000 0.000000 3.484848
v -5.000000 0.000000 3.181818
v -5.000000 0.000000 2.878788
v -5.000000 0.000000 2.575758
v -5.000000 0.000000 2.272727
v -5.000000 0.000000 1.969697
v -5.000000 0.000000 1.666667
v -5.000000 0.000000 1.363636
v -5.000000 0.000000 1.060606
v -5.000000 0.000000 0.757576
v -5.000000 0.000000 0.454545
v -5.000000 0.000000 0.151515
v -5.000000 0.000000 -0.151515
v -5.000000 0.000000 -0.454545
v -5.000000 0.000000 -0.757576
v -5.000000 0.000000 -1.060606
v -5.000000 0.000000 -1.363636
v -5.000000 0.000000 -1.666667
v -5.000000 0.000000 -1.969697
v -5.000000 0.000000 -2.272727
v -5.000000 0.000000 -2.575758
v -5.000000 0.000000 -2.878788
v -5.000000 0.000000 -3.181818
v -5.000000 0.000000 -3.484848
v -5.000000 0.000000 -3.787879
v -5.000000 0.000000 -4.090909
v -5.000000 0.000000 -4.393939
v -5.000000 0.000000 -4.696970
v -5.000000 0.000000 -5.000000
v -4.696970 0.000000 5.000000
v -4.696970 0.000000 4.696970
v -4.696970 0.000000 4.393939
v -4.696970 0.000000 4.090909
v -4.696970 0.000000 3.787879
v -4.696970 0.000000 3.484848
v -4.696970 0.006353 3.181818
v -4.696970 0.024158 2.878788
v -4.696970 0.042075 2.575758
v -4.696970 0.055630 2.272727
v -4.696970 0.064536 1.969697
v -4.696970 0.074094 1.666667
v -4.696970 0.076593 1.363636
v -4.696970 0.082571 1.060606
v -4.696970 0.092530 0.757576
v -4.696970 0.098480 0.454545
v -4.696970 0.099903 0.151515
v -4.696970 0.099490 -0.151515
v -4.696970 0.100591 -0.454545
v -4.696970 0.097538 -0.757576
v -4.696970 0.091240 -1.060606
v -4.696970 0.093074 -1.363636
v -4.696970 0.093567 -1.666667
v -4.696970 0.090169 -1.969697
v -4.696970 0.076451 -2.272727
v -4.696970 0.056269 -2.575758
v -4.696970 0.031964 -2.878788
v -4.696970 0.009019 -3.181818
v -4.696970 0.000000 -3.484848
v -4.696970 0.000000 -3.787879
v -4.696970 0.000000 -4.090909
v -4.696970 0.000000 -4.393939
v -4.696970 0.000000 -4.696970
v -4.696970 0.000000 -5.000000
v -4.393939 0.000000 5.000000
v -4.393939 0.000000 4.696970
v -4.393939 0.000000 4.393939
v -4.393939 0.000000 4.090909
v -4.393939 0.010133 3.787879
v -4.393939 0.053632 3.484848
v -4.393939 0.113898 3.181818
v -4.393939 0.170136 2.878788
v -4.393939 0.223812 2.575758
v -4.393939 0.244507 2.272727
v -4.393939 0.252132 1.969697
v -4.393939 0.261965 1.666667
v -4.393939 0.261379 1.363636
v -4.393939 0.265708 1.060606
v -4.393939 0.293366 0.757576
v -4.393939 0.316675 0.454545
v -4.393939 0.336933 0.151515
v -4.393939 0.346884 -0.151515
v -4.393939 0.327998 -0.454545
v -4.393939 0.316571 -0.757576
v -4.393939 0.310594 -1.060606
v -4.393939 0.310873 -1.363636
v -4.393939 0.353454 -1.666667
v -4.393939 0.347713 -1.969697
v -4.393939 0.333405 -2.272727
v -4.393939 0.300440 -2.575758
v -4.393939 0.234908 -2.878788
v -4.393939 0.163323 -3.181818
v -4.393939 0.081832 -3.484848
v -4.393939 0.014913 -3.787879
v -4.393939 0.000000 -4.090909
v -4.393939 0.000000 -4.393939
v -4.393939 0.000000 -4.696970
v -4.393939 0.000000 -5.000000
v -4.090909 0.000000 5.000000
v -4.090909 0.000000 4.696970
v -4.090909 0.000000 4.393939
v -4.090909 0.019469 4.090909
v -4.090909 0.095174 3.787879
v -4.090909 0.196677 3.484848
v -4.090909 0.287028 3.181818
v -4.090909 0.409074 2.878788
v -4.090909 0.482474 2.575758
v -4.090909 0.507031 2.272727
v -4.090909 0.512636 1.969697
v -4.090909 0.511436 1.666667
v -4.090909 0.505423 1.363636
v -4.090909 0.519146 1.060606
v -4.090909 0.548289 0.757576
v -4.090909 0.599809 0.454545
v -4.090909 0.630899 0.151515
v -4.090909 0.661940 -0.151515
v -4.090909 0.622740 -0.454545
v -4.090909 0.615900 -0.757576
v -4.090909 0.623646 -1.060606
v -4.090909 0.647785 -1.363636
v -4.090909 0.706436 -1.666667
v -4.090909 0.707180 -1.969697
v -4.090909 0.695594 -2.272727
v -4.090909 0.638354 -2.575758
v -4.090909 0.539007 -2.878788
v -4.090909 0.426959 -3.181818
v -4.090909 0.280480 -3.484848
v -4.090909 0.136073 -3.787879
v -4.090909 0.027455 -4.090909
v -4.090909 0.000000 -4.393939
v -4.090909 0.000000 -4.696970
v -4.090909 0.000000 -5.000000
v -3.787879 0.000000 5.000000
v -3.787879 0.000000 4.696970
v -3.787879 0.009294 4.393939
v -3.787879 0.084805 4.090909
v -3.787879 0.218062 3.787879
v -3.787879 0.360856 3.484848
v -3.787879 0.480039 3.181818
v -3.787879 0.624547 2.878788
v -3.787879 0.743410 2.575758
v -3.787879 0.759721 2.272727
v -3.787879 0.772651 1.969697
v -3.787879 0.754316 1.666667
v -3.787879 0.775860 1.363636
v -3.787879 0.778559 1.060606
v -3.787879 0.871914 0.757576
v -3.787879 0.917283 0.454545
v -3.787879 0.958612 0.151515
v -3.787879 1.011237 -0.151515
v -3.787879 0.983298 -0.454545
v -3.787879 0.954528 -0.757576
v -3.787879 0.957174 -1.060606
v -3.787879 0.988556 -1.363636
v -3.787879 1.040293 -1.666667
v -3.787879 1.078025 -1.969697
v -3.787879 1.051352 -2.272727
v -3.787879 0.986487 -2.575758
v -3.787879 0.875762 -2.878788
v -3.787879 0.707990 -3.181818
v -3.787879 0.527312 -3.484848
v -3.787879 0.317461 -3.787879
v -3.787879 0.124876 -4.090909
v -3.787879 0.013937 -4.393939
v -3.787879 0.000000 -4.696970
v -3.787879 0.000000 -5.000000
v -3.484848 0.000000 5.000000
v -3.484848 0.000000 4.696970
v -3.484848 0.048276 4.393939
v -3.484848 0.179708 4.090909
v -3.484848 0.352470 3.787879
v -3.484848 0.532487 3.484848
v -3.484848 0.678902 3.181818
v -3.484848 0.797861 2.878788
v -3.484848 0.895251 2.575758
v -3.484848 0.963725 2.272727
v -3.484848 1.019396 1.969697
v -3.484848 1.007828 1.666667
v -3.484848 0.958069 1.363636
v -3.484848 1.039508 1.060606
v -3.484848 1.171008 0.757576
v -3.484848 1.247764 0.454545
v -3.484848 1.320920 0.151515
v -3.484848 1.350922 -0.151515
v -3.484848 1.341712 -0.454545
v -3.484848 1.338001 -0.757576
v -3.484848 1.298722 -1.060606
v -3.484848 1.357676 -1.363636
v -3.484848 1.357933 -1.666667
v -3.484848 1.400985 -1.969697
v -3.484848 1.445683 -2.272727
v -3.484848 1.306020 -2.575758
v -3.484848 1.135255 -2.878788
v -3.484848 0.966002 -3.181818
v -3.484848 0.754845 -3.484848
v -3.484848 0.498276 -3.787879
v -3.484848 0.249230 -4.090909
v -3.484848 0.073393 -4.393939
v -3.484848 0.000000 -4.696970
v -3.484848 0.000000 -5.000000
v -3.181818 0.000000 5.000000
v -3.181818 0.005311 4.696970
v -3.181818 0.099634 4.393939
v -3.181818 0.275886 4.090909
v -3.181818 0.460763 3.787879
v -3.181818 0.643120 3.484848
v -3.181818 0.787988 3.181818
v -3.181818 0.916609 2.878788
v -3.181818 1.050852 2.575758
v -3.181818 1.133313 2.272727
v -3.181818 1.212290 1.969697
v -3.181818 1.231634 1.666667
v -3.181818 1.186634 1.363636
v -3.181818 1.294408 1.060606
v -3.181818 1.465051 0.757576
v -3.181818 1.602752 0.454545
v -3.181818 1.588140 0.151515
v -3.181818 1.532598 -0.151515
v -3.181818 1.650682 -0.454545
v -3.181818 1.722828 -0.757576
v -3.181818 1.714141 -1.060606
v -3.181818 1.696230 -1.363636
v -3.181818 1.735236 -1.666667
v -3.181818 1.843302 -1.969697
v -3.181818 1.787481 -2.272727
v -3.181818 1.596801 -2.575758
v -3.181818 1.458474 -2.878788
v -3.181818 1.202684 -3.181818
v -3.181818 0.953941 -3.484848
v -3.181818 0.679706 -3.787879
v -3.181818 0.378866 -4.090909
v -3.181818 0.142157 -4.393939
v -3.181818 0.007953 -4.696970
v -3.181818 0.000000 -5.000000
v -2.878788 0.000000 5.000000
v -2.878788 0.020913 4.696970
v -2.878788 0.152234 4.393939
v -2.878788 0.358409 4.090909
v -2.878788 0.582273 3.787879
v -2.878788 0.737104 3.484848
v -2.878788 0.904195 3.181818
v -2.878788 1.044712 2.878788
v -2.878788 1.139756 2.575758
v -2.878788 1.281122 2.272727
v -2.878788 1.393704 1.969697
v -2.878788 1.477906 1.666667
v -2.878788 1.403341 1.363636
v -2.878788 1.525386 1.060606
v -2.878788 1.722843 0.757576
v -2.878788 1.900468 0.454545
v -2.878788 1.903321 0.151515
v -2.878788 1.856243 -0.151515
v -2.878788 1.895077 -0.454545
v -2.878788 2.030168 -0.757576
v -2.878788 2.049007 -1.060606
v -2.878788 2.036975 -1.363636
v -2.878788 2.056798 -1.666667
v -2.878788 2.114411 -1.969697
v -2.878788 2.209548 -2.272727
v -2.878788 2.035883 -2.575758
v -2.878788 1.888955 -2.878788
v -2.878788 1.604952 -3.181818
v -2.878788 1.191673 -3.484848
v -2.878788 0.836687 -3.787879
v -2.878788 0.494711 -4.090909
v -2.878788 0.214045 -4.393939
v -2.878788 0.029986 -4.696970
v -2.878788 0.000000 -5.000000
v -2.575758 0.000000 5.000000
v -2.575758 0.040245 4.696970
v -2.575758 0.207679 4.393939
v -2.575758 0.449379 4.090909
v -2.575758 0.664398 3.787879
v -2.575758 0.838999 3.484848
v -2.575758 0.986163 3.181818
v -2.575758 1.157541 2.878788
v -2.575758 1.266074 2.575758
v -2.575758 1.439757 2.272727
v -2.575758 1.639694 1.969697
v -2.575758 1.783905 1.666667
v -2.575758 1.773291 1.363636
v -2.575758 1.888195 1.060606
v -2.575758 2.122386 0.757576
v -2.575758 2.321066 0.454545
v -2.575758 2.387398 0.151515
v -2.575758 2.318928 -0.151515
v -2.575758 2.304849 -0.454545
v -2.575758 2.384446 -0.757576
v -2.575758 2.463055 -1.060606
v -2.575758 2.380791 -1.363636
v -2.575758 2.360408 -1.666667
v -2.575758 2.531218 -1.969697
v -2.575758 2.604220 -2.272727
v -2.575758 2.462634 -2.575758
v -2.575758 2.239878 -2.878788
v -2.575758 1.928404 -3.181818
v -2.575758 1.439980 -3.484848
v -2.575758 0.965120 -3.787879
v -2.575758 0.599882 -4.090909
v -2.575758 0.276627 -4.393939
v -2.575758 0.054443 -4.696970
v -2.575758 0.000000 -5.000000
v -2.272727 0.000000 5.000000
v -2.272727 0.058937 4.696970
v -2.272727 0.241071 4.393939
v -2.272727 0.497455 4.090909
v -2.272727 0.719839 3.787879
v -2.272727 0.906070 3.484848
v -2.272727 1.097633 3.181818
v -2.272727 1.257541 2.878788
v -2.272727 1.418527 2.575758
v -2.272727 1.616831 2.272727
v -2.272727 1.877996 1.969697
v -2.272727 2.028764 1.666667
v -2.272727 2.197074 1.363636
v -2.272727 2.305152 1.060606
v -2.272727 2.474044 0.757576
v -2.272727 2.671867 0.454545
v -2.272727 2.710485 0.151515
v -2.272727 2.670095 -0.151515
v -2.272727 2.584167 -0.454545
v -2.272727 2.732697 -0.757576
v -2.272727 2.900436 -1.060606
v -2.272727 2.811751 -1.363636
v -2.272727 2.778330 -1.666667
v -2.272727 2.764977 -1.969697
v -2.272727 2.768867 -2.272727
v -2.272727 2.637841 -2.575758
v -2.272727 2.392092 -2.878788
v -2.272727 2.091330 -3.181818
v -2.272727 1.662237 -3.484848
v -2.272727 1.124079 -3.787879
v -2.272727 0.676793 -4.090909
v -2.272727 0.324685 -4.393939
v -2.272727 0.077896 -4.696970
v -2.272727 0.000000 -5.000000
v -1.969697 0.000000 5.000000
v -1.969697 0.072887 4.696970
v -1.969697 0.265714 4.393939
v -1.969697 0.554852 4.090909
v -1.969697 0.822944 3.787879
v -1.969697 1.027202 3.484848
v -1.969697 1.217479 3.181818
v -1.969697 1.414932 2.878788
v -1.969697 1.628588 2.575758
v -1.969697 1.869662 2.272727
v -1.969697 2.096942 1.969697
v -1.969697 2.315566 1.666667
v -1.969697 2.655589 1.363636
v -1.969697 2.762610 1.060606
v -1.969697 2.950058 0.757576
v -1.969697 3.044936 0.454545
v -1.969697 3.136403 0.151515
v -1.969697 3.163849 -0.151515
v -1.969697 3.131596 -0.454545
v -1.969697 3.141353 -0.757576
v -1.969697 3.077822 -1.060606
v -1.969697 3.015530 -1.363636
v -1.969697 2.819078 -1.666667
v -1.969697 2.874233 -1.969697
v -1.969697 2.859366 -2.272727
v -1.969697 2.737894 -2.575758
v -1.969697 2.469785 -2.878788
v -1.969697 2.168941 -3.181818
v -1.969697 1.697100 -3.484848
v -1.969697 1.189250 -3.787879
v -1.969697 0.758576 -4.090909
v -1.969697 0.374187 -4.393939
v -1.969697 0.094727 -4.696970
v -1.969697 0.000000 -5.000000
v -1.666667 0.000000 5.000000
v -1.666667 0.087724 4.696970
v -1.666667 0.300118 4.393939
v -1.666667 0.621229 4.090909
v -1.666667 0.972413 3.787879
v -1.666667 1.224146 3.484848
v -1.666667 1.475535 3.181818
v -1.666667 1.646667 2.878788
v -1.666667 1.801743 2.575758
v -1.666667 2.161920 2.272727
v -1.666667 2.523939 1.969697
v -1.666667 2.690696 1.666667
v -1.666667 2.933922 1.363636
v -1.666667 3.161018 1.060606
v -1.666667 3.206475 0.757576
v -1.666667 3.310072 0.454545
v -1.666667 3.362489 0.151515
v -1.666667 3.354337 -0.151515
v -1.666667 3.425081 -0.454545
v -1.666667 3.388489 -0.757576
v -1.666667 3.238357 -1.060606
v -1.666667 3.062166 -1.363636
v -1.666667 2.878423 -1.666667
v -1.666667 2.908679 -1.969697
v -1.666667 2.793616 -2.272727
v -1.666667 2.640113 -2.575758
v -1.666667 2.510974 -2.878788
v -1.666667 2.191278 -3.181818
v -1.666667 1.708880 -3.484848
v -1.666667 1.244778 -3.787879
v -1.666667 0.800544 -4.090909
v -1.666667 0.404270 -4.393939
v -1.666667 0.104006 -4.696970
v -1.666667 0.000000 -5.000000
v -1.363636 0.000000 5.000000
v -1.363636 0.098373 4.696970
v -1.363636 0.352740 4.393939
v -1.363636 0.705109 4.090909
v -1.363636 1.038247 3.787879
v -1.363636 1.397907 3.484848
v -1.363636 1.703295 3.181818
v -1.363636 1.970733 2.878788
v -1.363636 2.222026 2.575758
v -1.363636 2.463721 2.272727
v -1.363636 2.888124 1.969697
v -1.363636 3.084612 1.666667
v -1.363636 3.372802 1.363636
v -1.363636 3.598494 1.060606
v -1.363636 3.670355 0.757576
v -1.363636 3.814486 0.454545
v -1.363636 3.686628 0.151515
v -1.363636 3.590046 -0.151515
v -1.363636 3.628782 -0.454545
v -1.363636 3.555266 -0.757576
v -1.363636 3.280786 -1.060606
v -1.363636 3.074553 -1.363636
v -1.363636 2.967781 -1.666667
v -1.363636 2.847031 -1.969697
v -1.363636 2.814122 -2.272727
v -1.363636 2.699341 -2.575758
v -1.363636 2.559390 -2.878788
v -1.363636 2.263701 -3.181818
v -1.363636 1.809867 -3.484848
v -1.363636 1.317403 -3.787879
v -1.363636 0.842558 -4.090909
v -1.363636 0.435646 -4.393939
v -1.363636 0.117909 -4.696970
v -1.363636 0.000000 -5.000000
v -1.060606 0.000000 5.000000
v -1.060606 0.106096 4.696970
v -1.060606 0.383778 4.393939
v -1.060606 0.735362 4.090909
v -1.060606 1.115173 3.787879
v -1.060606 1.497314 3.484848
v -1.060606 1.898014 3.181818
v -1.060606 2.263224 2.878788
v -1.060606 2.565074 2.575758
v -1.060606 2.919016 2.272727
v -1.060606 3.248625 1.969697
v -1.060606 3.382145 1.666667
v -1.060606 3.527162 1.363636
v -1.060606 3.944710 1.060606
v -1.060606 4.145273 0.757576
v -1.060606 4.229771 0.454545
v -1.060606 4.141664 0.151515
v -1.060606 4.054493 -0.151515
v -1.060606 3.967285 -0.454545
v -1.060606 3.772409 -0.757576
v -1.060606 3.352412 -1.060606
v -1.060606 3.261356 -1.363636
v -1.060606 3.250177 -1.666667
v -1.060606 3.192359 -1.969697
v -1.060606 3.132986 -2.272727
v -1.060606 2.951455 -2.575758
v -1.060606 2.603519 -2.878788
v -1.060606 2.295775 -3.181818
v -1.060606 1.968243 -3.484848
v -1.060606 1.426251 -3.787879
v -1.060606 0.921380 -4.090909
v -1.060606 0.463409 -4.393939
v -1.060606 0.123209 -4.696970
v -1.060606 0.000000 -5.000000
v -0.757576 0.000000 5.000000
v -0.757576 0.110392 4.696970
v -0.757576 0.373328 4.393939
v -0.757576 0.768408 4.090909
v -0.757576 1.117301 3.787879
v -0.757576 1.545159 3.484848
v -0.757576 1.896899 3.181818
v -0.757576 2.319730 2.878788
v -0.757576 2.646957 2.575758
v -0.757576 2.997621 2.272727
v -0.757576 3.400271 1.969697
v -0.757576 3.565566 1.666667
v -0.757576 3.680868 1.363636
v -0.757576 4.183193 1.060606
v -0.757576 4.352534 0.757576
v -0.757576 4.230251 0.454545
v -0.757576 4.427088 0.151515
v -0.757576 4.530709 -0.151515
v -0.757576 4.400005 -0.454545
v -0.757576 4.106969 -0.757576
v -0.757576 3.721717 -1.060606
v -0.757576 3.632482 -1.363636
v -0.757576 3.544011 -1.666667
v -0.757576 3.519808 -1.969697
v -0.757576 3.562922 -2.272727
v -0.757576 3.239759 -2.575758
v -0.757576 2.828108 -2.878788
v -0.757576 2.497735 -3.181818
v -0.757576 2.032844 -3.484848
v -0.757576 1.536752 -3.787879
v -0.757576 1.004537 -4.090909
v -0.757576 0.487487 -4.393939
v -0.757576 0.133180 -4.696970
v -0.757576 0.000000 -5.000000
v -0.454545 0.000000 5.000000
v -0.454545 0.103174 4.696970
v -0.454545 0.362885 4.393939
v -0.454545 0.694268 4.090909
v -0.454545 1.055367 3.787879
v -0.454545 1.502127 3.484848
v -0.454545 1.881068 3.181818
v -0.454545 2.324217 2.878788
v -0.454545 2.639756 2.575758
v -0.454545 2.943010 2.272727
v -0.454545 3.385933 1.969697
v -0.454545 3.688824 1.666667
v -0.454545 3.939487 1.363636
v -0.454545 4.352204 1.060606
v -0.454545 4.417692 0.757576
v -0.454545 4.271102 0.454545
v -0.454545 4.331420 0.151515
v -0.454545 4.450848 -0.151515
v -0.454545 4.397240 -0.454545
v -0.454545 4.122139 -0.757576
v -0.454545 3.883452 -1.060606
v -0.454545 3.777798 -1.363636
v -0.454545 3.925579 -1.666667
v -0.454545 3.935221 -1.969697
v -0.454545 3.790625 -2.272727
v -0.454545 3.474143 -2.575758
v -0.454545 3.129735 -2.878788
v -0.454545 2.691674 -3.181818
v -0.454545 2.174712 -3.484848
v -0.454545 1.663040 -3.787879
v -0.454545 1.103884 -4.090909
v -0.454545 0.527381 -4.393939
v -0.454545 0.143844 -4.696970
v -0.454545 0.000000 -5.000000
v -0.151515 0.000000 5.000000
v -0.151515 0.102282 4.696970
v -0.151515 0.346246 4.393939
v -0.151515 0.686883 4.090909
v -0.151515 1.081109 3.787879
v -0.151515 1.453746 3.484848
v -0.151515 1.864444 3.181818
v -0.151515 2.393476 2.878788
v -0.151515 2.732644 2.575758
v -0.151515 3.059816 2.272727
v -0.151515 3.447123 1.969697
v -0.151515 3.718866 1.666667
v -0.151515 4.048131 1.363636
v -0.151515 4.144114 1.060606
v -0.151515 4.179495 0.757576
v -0.151515 4.266436 0.454545
v -0.151515 4.276930 0.151515
v -0.151515 4.513207 -0.151515
v -0.151515 4.488346 -0.454545
v -0.151515 4.473003 -0.757576
v -0.151515 4.355213 -1.060606
v -0.151515 4.439855 -1.363636
v -0.151515 4.317804 -1.666667
v -0.151515 3.998974 -1.969697
v -0.151515 4.014431 -2.272727
v -0.151515 3.733267 -2.575758
v -0.151515 3.387125 -2.878788
v -0.151515 2.857965 -3.181818
v -0.151515 2.302954 -3.484848
v -0.151515 1.672618 -3.787879
v -0.151515 1.138645 -4.090909
v -0.151515 0.574961 -4.393939
v -0.151515 0.142670 -4.696970
v -0.151515 0.000000 -5.000000
v 0.151515 0.000000 5.000000
v 0.151515 0.101733 4.696970
v 0.151515 0.357594 4.393939
v 0.151515 0.717358 4.090909
v 0.151515 1.160404 3.787879
v 0.151515 1.526705 3.484848
v 0.151515 1.966587 3.181818
v 0.151515 2.448871 2.878788
v 0.151515 2.693291 2.575758
v 0.151515 3.153016 2.272727
v 0.151515 3.559671 1.969697
v 0.151515 3.879900 1.666667
v 0.151515 4.046900 1.363636
v 0.151515 4.149961 1.060606
v 0.151515 4.219291 0.757576
v 0.151515 4.221958 0.454545
v 0.151515 4.420021 0.151515
v 0.151515 4.616165 -0.151515
v 0.151515 4.793296 -0.454545
v 0.151515 4.832218 -0.757576
v 0.151515 4.713975 -1.060606
v 0.151515 4.800364 -1.363636
v 0.151515 4.513849 -1.666667
v 0.151515 4.346457 -1.969697
v 0.151515 4.104064 -2.272727
v 0.151515 3.830342 -2.575758
v 0.151515 3.386617 -2.878788
v 0.151515 2.920814 -3.181818
v 0.151515 2.365021 -3.484848
v 0.151515 1.752934 -3.787879
v 0.151515 1.100051 -4.090909
v 0.151515 0.542723 -4.393939
v 0.151515 0.148118 -4.696970
v 0.151515 0.000000 -5.000000
v 0.454545 0.000000 5.000000
v 0.454545 0.107807 4.696970
v 0.454545 0.384844 4.393939
v 0.454545 0.728318 4.090909
v 0.454545 1.225897 3.787879
v 0.454545 1.650799 3.484848
v 0.454545 2.042819 3.181818
v 0.454545 2.418795 2.878788
v 0.454545 2.712341 2.575758
v 0.454545 3.150778 2.272727
v 0.454545 3.649292 1.969697
v 0.454545 3.901051 1.666667
v 0.454545 4.270890 1.363636
v 0.454545 4.354640 1.060606
v 0.454545 4.416424 0.757576
v 0.454545 4.407762 0.454545
v 0.454545 4.485783 0.151515
v 0.454545 4.883149 -0.151515
v 0.454545 5.098999 -0.454545
v 0.454545 5.028030 -0.757576
v 0.454545 4.961679 -1.060606
v 0.454545 4.854922 -1.363636
v 0.454545 4.559607 -1.666667
v 0.454545 4.448597 -1.969697
v 0.454545 4.174743 -2.272727
v 0.454545 3.887715 -2.575758
v 0.454545 3.390581 -2.878788
v 0.454545 2.879338 -3.181818
v 0.454545 2.316483 -3.484848
v 0.454545 1.705978 -3.787879
v 0.454545 1.083715 -4.090909
v 0.454545 0.543660 -4.393939
v 0.454545 0.159161 -4.696970
v 0.454545 0.000000 -5.000000
v 0.757576 0.000000 5.000000
v 0.757576 0.114238 4.696970
v 0.757576 0.405980 4.393939
v 0.757576 0.784865 4.090909
v 0.757576 1.225099 3.787879
v 0.757576 1.697487 3.484848
v 0.757576 2.065207 3.181818
v 0.757576 2.398628 2.878788
v 0.757576 2.740528 2.575758
v 0.757576 3.106691 2.272727
v 0.757576 3.570227 1.969697
v 0.757576 3.884116 1.666667
v 0.757576 4.295516 1.363636
v 0.757576 4.623893 1.060606
v 0.757576 4.712280 0.757576
v 0.757576 4.718588 0.454545
v 0.757576 4.657907 0.151515
v 0.757576 4.944819 -0.151515
v 0.757576 5.044826 -0.454545
v 0.757576 5.065962 -0.757576
v 0.757576 5.185342 -1.060606
v 0.757576 5.041470 -1.363636
v 0.757576 4.718199 -1.666667
v 0.757576 4.645830 -1.969697
v 0.757576 4.408628 -2.272727
v 0.757576 4.121813 -2.575758
v 0.757576 3.561991 -2.878788
v 0.757576 3.015065 -3.181818
v 0.757576 2.333608 -3.484848
v 0.757576 1.710284 -3.787879
v 0.757576 1.089888 -4.090909
v 0.757576 0.569883 -4.393939
v 0.757576 0.169210 -4.696970
v 0.757576 0.000000 -5.000000
v 1.060606 0.000000 5.000000
v 1.060606 0.120709 4.696970
v 1.060606 0.418438 4.393939
v 1.060606 0.828279 4.090909
v 1.060606 1.256837 3.787879
v 1.060606 1.707494 3.484848
v 1.060606 2.044213 3.181818
v 1.060606 2.400808 2.878788
v 1.060606 2.799343 2.575758
v 1.060606 3.264796 2.272727
v 1.060606 3.673093 1.969697
v 1.060606 3.941439 1.666667
v 1.060606 4.416520 1.363636
v 1.060606 4.808283 1.060606
v 1.060606 5.019431 0.757576
v 1.060606 5.126655 0.454545
v 1.060606 4.918571 0.151515
v 1.060606 4.928216 -0.151515
v 1.060606 4.813610 -0.454545
v 1.060606 4.924815 -0.757576
v 1.060606 5.062798 -1.060606
v 1.060606 5.089097 -1.363636
v 1.060606 4.961423 -1.666667
v 1.060606 4.651409 -1.969697
v 1.060606 4.450310 -2.272727
v 1.060606 3.936215 -2.575758
v 1.060606 3.490727 -2.878788
v 1.060606 2.836392 -3.181818
v 1.060606 2.242156 -3.484848
v 1.060606 1.708502 -3.787879
v 1.060606 1.096843 -4.090909
v 1.060606 0.614083 -4.393939
v 1.060606 0.169803 -4.696970
v 1.060606 0.000000 -5.000000
v 1.363636 0.000000 5.000000
v 1.363636 0.127156 4.696970
v 1.363636 0.427700 4.393939
v 1.363636 0.813528 4.090909
v 1.363636 1.169025 3.787879
v 1.363636 1.632278 3.484848
v 1.363636 2.029711 3.181818
v 1.363636 2.413447 2.878788
v 1.363636 2.789340 2.575758
v 1.363636 3.333067 2.272727
v 1.363636 3.769729 1.969697
v 1.363636 3.915201 1.666667
v 1.363636 4.681747 1.363636
v 1.363636 4.948143 1.060606
v 1.363636 5.148559 0.757576
v 1.363636 5.300261 0.454545
v 1.363636 5.405460 0.151515
v 1.363636 5.467740 -0.151515
v 1.363636 5.202352 -0.454545
v 1.363636 5.037528 -0.757576
v 1.363636 5.156179 -1.060606
v 1.363636 5.044723 -1.363636
v 1.363636 5.143564 -1.666667
v 1.363636 4.709711 -1.969697
v 1.363636 4.272250 -2.272727
v 1.363636 3.787120 -2.575758
v 1.363636 3.473665 -2.878788
v 1.363636 2.865943 -3.181818
v 1.363636 2.329662 -3.484848
v 1.363636 1.775995 -3.787879
v 1.363636 1.101484 -4.090909
v 1.363636 0.617224 -4.393939
v 1.363636 0.167127 -4.696970
v 1.363636 0.000000 -5.000000
v 1.666667 0.000000 5.000000
v 1.666667 0.114607 4.696970
v 1.666667 0.419141 4.393939
v 1.666667 0.776458 4.090909
v 1.666667 1.132928 3.787879
v 1.666667 1.598900 3.484848
v 1.666667 2.008371 3.181818
v 1.666667 2.460295 2.878788
v 1.666667 2.919185 2.575758
v 1.666667 3.350427 2.272727
v 1.666667 3.877296 1.969697
v 1.666667 4.300538 1.666667
v 1.666667 4.726307 1.363636
v 1.666667 5.002449 1.060606
v 1.666667 5.144820 0.757576
v 1.666667 5.449212 0.454545
v 1.666667 5.680415 0.151515
v 1.666667 5.826561 -0.151515
v 1.666667 5.470500 -0.454545
v 1.666667 5.084256 -0.757576
v 1.666667 4.913915 -1.060606
v 1.666667 5.186581 -1.363636
v 1.666667 5.057830 -1.666667
v 1.666667 4.525105 -1.969697
v 1.666667 4.229751 -2.272727
v 1.666667 3.835992 -2.575758
v 1.666667 3.674054 -2.878788
v 1.666667 3.122902 -3.181818
v 1.666667 2.541643 -3.484848
v 1.666667 1.843511 -3.787879
v 1.666667 1.207161 -4.090909
v 1.666667 0.604910 -4.393939
v 1.666667 0.157209 -4.696970
v 1.666667 0.000000 -5.000000
v 1.969697 0.000000 5.000000
v 1.969697 0.102658 4.696970
v 1.969697 0.387991 4.393939
v 1.969697 0.730030 4.090909
v 1.969697 1.144555 3.787879
v 1.969697 1.546392 3.484848
v 1.969697 2.010489 3.181818
v 1.969697 2.506612 2.878788
v 1.969697 2.867250 2.575758
v 1.969697 3.361700 2.272727
v 1.969697 3.810122 1.969697
v 1.969697 4.181398 1.666667
v 1.969697 4.522727 1.363636
v 1.969697 4.971261 1.060606
v 1.969697 5.095305 0.757576
v 1.969697 5.320585 0.454545
v 1.969697 5.479922 0.151515
v 1.969697 5.785265 -0.151515
v 1.969697 5.775841 -0.454545
v 1.969697 5.272860 -0.757576
v 1.969697 5.131334 -1.060606
v 1.969697 5.113601 -1.363636
v 1.969697 4.908995 -1.666667
v 1.969697 4.423797 -1.969697
v 1.969697 4.110835 -2.272727
v 1.969697 4.133052 -2.575758
v 1.969697 3.791292 -2.878788
v 1.969697 3.348891 -3.181818
v 1.969697 2.549813 -3.484848
v 1.969697 1.831355 -3.787879
v 1.969697 1.227300 -4.090909
v 1.969697 0.611044 -4.393939
v 1.969697 0.146973 -4.696970
v 1.969697 0.000000 -5.000000
v 2.272727 0.000000 5.000000
v 2.272727 0.083688 4.696970
v 2.272727 0.354375 4.393939
v 2.272727 0.718493 4.090909
v 2.272727 1.134688 3.787879
v 2.272727 1.525251 3.484848
v 2.272727 2.037216 3.181818
v 2.272727 2.403800 2.878788
v 2.272727 2.637036 2.575758
v 2.272727 3.054443 2.272727
v 2.272727 3.495866 1.969697
v 2.272727 3.683346 1.666667
v 2.272727 4.303914 1.363636
v 2.272727 4.801285 1.060606
v 2.272727 5.092309 0.757576
v 2.272727 5.254467 0.454545
v 2.272727 5.186062 0.151515
v 2.272727 5.130578 -0.151515
v 2.272727 5.364300 -0.454545
v 2.272727 5.109892 -0.757576
v 2.272727 4.906037 -1.060606
v 2.272727 4.853508 -1.363636
v 2.272727 4.565314 -1.666667
v 2.272727 4.289634 -1.969697
v 2.272727 3.935697 -2.272727
v 2.272727 3.742980 -2.575758
v 2.272727 3.718322 -2.878788
v 2.272727 3.198406 -3.181818
v 2.272727 2.481713 -3.484848
v 2.272727 1.736088 -3.787879
v 2.272727 1.152303 -4.090909
v 2.272727 0.555798 -4.393939
v 2.272727 0.125171 -4.696970
v 2.272727 0.000000 -5.000000
v 2.575758 0.000000 5.000000
v 2.575758 0.062482 4.696970
v 2.575758 0.296296 4.393939
v 2.575758 0.605124 4.090909
v 2.575758 1.019454 3.787879
v 2.575758 1.373998 3.484848
v 2.575758 1.836292 3.181818
v 2.575758 2.247887 2.878788
v 2.575758 2.608094 2.575758
v 2.575758 3.078629 2.272727
v 2.575758 3.288066 1.969697
v 2.575758 3.446829 1.666667
v 2.575758 4.025371 1.363636
v 2.575758 4.338982 1.060606
v 2.575758 4.668478 0.757576
v 2.575758 5.002647 0.454545
v 2.575758 4.994493 0.151515
v 2.575758 4.775702 -0.151515
v 2.575758 4.865748 -0.454545
v 2.575758 4.634191 -0.757576
v 2.575758 4.681934 -1.060606
v 2.575758 4.586770 -1.363636
v 2.575758 4.392226 -1.666667
v 2.575758 4.216122 -1.969697
v 2.575758 3.844936 -2.272727
v 2.575758 3.665312 -2.575758
v 2.575758 3.347564 -2.878788
v 2.575758 2.742193 -3.181818
v 2.575758 2.189694 -3.484848
v 2.575758 1.526362 -3.787879
v 2.575758 1.006971 -4.090909
v 2.575758 0.476142 -4.393939
v 2.575758 0.092450 -4.696970
v 2.575758 0.000000 -5.000000
v 2.878788 0.000000 5.000000
v 2.878788 0.036647 4.696970
v 2.878788 0.243681 4.393939
v 2.878788 0.544890 4.090909
v 2.878788 0.858197 3.787879
v 2.878788 1.239158 3.484848
v 2.878788 1.700772 3.181818
v 2.878788 2.056825 2.878788
v 2.878788 2.536288 2.575758
v 2.878788 2.924447 2.272727
v 2.878788 3.063313 1.969697
v 2.878788 3.271767 1.666667
v 2.878788 3.549319 1.363636
v 2.878788 3.994020 1.060606
v 2.878788 4.181070 0.757576
v 2.878788 4.488908 0.454545
v 2.878788 4.392526 0.151515
v 2.878788 4.352732 -0.151515
v 2.878788 4.171805 -0.454545
v 2.878788 4.183368 -0.757576
v 2.878788 4.337362 -1.060606
v 2.878788 4.121435 -1.363636
v 2.878788 3.912356 -1.666667
v 2.878788 3.744370 -1.969697
v 2.878788 3.546129 -2.272727
v 2.878788 3.243373 -2.575758
v 2.878788 2.838808 -2.878788
v 2.878788 2.332372 -3.181818
v 2.878788 1.815277 -3.484848
v 2.878788 1.275538 -3.787879
v 2.878788 0.796168 -4.090909
v 2.878788 0.342089 -4.393939
v 2.878788 0.046630 -4.696970
v 2.878788 0.000000 -5.000000
v 3.181818 0.000000 5.000000
v 3.181818 0.010377 4.696970
v 3.181818 0.174062 4.393939
v 3.181818 0.455186 4.090909
v 3.181818 0.774424 3.787879
v 3.181818 1.148684 3.484848
v 3.181818 1.565183 3.181818
v 3.181818 1.861628 2.878788
v 3.181818 2.246117 2.575758
v 3.181818 2.628628 2.272727
v 3.181818 2.851748 1.969697
v 3.181818 2.909558 1.666667
v 3.181818 3.006733 1.363636
v 3.181818 3.335378 1.060606
v 3.181818 3.484662 0.757576
v 3.181818 3.621158 0.454545
v 3.181818 3.541670 0.151515
v 3.181818 3.572642 -0.151515
v 3.181818 3.518092 -0.454545
v 3.181818 3.529167 -0.757576
v 3.181818 3.761014 -1.060606
v 3.181818 3.556323 -1.363636
v 3.181818 3.353841 -1.666667
v 3.181818 3.081899 -1.969697
v 3.181818 2.941980 -2.272727
v 3.181818 2.698298 -2.575758
v 3.181818 2.356214 -2.878788
v 3.181818 1.975190 -3.181818
v 3.181818 1.449631 -3.484848
v 3.181818 0.996283 -3.787879
v 3.181818 0.565772 -4.090909
v 3.181818 0.215478 -4.393939
v 3.181818 0.012082 -4.696970
v 3.181818 0.000000 -5.000000
v 3.484848 0.000000 5.000000
v 3.484848 0.000000 4.696970
v 3.484848 0.085864 4.393939
v 3.484848 0.297025 4.090909
v 3.484848 0.575112 3.787879
v 3.484848 0.904989 3.484848
v 3.484848 1.280409 3.181818
v 3.484848 1.657086 2.878788
v 3.484848 1.956019 2.575758
v 3.484848 2.223735 2.272727
v 3.484848 2.330930 1.969697
v 3.484848 2.416145 1.666667
v 3.484848 2.605169 1.363636
v 3.484848 2.837012 1.060606
v 3.484848 2.797466 0.757576
v 3.484848 2.845393 0.454545
v 3.484848 2.856360 0.151515
v 3.484848 2.816782 -0.151515
v 3.484848 2.864040 -0.454545
v 3.484848 2.935891 -0.757576
v 3.484848 2.928407 -1.060606
v 3.484848 2.878885 -1.363636
v 3.484848 2.605826 -1.666667
v 3.484848 2.414791 -1.969697
v 3.484848 2.360691 -2.272727
v 3.484848 2.093123 -2.575758
v 3.484848 1.844415 -2.878788
v 3.484848 1.503522 -3.181818
v 3.484848 1.102827 -3.484848
v 3.484848 0.698101 -3.787879
v 3.484848 0.366140 -4.090909
v 3.484848 0.100587 -4.393939
v 3.484848 0.000000 -4.696970
v 3.484848 0.000000 -5.000000
v 3.787879 0.000000 5.000000
v 3.787879 0.000000 4.696970
v 3.787879 0.017240 4.393939
v 3.787879 0.149727 4.090909
v 3.787879 0.362600 3.787879
v 3.787879 0.622170 3.484848
v 3.787879 0.909908 3.181818
v 3.787879 1.286713 2.878788
v 3.787879 1.562913 2.575758
v 3.787879 1.719515 2.272727
v 3.787879 1.757271 1.969697
v 3.787879 1.874852 1.666667
v 3.787879 2.021960 1.363636
v 3.787879 2.122833 1.060606
v 3.787879 2.187674 0.757576
v 3.787879 2.200224 0.454545
v 3.787879 2.191051 0.151515
v 3.787879 2.103455 -0.151515
v 3.787879 2.281543 -0.454545
v 3.787879 2.267083 -0.757576
v 3.787879 2.108840 -1.060606
v 3.787879 2.103695 -1.363636
v 3.787879 1.945389 -1.666667
v 3.787879 1.887025 -1.969697
v 3.787879 1.794550 -2.272727
v 3.787879 1.644983 -2.575758
v 3.787879 1.332950 -2.878788
v 3.787879 1.034996 -3.181818
v 3.787879 0.724914 -3.484848
v 3.787879 0.431616 -3.787879
v 3.787879 0.177503 -4.090909
v 3.787879 0.019642 -4.393939
v 3.787879 0.000000 -4.696970
v 3.787879 0.000000 -5.000000
v 4.090909 0.000000 5.000000
v 4.090909 0.000000 4.696970
v 4.090909 0.000000 4.393939
v 4.090909 0.033492 4.090909
v 4.090909 0.154495 3.787879
v 4.090909 0.317835 3.484848
v 4.090909 0.515551 3.181818
v 4.090909 0.743712 2.878788
v 4.090909 0.972512 2.575758
v 4.090909 1.108613 2.272727
v 4.090909 1.148273 1.969697
v 4.090909 1.239564 1.666667
v 4.090909 1.296739 1.363636
v 4.090909 1.388962 1.060606
v 4.090909 1.410557 0.757576
v 4.090909 1.384866 0.454545
v 4.090909 1.458720 0.151515
v 4.090909 1.477452 -0.151515
v 4.090909 1.500407 -0.454545
v 4.090909 1.498604 -0.757576
v 4.090909 1.479306 -1.060606
v 4.090909 1.425945 -1.363636
v 4.090909 1.385622 -1.666667
v 4.090909 1.258104 -1.969697
v 4.090909 1.205762 -2.272727
v 4.090909 1.063695 -2.575758
v 4.090909 0.819157 -2.878788
v 4.090909 0.580610 -3.181818
v 4.090909 0.381600 -3.484848
v 4.090909 0.178371 -3.787879
v 4.090909 0.036558 -4.090909
v 4.090909 0.000000 -4.393939
v 4.090909 0.000000 -4.696970
v 4.090909 0.000000 -5.000000
v 4.393939 0.000000 5.000000
v 4.393939 0.000000 4.696970
v 4.393939 0.000000 4.393939
v 4.393939 0.000000 4.090909
v 4.393939 0.016950 3.787879
v 4.393939 0.083808 3.484848
v 4.393939 0.180394 3.181818
v 4.393939 0.306354 2.878788
v 4.393939 0.435909 2.575758
v 4.393939 0.527430 2.272727
v 4.393939 0.576574 1.969697
v 4.393939 0.616162 1.666667
v 4.393939 0.682620 1.363636
v 4.393939 0.730620 1.060606
v 4.393939 0.723268 0.757576
v 4.393939 0.693401 0.454545
v 4.393939 0.731591 0.151515
v 4.393939 0.774173 -0.151515
v 4.393939 0.780379 -0.454545
v 4.393939 0.762711 -0.757576
v 4.393939 0.754008 -1.060606
v 4.393939 0.720626 -1.363636
v 4.393939 0.668750 -1.666667
v 4.393939 0.614874 -1.969697
v 4.393939 0.578879 -2.272727
v 4.393939 0.502864 -2.575758
v 4.393939 0.361223 -2.878788
v 4.393939 0.210630 -3.181818
v 4.393939 0.094349 -3.484848
v 4.393939 0.017313 -3.787879
v 4.393939 0.000000 -4.090909
v 4.393939 0.000000 -4.393939
v 4.393939 0.000000 -4.696970
v 4.393939 0.000000 -5.000000
v 4.696970 0.000000 5.000000
v 4.696970 0.000000 4.696970
v 4.696970 0.000000 4.393939
v 4.696970 0.000000 4.090909
v 4.696970 0.000000 3.787879
v 4.696970 0.000000 3.484848
v 4.696970 0.010276 3.181818
v 4.696970 0.042783 2.878788
v 4.696970 0.083739 2.575758
v 4.696970 0.120520 2.272727
v 4.696970 0.148250 1.969697
v 4.696970 0.171668 1.666667
v 4.696970 0.196381 1.363636
v 4.696970 0.212550 1.060606
v 4.696970 0.220142 0.757576
v 4.696970 0.217973 0.454545
v 4.696970 0.213323 0.151515
v 4.696970 0.230201 -0.151515
v 4.696970 0.226016 -0.454545
v 4.696970 0.222280 -0.757576
v 4.696970 0.211002 -1.060606
v 4.696970 0.197199 -1.363636
v 4.696970 0.180129 -1.666667
v 4.696970 0.162026 -1.969697
v 4.696970 0.136222 -2.272727
v 4.696970 0.092807 -2.575758
v 4.696970 0.048318 -2.878788
v 4.696970 0.011643 -3.181818
v 4.696970 0.000000 -3.484848
v 4.696970 0.000000 -3.787879
v 4.696970 0.000000 -4.090909
v 4.696970 0.000000 -4.393939
v 4.696970 0.000000 -4.696970
v 4.696970 0.000000 -5.000000
v 5.000000 0.000000 5.000000
v 5.000000 0.000000 4.696970
v 5.000000 0.000000 4.393939
v 5.000000 0.000000 4.090909
v 5.000000 0.000000 3.787879
v 5.000000 0.000000 3.484848
v 5.000000 0.000000 3.181818
v 5.000000 0.000000 2.878788
v 5.000000 0.000000 2.575758
v 5.000000 0.000000 2.272727
v 5.000000 0.000000 1.969697
v 5.000000 0.000000 1.666667
v 5.000000 0.000000 1.363636
v 5.000000 0.000000 1.060606
v 5.000000 0.000000 0.757576
v 5.000000 0.000000 0.454545
v 5.000000 0.000000 0.151515
v 5.000000 0.000000 -0.151515
v 5.000000 0.000000 -0.454545
v 5.000000 0.000000 -0.757576
v 5.000000 0.000000 -1.060606
v 5.000000 0.000000 -1.363636
v 5.000000 0.000000 -1.666667
v 5.000000 0.000000 -1.969697
v 5.000000 0.000000 -2.272727
v 5.000000 0.000000 -2.575758
v 5.000000 0.000000 -2.878788
v 5.000000 0.000000 -3.181818
v 5.000000 0.000000 -3.484848
v 5.000000 0.000000 -3.787879
v 5.000000 0.000000 -4.090909
v 5.000000 0.000000 -4.393939
v 5.000000 0.000000 -4.696970
v 5.000000 0.000000 -5.000000
s 1
f 2 1 35 36
f 3 2 36 37
f 4 3 37 38
f 5 4 38 39
f 6 5 39 40
f 7 6 40 41
f 8 7 41 42
f 9 8 42 43
f 10 9 43 44
f 11 10 44 45
f 12 11 45 46
f 13 12 46 47
f 14 13 47 48
f 15 14 48 49
f 16 15 49 50
f 17 16 50 51
f 18 17 51 52
f 19 18 52 53
f 20 19 53 54
f 21 20 54 55
f 22 21 55 56
f 23 22 56 57
f 24 23 57 58
f 25 24 58 59
f 26 25 59 60
f 27 26 60 61
f 28 27 61 62
f 29 28 62 63
f 30 29 63 64
f 31 30 64 65
f 32 31 65 66
f 33 32 66 67
f 34 33 67 68
f 36 35 69 70
f 37 36 70 71
f 38 37 71 72
f 39 38 72 73
f 40 39 73 74
f 41 40 74 75
f 42 41 75 76
f 43 42 76 77
f 44 43 77 78
f 45 44 78 79
f 46 45 79 80
f 47 46 80 81
f 48 47 81 82
f 49 48 82 83
f 50 49 83 84
f 51 50 84 85
f 52 51 85 86
f 53 52 86 87
f 54 53 87 88
f 55 54 88 89
f 56 55 89 90
f 57 56 90 91
f 58 57 91 92
f 59 58 92 93
f 60 59 93 94
f 61 60 94 95
f 62 61 95 96
f 63 62 96 97
f 64 63 97 98
f 65 64 98 99
f 66 65 99 100
f 67 66 100 101
f 68 67 101 102
f 70 69 103 104
f 71 70 104 105
f 72 71 105 106
f 73 72 106 107
f 74 73 107 108
f 75 74 108 109
f 76 75 109 110
f 77 76 110 111
f 78 77 111 112
f 79 78 112 113
f 80 79 113 114
f 81 80 114 115
f 82 81 115 116
f 83 82 116 117
f 84 83 117 118
f 85 84 118 119
f 86 85 119 120
f 87 86 120 121
f 88 87 121 122
f 89 88 122 123
f 90 89 123 124
f 91 90 124 125
f 92 91 125 126
f 93 92 126 127
f 94 93 127 128
f 95 94 128 129
f 96 95 129 130
f 97 96 130 131
f 98 97 131 132
f 99 98 132 133
f 100 99 133 134
f 101 100 134 135
f 102 101 135 136
f 104 103 137 138
f 105 104 138 139
f 106 105 139 140
f 107 106 140 141
f 108 107 141 142
f 109 108 142 143
f 110 109 143 144
f 111 110 144 145
f 112 111 145 146
f 113 112 146 147
f 114 113 147 148
f 115 114 148 149
f 116 115 149 150
f 117 116 150 151
f 118 117 151 152
f 119 118 152 153
f 120 119 153 154
f 121 120 154 155
f 122 121 155 156
f 123 122 156 157
f 124 123 157 158
f 125 124 158 159
f 126 125 159 160
f 127 126 160 161
f 128 127 161 162
f 129 128 162 163
f 130 129 163 164
f 131 130 164 165
f 132 131 165 166
f 133 132 166 167
f 134 133 167 168
f 135 134 168 169
f 136 135 169 170
f 138 137 171 172
f 139 138 172 173
f 140 139 173 174
f 141 140 174 175
f 142 141 175 176
f 143 142 176 177
f 144 143 177 178
f 145 144 178 179
f 146 145 179 180
f 147 146 180 181
f 148 147 181 182
f 149 148 182 183
f 150 149 183 184
f 151 150 184 185
f 152 151 185 186
f 153 152 186 187
f 154 153 187 188
f 155 154 188 189
f 156 155 189 190
f 157 156 190 191
f 158 157 191 192
f 159 158 192 193
f 160 159 193 194
f 161 160 194 195
f 162 161 195 196
f 163 162 196 197
f 164 163 197 198
f 165 164 198 199
f 166 165 199 200
f 167 166 200 201
f 168 167 201 202
f 169 168 202 203
f 170 169 203 204
f 172 171 205 206
f 173 172 206 207
f 174 173 207 208
f 175 174 208 209
f 176 175 209 210
f 177 176 210 211
f 178 177 211 212
f 179 178 212 213
f 180 179 213 214
f 181 180 214 215
f 182 181 215 216
f 183 182 216 217
f 184 183 217 218
f 185 184 218 219
f 186 185 219 220
f 187 186 220 221
f 188 187 221 222
f 189 188 222 223
f 190 189 223 224
f 191 190 224 225
f 192 191 225 226
f 193 192 226 227
f 194 193 227 228
f 195 194 228 229
f 196 195 229 230
f 197 196 230 231
f 198 197 231 232
f 199 198 232 233
f 200 199 233 234
f 201 200 234 235
f 202 201 235 236
f 203 202 236 237
f 204 203 237 238
f 206 205 239 240
f 207 206 240 241
f 208 207 241 242
f 209 208 242 243
f 210 209 243 244
f 211 210 244 245
f 212 211 245 246
f 213 212 246 247
f 214 213 247 248
f 215 214 248 249
f 216 215 249 250
f 217 216 250 251
f 218 217 251 252
f 219 218 252 253
f 220 219 253 254
f 221 220 254 255
f 222 221 255 256
f 223 222 256 257
f 224 223 257 258
f 225 224 258 259
f 226 225 259 260
f 227 226 260 261
f 228 227 261 262
f 229 228 262 263
f 230 229 263 264
f 231 230 264 265
f 232 231 265 266
f 233 232 266 267
f 234 233 267 268
f 235 234 268 269
f 236 235 269 270
f 237 236 270 271
f 238 237 271 272
f 240 239 273 274
f 241 240 274 275
f 242 241 275 276
f 243 242 276 277
f 244 243 277 278
f 245 244 278 279
f 246 245 279 280
f 247 246 280 281
f 248 247 281 282
f 249 248 282 283
f 250 249 283 284
f 251 250 284 285
f 252 251 285 286
f 253 252 286 287
f 254 253 287 288
f 255 254 288 289
f 256 255 289 290
f 257 256 290 291
f 258 257 291 292
f 259 258 292 293
f 260 259 293 294
f 261 260 294 295
f 262 261 295 296
f 263 262 296 297
f 264 263 297 298
f 265 264 298 299
f 266 265 299 300
f 267 266 300 301
f 268 267 301 302
f 269 268 302 303
f 270 269 303 304
f 271 270 304 305
f 272 271 305 306
f 274 273 307 308
f 275 274 308 309
f 276 275 309 310
f 277 276 310 311
f 278 277 311 312
f 279 278 312 313
f 280 279 313 314
f 281 280 314 315
f 282 281 315 316
f 283 282 316 317
f 284 283 317 318
f 285 284 318 319
f 286 285 319 320
f 287 286 320 321
f 288 287 321 322
f 289 288 322 323
f 290 289 323 324
f 291 290 324 325
f 292 291 325 326
f 293 292 326 327
f 294 293 327 328
f 295 294 328 329
f 296 295 329 330
f 297 296 330 331
f 298 297 331 332
f 299 298 332 333
f 300 299 333 334
f 301 300 334 335
f 302 301 335 336
f 303 302 336 337
f 304 303 337 338
f 305 304 338 339
f 306 305 339 340
f 308 307 341 342
f 309 308 342 343
f 310 309 343 344
f 311 310 344 345
f 312 311 345 346
f 313 312 346 347
f 314 313 347 348
f 315 314 348 349
f 316 315 349 350
f 317 316 350 351
f 318 317 351 352
f 319 318 352 353
f 320 319 353 354
f 321 320 354 355
f 322 321 355 356
f 323 322 356 357
f 324 323 357 358
f 325 324 358 359
f 326 325 359 360
f 327 326 360 361
f 328 327 361 362
f 329 328 362 363
f 330 329 363 364
f 331 330 364 365
f 332 331 365 366
f 333 332 366 367
f 334 333 367 368
f 335 334 368 369
f 336 335 369 370
f 337 336 370 371
f 338 337 371 372
f 339 338 372 373
f 340 339 373 374
f 342 341 375 376
f 343 342 376 377
f 344 343 377 378
f 345 344 378 379
f 346 345 379 380
f 347 346 380 381
f 348 347 381 382
f 349 348 382 383
f 350 349 383 384
f 351 350 384 385
f 352 351 385 386
f 353 352 386 387
f 354 353 387 388
f 355 354 388 389
f 356 355 389 390
f 357 356 390 391
f 358 357 391 392
f 359 358 392 393
f 360 359 393 394
f 361 360 394 395
f 362 361 395 396
f 363 362 396 397
f 364 363 397 398
f 365 364 398 399
f 366 365 399 400
f 367 366 400 401
f 368 367 401 402
f 369 368 402 403
f 370 369 403 404
f 371 370 404 405
f 372 371 405 406
f 373 372 406 407
f 374 373 407 408
f 376 375 409 410
f 377 376 410 411
f 378 377 411 412
f 379 378 412 413
f 380 379 413 414
f 381 380 414 415
f 382 381 415 416
f 383 382 416 417
f 384 383 417 418
f 385 384 418 419
f 386 385 419 420
f 387 386 420 421
f 388 387 421 422
f 389 388 422 423
f 390 389 423 424
f 391 390 424 425
f 392 391 425 426
f 393 392 426 427
f 394 393 427 428
f 395 394 428 429
f 396 395 429 430
f 397 396 430 431
f 398 397 431 432
f 399 398 432 433
f 400 399 433 434
f 401 400 434 435
f 402 401 435 436
f 403 402 436 437
f 404 403 437 438
f 405 404 438 439
f 406 405 439 440
f 407 406 440 441
f 408 407 441 442
f 410 409 443 444
f 411 410 444 445
f 412 411 445 446
f 413 412 446 447
f 414 413 447 448
f 415 414 448 449
f 416 415 449 450
f 417 416 450 451
f 418 417 451 452
f 419 418 452 453
f 420 419 453 454
f 421 420 454 455
f 422 421 455 456
f 423 422 456 457
f 424 423 457 458
f 425 424 458 459
f 426 425 459 460
f 427 426 460 461
f 428 427 461 462
f 429 428 462 463
f 430 429 463 464
f 431 430 464 465
f 432 431 465 466
f 433 432 466 467
f 434 433 467 468
f 435 434 468 469
f 436 435 469 470
f 437 436 470 471
f 438 437 471 472
f 439 438 472 473
f 440 439 473 474
f 441 440 474 475
f 442 441 475 476
f 444 443 477 478
f 445 444 478 479
f 446 445 479 480
f 447 446 480 481
f 448 447 481 482
f 449 448 482 483
f 450 449 483 484
f 451 450 484 485
f 452 451 485 486
f 453 452 486 487
f 454 453 487 488
f 455 454 488 489
f 456 455 489 490
f 457 456 490 491
f 458 457 491 492
f 459 458 492 493
f 460 459 493 494
f 461 460 494 495
f 462 461 495 496
f 463 462 496 497
f 464 463 497 498
f 465 464 498 499
f 466 465 499 500
f 467 466 500 501
f 468 467 501 502
f 469 468 502 503
f 470 469 503 504
f 471 470 504 505
f 472 471 505 506
f 473 472 506 507
f 474 473 507 508
f 475 474 508 509
f 476 475 509 510
f 478 477 511 512
f 479 478 512 513
f 480 479 513 514
f 481 480 514 515
f 482 481 515 516
f 483 482 516 517
f 484 483 517 518
f 485 484 518 519
f 486 485 519 520
f 487 486 520 521
f 488 487 521 522
f 489 488 522 523
f 490 489 523 524
f 491 490 524 525
f 492 491 525 526
f 493 492 526 527
f 494 493 527 528
f 495 494 528 529
f 496 495 529 530
f 497 496 530 531
f 498 497 531 532
f 499 498 532 533
f 500 499 533 534
f 501 500 534 535
f 502 501 535 536
f 503 502 536 537
f 504 503 537 538
f 505 504 538 539
f 506 505 539 540
f 507 506 540 541
f 508 507 541 542
f 509 508 542 543
f 510 509 543 544
f 512 511 545 546
f 513 512 546 547
f 514 513 547 548
f 515 514 548 549
f 516 515 549 550
f 517 516 550 551
f 518 517 551 552
f 519 518 552 553
f 520 519 553 554
f 521 520 554 555
f 522 521 555 556
f 523 522 556 557
f 524 523 557 558
f 525 524 558 559
f 526 525 559 560
f 527 526 560 561
f 528 527 561 562
f 529 528 562 563
f 530 529 563 564
f 531 530 564 565
f 532 531 565 566
f 533 532 566 567
f 534 533 567 568
f 535 534 568 569
f 536 535 569 570
f 537 536 570 571
f 538 537 571 572
f 539 538 572 573
f 540 539 573 574
f 541 540 574 575
f 542 541 575 576
f 543 542 576 577
f 544 543 577 578
f 546 545 579 580
f 547 546 580 581
f 548 547 581 582
f 549 548 582 583
f 550 549 583 584
f 551 550 584 585
f 552 551 585 586
f 553 552 586 587
f 554 553 587 588
f 555 554 588 589
f 556 555 589 590
f 557 556 590 591
f 558 557 591 592
f 559 558 592 593
f 560 559 593 594
f 561 560 594 595
f 562 561 595 596
f 563 562 596 597
f 564 563 597 598
f 565 564 598 599
f 566 565 599 600
f 567 566 600 601
f 568 567 601 602
f 569 568 602 603
f 570 569 603 604
f 571 570 604 605
f 572 571 605 606
f 573 572 606 607
f 574 573 607 608
f 575 574 608 609
f 576 575 609 610
f 577 576 610 611
f 578 577 611 612
f 580 579 613 614
f 581 580 614 615
f 582 581 615 616
f 583 582 616 617
f 584 583 617 618
f 585 584 618 619
f 586 585 619 620
f 587 586 620 621
f 588 587 621 622
f 589 588 622 623
f 590 589 623 624
f 591 590 624 625
f 592 591 625 626
f 593 592 626 627
f 594 593 627 628
f 595 594 628 629
f 596 595 629 630
f 597 596 630 631
f 598 597 631 632
f 599 598 632 633
f 600 599 633 634
f 601 600 634 635
f 602 601 635 636
f 603 602 636 637
f 604 603 637 638
f 605 604 638 639
f 606 605 639 640
f 607 606 640 641
f 608 607 641 642
f 609 608 642 643
f 610 609 643 644
f 611 610 644 645
f 612 611 645 646
f 614 613 647 648
f 615 614 648 649
f 616 615 649 650
f 617 616 650 651
f 618 617 651 652
f 619 618 652 653
f 620 619 653 654
f 621 620 654 655
f 622 621 655 656
f 623 622 656 657
f 624 623 657 658
f 625 624 658 659
f 626 625 659 660
f 627 626 660 661
f 628 627 661 662
f 629 628 662 663
f 630 629 663 664
f 631 630 664 665
f 632 631 665 666
f 633 632 666 667
f 634 633 667 668
f 635 634 668 669
f 636 635 669 670
f 637 636 670 671
f 638 637 671 672
f 639 638 672 673
f 640 639 673 674
f 641 640 674 675
f 642 641 675 676
f 643 642 676 677
f 644 643 677 678
f 645 644 678 679
f 646 645 679 680
f 648 647 681 682
f 649 648 682 683
f 650 649 683 684
f 651 650 684 685
f 652 651 685 686
f 653 652 686 687
f 654 653 687 688
f 655 654 688 689
f 656 655 689 690
f 657 656 690 691
f 658 657 691 692
f 659 658 692 693
f 660 659 693 694
f 661 660 694 695
f 662 661 695 696
f 663 662 696 697
f 664 663 697 698
f 665 664 698 699
f 666 665 699 700
f 667 666 700 701
f 668 667 701 702
f 669 668 702 703
f 670 669 703 704
f 671 670 704 705
f 672 671 705 706
f 673 672 706 707
f 674 673 707 708
f 675 674 708 709
f 676 675 709 710
f 677 676 710 711
f 678 677 711 712
f 679 678 712 713
f 680 679 713 714
f 682 681 715 716
f 683 682 716 717
f 684 683 717 718
f 685 684 718 719
f 686 685 719 720
f 687 686 720 721
f 688 687 721 722
f 689 688 722 723
f 690 689 723 724
f 691 690 724 725
f 692 691 725 726
f 693 692 726 727
f 694 693 727 728
f 695 694 728 729
f 696 695 729 730
f 697 696 730 731
f 698 697 731 732
f 699 698 732 733
f 700 699 733 734
f 701 700 734 735
f 702 701 735 736
f 703 702 736 737
f 704 703 737 738
f 705 704 738 739
f 706 705 739 740
f 707 706 740 741
f 708 707 741 742
f 709 708 742 743
f 710 709 743 744
f 711 710 744 745
f 712 711 745 746
f 713 712 746 747
f 714 713 747 748
f 716 715 749 750
f 717 716 750 751
f 718 717 751 752
f 719 718 752 753
f 720 719 753 754
f 721 720 754 755
f 722 721 755 756
f 723 722 756 757
f 724 723 757 758
f 725 724 758 759
f 726 725 759 760
f 727 726 760 761
f 728 727 761 762
f 729 728 762 763
f 730 729 763 764
f 731 730 764 765
f 732 731 765 766
f 733 732 766 767
f 734 733 767 768
f 735 734 768 769
f 736 735 769 770
f 737 736 770 771
f 738 737 771 772
f 739 738 772 773
f 740 739 773 774
f 741 740 774 775
f 742 741 775 776
f 743 742 776 777
f 744 743 777 778
f 745 744 778 779
f 746 745 779 780
f 747 746 780 781
f 748 747 781 782
f 750 749 783 784
f 751 750 784 785
f 752 751 785 786
f 753 752 786 787
f 754 753 787 788
f 755 754 788 789
f 756 755 789 790
f 757 756 790 791
f 758 757 791 792
f 759 758 792 793
f 760 759 793 794
f 761 760 794 795
f 762 761 795 796
f 763 762 796 797
f 764 763 797 798
f 765 764 798 799
f 766 765 799 800
f 767 766 800 801
f 768 767 801 802
f 769 768 802 803
f 770 769 803 804
f 771 770 804 805
f 772 771 805 806
f 773 772 806 807
f 774 773 807 808
f 775 774 808 809
f 776 775 809 810
f 777 776 810 811
f 778 777 811 812
f 779 778 812 813
f 780 779 813 814
f 781 780 814 815
f 782 781 815 816
f 784 783 817 818
f 785 784 818 819
f 786 785 819 820
f 787 786 820 821
f 788 787 821 822
f 789 788 822 823
f 790 789 823 824
f 791 790 824 825
f 792 791 825 826
f 793 792 826 827
f 794 793 827 828
f 795 794 828 829
f 796 795 829 830
f 797 796 830 831
f 798 797 831 832
f 799 798 832 833
f 800 799 833 834
f 801 800 834 835
f 802 801 835 836
f 803 802 836 837
f 804 803 837 838
f 805 804 838 839
f 806 805 839 840
f 807 806 840 841
f 808 807 841 842
f 809 808 842 843
f 810 809 843 844
f 811 810 844 845
f 812 811 845 846
f 813 812 846 847
f 814 813 847 848
f 815 814 848 849
f 816 815 849 850
f 818 817 851 852
f 819 818 852 853
f 820 819 853 854
f 821 820 854 855
f 822 821 855 856
f 823 822 856 857
f 824 823 857 858
f 825 824 858 859
f 826 825 859 860
f 827 826 860 861
f 828 827 861 862
f 829 828 862 863
f 830 829 863 864
f 831 830 864 865
f 832 831 865 866
f 833 832 866 867
f 834 833 867 868
f 835 834 868 869
f 836 835 869 870
f 837 836 870 871
f 838 837 871 872
f 839 838 872 873
f 840 839 873 874
f 841 840 874 875
f 842 841 875 876
f 843 842 876 877
f 844 843 877 878
f 845 844 878 879
f 846 845 879 880
f 847 846 880 881
f 848 847 881 882
f 849 848 882 883
f 850 849 883 884
f 852 851 885 886
f 853 852 886 887
f 854 853 887 888
f 855 854 888 889
f 856 855 889 890
f 857 856 890 891
f 858 857 891 892
f 859 858 892 893
f 860 859 893 894
f 861 860 894 895
f 862 861 895 896
f 863 862 896 897
f 864 863 897 898
f 865 864 898 899
f 866 865 899 900
f 867 866 900 901
f 868 867 901 902
f 869 868 902 903
f 870 869 903 904
f 871 870 904 905
f 872 871 905 906
f 873 872 906 907
f 874 873 907 908
f 875 874 908 909
f 876 875 909 910
f 877 876 910 911
f 878 877 911 912
f 879 878 912 913
f 880 879 913 914
f 881 880 914 915
f 882 881 915 916
f 883 882 916 917
f 884 883 917 918
f 886 885 919 920
f 887 886 920 921
f 888 887 921 922
f 889 888 922 923
f 890 889 923 924
f 891 890 924 925
f 892 891 925 926
f 893 892 926 927
f 894 893 927 928
f 895 894 928 929
f 896 895 929 930
f 897 896 930 931
f 898 897 931 932
f 899 898 932 933
f 900 899 933 934
f 901 900 934 935
f 902 901 935 936
f 903 902 936 937
f 904 903 937 938
f 905 904 938 939
f 906 905 939 940
f 907 906 940 941
f 908 907 941 942
f 909 908 942 943
f 910 909 943 944
f 911 910 944 945
f 912 911 945 946
f 913 912 946 947
f 914 913 947 948
f 915 914 948 949
f 916 915 949 950
f 917 916 950 951
f 918 917 951 952
f 920 919 953 954
f 921 920 954 955
f 922 921 955 956
f 923 922 956 957
f 924 923 957 958
f 925 924 958 959
f 926 925 959 960
f 927 926 960 961
f 928 927 961 962
f 929 928 962 963
f 930 929 963 964
f 931 930 964 965
f 932 931 965 966
f 933 932 966 967
f 934 933 967 968
f 935 934 968 969
f 936 935 969 970
f 937 936 970 971
f 938 937 971 972
f 939 938 972 973
f 940 939 973 974
f 941 940 974 975
f 942 941 975 976
f 943 942 976 977
f 944 943 977 978
f 945 944 978 979
f 946 945 979 980
f 947 946 980 981
f 948 947 981 982
f 949 948 982 983
f 950 949 983 984
f 951 950 984 985
f 952 951 985 986
f 954 953 987 988
f 955 954 988 989
f 956 955 989 990
f 957 956 990 991
f 958 957 991 992
f 959 958 992 993
f 960 959 993 994
f 961 960 994 995
f 962 961 995 996
f 963 962 996 997
f 964 963 997 998
f 965 964 998 999
f 966 965 999 1000
f 967 966 1000 1001
f 968 967 1001 1002
f 969 968 1002 1003
f 970 969 1003 1004
f 971 970 1004 1005
f 972 971 1005 1006
f 973 972 1006 1007
f 974 973 1007 1008
f 975 974 1008 1009
f 976 975 1009 1010
f 977 976 1010 1011
f 978 977 1011 1012
f 979 978 1012 1013
f 980 979 1013 1014
f 981 980 1014 1015
f 982 981 1015 1016
f 983 982 1016 1017
f 984 983 1017 1018
f 985 984 1018 1019
f 986 985 1019 1020
f 988 987 1021 1022
f 989 988 1022 1023
f 990 989 1023 1024
f 991 990 1024 1025
f 992 991 1025 1026
f 993 992 1026 1027
f 994 993 1027 1028
f 995 994 1028 1029
f 996 995 1029 1030
f 997 996 1030 1031
f 998 997 1031 1032
f 999 998 1032 1033
f 1000 999 1033 1034
f 1001 1000 1034 1035
f 1002 1001 1035 1036
f 1003 1002 1036 1037
f 1004 1003 1037 1038
f 1005 1004 1038 1039
f 1006 1005 1039 1040
f 1007 1006 1040 1041
f 1008 1007 1041 1042
f 1009 1008 1042 1043
f 1010 1009 1043 1044
f 1011 1010 1044 1045
f 1012 1011 1045 1046
f 1013 1012 1046 1047
f 1014 1013 1047 1048
f 1015 1014 1048 1049
f 1016 1015 1049 1050
f 1017 1016 1050 1051
f 1018 1017 1051 1052
f 1019 1018 1052 1053
f 1020 1019 1053 1054
f 1022 1021 1055 1056
f 1023 1022 1056 1057
f 1024 1023 1057 1058
f 1025 1024 1058 1059
f 1026 1025 1059 1060
f 1027 1026 1060 1061
f 1028 1027 1061 1062
f 1029 1028 1062 1063
f 1030 1029 1063 1064
f 1031 1030 1064 1065
f 1032 1031 1065 1066
f 1033 1032 1066 1067
f 1034 1033 1067 1068
f 1035 1034 1068 1069
f 1036 1035 1069 1070
f 1037 1036 1070 1071
f 1038 1037 1071 1072
f 1039 1038 1072 1073
f 1040 1039 1073 1074
f 1041 1040 1074 1075
f 1042 1041 1075 1076
f 1043 1042 1076 1077
f 1044 1043 1077 1078
f 1045 1044 1078 1079
f 1046 1045 1079 1080
f 1047 1046 1080 1081
f 1048 1047 1081 1082
f 1049 1048 1082 1083
f 1050 1049 1083 1084
f 1051 1050 1084 1085
f 1052 1051 1085 1086
f 1053 1052 1086 1087
f 1054 1053 1087 1088
f 1056 1055 1089 1090
f 1057 1056 1090 1091
f 1058 1057 1091 1092
f 1059 1058 1092 1093
f 1060 1059 1093 1094
f 1061 1060 1094 1095
f 1062 1061 1095 1096
f 1063 1062 1096 1097
f 1064 1063 1097 1098
f 1065 1064 1098 1099
f 1066 1065 1099 1100
f 1067 1066 1100 1101
f 1068 1067 1101 1102
f 1069 1068 1102 1103
f 1070 1069 1103 1104
f 1071 1070 1104 1105
f 1072 1071 1105 1106
f 1073 1072 1106 1107
f 1074 1073 1107 1108
f 1075 1074 1108 1109
f 1076 1075 1109 1110
f 1077 1076 1110 1111
f 1078 1077 1111 1112
f 1079 1078 1112 1113
f 1080 1079 1113 1114
f 1081 1080 1114 1115
f 1082 1081 1115 1116
f 1083 1082 1116 1117
f 1084 1083 1117 1118
f 1085 1084 1118 1119
f 1086 1085 1119 1120
f 1087 1086 1120 1121
f 1088 1087 1121 1122
f 1090 1089 1123 1124
f 1091 1090 1124 1125
f 1092 1091 1125 1126
f 1093 1092 1126 1127
f 1094 1093 1127 1128
f 1095 1094 1128 1129
f 1096 1095 1129 1130
f 1097 1096 1130 1131
f 1098 1097 1131 1132
f 1099 1098 1132 1133
f 1100 1099 1133 1134
f 1101 1100 1134 1135
f 1102 1101 1135 1136
f 1103 1102 1136 1137
f 1104 1103 1137 1138
f 1105 1104 1138 1139
f 1106 1105 1139 1140
f 1107 1106 1140 1141
f 1108 1107 1141 1142
f 1109 1108 1142 1143
f 1110 1109 1143 1144
f 1111 1110 1144 1145
f 1112 1111 1145 1146
f 1113 1112 1146 1147
f 1114 1113 1147 1148
f 1115 1114 1148 1149
f 1116 1115 1149 1150
f 1117 1116 1150 1151
f 1118 1117 1151 1152
f 1119 1118 1152 1153
f 1120 1119 1153 1154
f 1121 1120 1154 1155
f 1122 1121 1155 1156
