# Blender v2.79 (sub 0) OBJ File: ''
# www.blender.org
v -5.000000 0.000000 5.000000
v -5.000000 0.000000 4.714286
v -5.000000 0.000000 4.428572
v -5.000000 0.000000 4.142857
v -5.000000 0.000000 3.857143
v -5.000000 0.000000 3.571429
v -5.000000 0.000000 3.285714
v -5.000000 0.000000 3.000000
v -5.000000 0.000000 2.714286
v -5.000000 0.000000 2.428571
v -5.000000 0.000000 2.142857
v -5.000000 0.000000 1.857143
v -5.000000 0.000000 1.571429
v -5.000000 0.000000 1.285714
v -5.000000 0.000000 1.000000
v -5.000000 0.000000 0.714286
v -5.000000 0.000000 0.428571
v -5.000000 0.000000 0.142857
v -5.000000 0.000000 -0.142857
v -5.000000 0.000000 -0.428571
v -5.000000 0.000000 -0.714286
v -5.000000 0.000000 -1.000000
v -5.000000 0.000000 -1.285714
v -5.000000 0.000000 -1.571429
v -5.000000 0.000000 -1.857143
v -5.000000 0.000000 -2.142857
v -5.000000 0.000000 -2.428571
v -5.000000 0.000000 -2.714286
v -5.000000 0.000000 -3.000000
v -5.000000 0.000000 -3.285714
v -5.000000 0.000000 -3.571429
v -5.000000 0.000000 -3.857143
v -5.000000 0.000000 -4.142857
v -5.000000 0.000000 -4.428572
v -5.000000 0.000000 -4.714286
v -5.000000 0.000000 -5.000000
v -4.714286 0.000000 5.000000
v -4.714286 0.000000 4.714286
v -4.714286 0.000000 4.428572
v -4.714286 0.000000 4.142857
v -4.714286 0.000000 3.857143
v -4.714286 0.000000 3.571429
v -4.714286 0.001008 3.285714
v -4.714286 0.012552 3.000000
v -4.714286 0.028277 2.714286
v -4.714286 0.043136 2.428571
v -4.714286 0.052364 2.142857
v -4.714286 0.060915 1.857143
v -4.714286 0.066715 1.571429
v -4.714286 0.069754 1.285714
v -4.714286 0.076534 1.000000
v -4.714286 0.084234 0.714286
v -4.714286 0.088123 0.428571
v -4.714286 0.089557 0.142857
v -4.714286 0.089341 -0.142857
v -4.714286 0.090724 -0.428571
v -4.714286 0.089613 -0.714286
v -4.714286 0.082448 -1.000000
v -4.714286 0.081324 -1.285714
v -4.714286 0.083511 -1.571429
v -4.714286 0.082381 -1.857143
v -4.714286 0.073011 -2.142857
v -4.714286 0.057805 -2.428571
v -4.714286 0.037692 -2.714286
v -4.714286 0.017064 -3.000000
v -4.714286 0.001514 -3.285714
v -4.714286 0.000000 -3.571429
v -4.714286 0.000000 -3.857143
v -4.714286 0.000000 -4.142857
v -4.714286 0.000000 -4.428572
v -4.714286 0.000000 -4.714286
v -4.714286 0.000000 -5.000000
v -4.428572 0.000000 5.000000
v -4.428572 0.000000 4.714286
v -4.428572 0.000000 4.428572
v -4.428572 0.000000 4.142857
v -4.428572 0.001646 3.857143
v -4.428572 0.029190 3.571429
v -4.428572 0.074937 3.285714
v -4.428572 0.129455 3.000000
v -4.428572 0.177271 2.714286
v -4.428572 0.208060 2.428571
v -4.428572 0.219216 2.142857
v -4.428572 0.231052 1.857143
v -4.428572 0.235204 1.571429
v -4.428572 0.236947 1.285714
v -4.428572 0.241043 1.000000
v -4.428572 0.271015 0.714286
v -4.428572 0.289822 0.428571
v -4.428572 0.305353 0.142857
v -4.428572 0.312706 -0.142857
v -4.428572 0.301084 -0.428571
v -4.428572 0.287958 -0.714286
v -4.428572 0.282466 -1.000000
v -4.428572 0.273680 -1.285714
v -4.428572 0.305067 -1.571429
v -4.428572 0.319301 -1.857143
v -4.428572 0.304928 -2.142857
v -4.428572 0.287096 -2.428571
v -4.428572 0.239575 -2.714286
v -4.428572 0.178804 -3.000000
v -4.428572 0.112736 -3.285714
v -4.428572 0.044156 -3.571429
v -4.428572 0.002474 -3.857143
v -4.428572 0.000000 -4.142857
v -4.428572 0.000000 -4.428572
v -4.428572 0.000000 -4.714286
v -4.428572 0.000000 -5.000000
v -4.142857 0.000000 5.000000
v -4.142857 0.000000 4.714286
v -4.142857 0.000000 4.428572
v -4.142857 0.005919 4.142857
v -4.142857 0.056934 3.857143
v -4.142857 0.142620 3.571429
v -4.142857 0.224469 3.285714
v -4.142857 0.317265 3.000000
v -4.142857 0.408817 2.714286
v -4.142857 0.444929 2.428571
v -4.142857 0.463872 2.142857
v -4.142857 0.461200 1.857143
v -4.142857 0.469024 1.571429
v -4.142857 0.462554 1.285714
v -4.142857 0.470726 1.000000
v -4.142857 0.508653 0.714286
v -4.142857 0.552242 0.428571
v -4.142857 0.581694 0.142857
v -4.142857 0.599790 -0.142857
v -4.142857 0.566069 -0.428571
v -4.142857 0.562397 -0.714286
v -4.142857 0.562479 -1.000000
v -4.142857 0.568169 -1.285714
v -4.142857 0.613497 -1.571429
v -4.142857 0.641949 -1.857143
v -4.142857 0.632924 -2.142857
v -4.142857 0.618662 -2.428571
v -4.142857 0.531466 -2.714286
v -4.142857 0.439363 -3.000000
v -4.142857 0.337994 -3.285714
v -4.142857 0.201927 -3.571429
v -4.142857 0.081761 -3.857143
v -4.142857 0.008403 -4.142857
v -4.142857 0.000000 -4.428572
v -4.142857 0.000000 -4.714286
v -4.142857 0.000000 -5.000000
v -3.857143 0.000000 5.000000
v -3.857143 0.000000 4.714286
v -3.857143 0.001595 4.428572
v -3.857143 0.052828 4.142857
v -3.857143 0.156265 3.857143
v -3.857143 0.286966 3.571429
v -3.857143 0.397476 3.285714
v -3.857143 0.526424 3.000000
v -3.857143 0.652091 2.714286
v -3.857143 0.704059 2.428571
v -3.857143 0.717018 2.142857
v -3.857143 0.702588 1.857143
v -3.857143 0.692608 1.571429
v -3.857143 0.725461 1.285714
v -3.857143 0.736475 1.000000
v -3.857143 0.803116 0.714286
v -3.857143 0.834449 0.428571
v -3.857143 0.879475 0.142857
v -3.857143 0.933842 -0.142857
v -3.857143 0.908132 -0.428571
v -3.857143 0.890601 -0.714286
v -3.857143 0.873774 -1.000000
v -3.857143 0.899739 -1.285714
v -3.857143 0.959439 -1.571429
v -3.857143 0.987782 -1.857143
v -3.857143 1.001574 -2.142857
v -3.857143 0.934728 -2.428571
v -3.857143 0.862159 -2.714286
v -3.857143 0.726929 -3.000000
v -3.857143 0.594288 -3.285714
v -3.857143 0.413489 -3.571429
v -3.857143 0.230466 -3.857143
v -3.857143 0.075927 -4.142857
v -3.857143 0.002333 -4.428572
v -3.857143 0.000000 -4.714286
v -3.857143 0.000000 -5.000000
v -3.571429 0.000000 5.000000
v -3.571429 0.000000 4.714286
v -3.571429 0.026441 4.428572
v -3.571429 0.124087 4.142857
v -3.571429 0.271288 3.857143
v -3.571429 0.442976 3.571429
v -3.571429 0.574619 3.285714
v -3.571429 0.710011 3.000000
v -3.571429 0.803692 2.714286
v -3.571429 0.879649 2.428571
v -3.571429 0.938778 2.142857
v -3.571429 0.949056 1.857143
v -3.571429 0.932253 1.571429
v -3.571429 0.894205 1.285714
v -3.571429 0.991853 1.000000
v -3.571429 1.102482 0.714286
v -3.571429 1.164755 0.428571
v -3.571429 1.227440 0.142857
v -3.571429 1.258173 -0.142857
v -3.571429 1.262106 -0.428571
v -3.571429 1.230778 -0.714286
v -3.571429 1.189459 -1.000000
v -3.571429 1.235941 -1.285714
v -3.571429 1.272147 -1.571429
v -3.571429 1.270437 -1.857143
v -3.571429 1.341708 -2.142857
v -3.571429 1.260609 -2.428571
v -3.571429 1.161176 -2.714286
v -3.571429 1.014633 -3.000000
v -3.571429 0.823193 -3.285714
v -3.571429 0.620931 -3.571429
v -3.571429 0.386786 -3.857143
v -3.571429 0.182218 -4.142857
v -3.571429 0.040554 -4.428572
v -3.571429 0.000000 -4.714286
v -3.571429 0.000000 -5.000000
v -3.285714 0.000000 5.000000
v -3.285714 0.000886 4.714286
v -3.285714 0.068577 4.428572
v -3.285714 0.215952 4.142857
v -3.285714 0.387703 3.857143
v -3.285714 0.562796 3.571429
v -3.285714 0.711591 3.285714
v -3.285714 0.844963 3.000000
v -3.285714 0.945174 2.714286
v -3.285714 1.050191 2.428571
v -3.285714 1.120223 2.142857
v -3.285714 1.178104 1.857143
v -3.285714 1.150729 1.571429
v -3.285714 1.127946 1.285714
v -3.285714 1.246362 1.000000
v -3.285714 1.374410 0.714286
v -3.285714 1.466169 0.428571
v -3.285714 1.504674 0.142857
v -3.285714 1.492351 -0.142857
v -3.285714 1.550736 -0.428571
v -3.285714 1.585271 -0.714286
v -3.285714 1.590755 -1.000000
v -3.285714 1.563445 -1.285714
v -3.285714 1.589308 -1.571429
v -3.285714 1.650756 -1.857143
v -3.285714 1.694059 -2.142857
v -3.285714 1.574116 -2.428571
v -3.285714 1.447814 -2.714286
v -3.285714 1.272944 -3.000000
v -3.285714 1.022678 -3.285714
v -3.285714 0.819926 -3.571429
v -3.285714 0.552436 -3.857143
v -3.285714 0.290600 -4.142857
v -3.285714 0.097815 -4.428572
v -3.285714 0.001319 -4.714286
v -3.285714 0.000000 -5.000000
v -3.000000 0.000000 5.000000
v -3.000000 0.010331 4.714286
v -3.000000 0.112163 4.428572
v -3.000000 0.286382 4.142857
v -3.000000 0.484162 3.857143
v -3.000000 0.638039 3.571429
v -3.000000 0.802009 3.285714
v -3.000000 0.920334 3.000000
v -3.000000 1.054564 2.714286
v -3.000000 1.147704 2.428571
v -3.000000 1.250975 2.142857
v -3.000000 1.351833 1.857143
v -3.000000 1.353239 1.571429
v -3.000000 1.310371 1.285714
v -3.000000 1.465437 1.000000
v -3.000000 1.630356 0.714286
v -3.000000 1.753614 0.428571
v -3.000000 1.738470 0.142857
v -3.000000 1.696588 -0.142857
v -3.000000 1.776092 -0.428571
v -3.000000 1.867385 -0.714286
v -3.000000 1.962266 -1.000000
v -3.000000 1.891304 -1.285714
v -3.000000 1.947238 -1.571429
v -3.000000 1.991646 -1.857143
v -3.000000 2.042245 -2.142857
v -3.000000 2.006441 -2.428571
v -3.000000 1.758463 -2.714286
v -3.000000 1.601885 -3.000000
v -3.000000 1.321811 -3.285714
v -3.000000 1.014294 -3.571429
v -3.000000 0.706924 -3.857143
v -3.000000 0.397678 -4.142857
v -3.000000 0.160665 -4.428572
v -3.000000 0.015522 -4.714286
v -3.000000 0.000000 -5.000000
v -2.714286 0.000000 5.000000
v -2.714286 0.026001 4.714286
v -2.714286 0.162794 4.428572
v -2.714286 0.372469 4.142857
v -2.714286 0.593299 3.857143
v -2.714286 0.732293 3.571429
v -2.714286 0.902411 3.285714
v -2.714286 1.030943 3.000000
v -2.714286 1.160567 2.714286
v -2.714286 1.251464 2.428571
v -2.714286 1.442130 2.142857
v -2.714286 1.580052 1.857143
v -2.714286 1.621669 1.571429
v -2.714286 1.598815 1.285714
v -2.714286 1.779003 1.000000
v -2.714286 1.998565 0.714286
v -2.714286 2.148062 0.428571
v -2.714286 2.143041 0.142857
v -2.714286 2.148066 -0.142857
v -2.714286 2.092304 -0.428571
v -2.714286 2.214226 -0.714286
v -2.714286 2.266140 -1.000000
v -2.714286 2.190501 -1.285714
v -2.714286 2.201012 -1.571429
v -2.714286 2.300105 -1.857143
v -2.714286 2.377152 -2.142857
v -2.714286 2.489465 -2.428571
v -2.714286 2.250722 -2.714286
v -2.714286 2.003486 -3.000000
v -2.714286 1.646991 -3.285714
v -2.714286 1.177209 -3.571429
v -2.714286 0.813196 -3.857143
v -2.714286 0.490995 -4.142857
v -2.714286 0.218311 -4.428572
v -2.714286 0.036565 -4.714286
v -2.714286 0.000000 -5.000000
v -2.428571 0.000000 5.000000
v -2.428571 0.042265 4.714286
v -2.428571 0.201242 4.428572
v -2.428571 0.432818 4.142857
v -2.428571 0.636589 3.857143
v -2.428571 0.843375 3.571429
v -2.428571 0.990257 3.285714
v -2.428571 1.158854 3.000000
v -2.428571 1.282052 2.714286
v -2.428571 1.441193 2.428571
v -2.428571 1.601085 2.142857
v -2.428571 1.873596 1.857143
v -2.428571 1.918327 1.571429
v -2.428571 1.974210 1.285714
v -2.428571 2.097375 1.000000
v -2.428571 2.317472 0.714286
v -2.428571 2.525534 0.428571
v -2.428571 2.542319 0.142857
v -2.428571 2.494021 -0.142857
v -2.428571 2.475633 -0.428571
v -2.428571 2.534342 -0.714286
v -2.428571 2.651311 -1.000000
v -2.428571 2.584704 -1.285714
v -2.428571 2.588636 -1.571429
v -2.428571 2.697636 -1.857143
v -2.428571 2.655879 -2.142857
v -2.428571 2.676657 -2.428571
v -2.428571 2.499511 -2.714286
v -2.428571 2.230391 -3.000000
v -2.428571 1.923034 -3.285714
v -2.428571 1.413214 -3.571429
v -2.428571 0.952981 -3.857143
v -2.428571 0.577692 -4.142857
v -2.428571 0.269479 -4.428572
v -2.428571 0.055856 -4.714286
v -2.428571 0.000000 -5.000000
v -2.142857 0.000000 5.000000
v -2.142857 0.057663 4.714286
v -2.142857 0.227202 4.428572
v -2.142857 0.471418 4.142857
v -2.142857 0.703891 3.857143
v -2.142857 0.904028 3.571429
v -2.142857 1.072886 3.285714
v -2.142857 1.234646 3.000000
v -2.142857 1.415073 2.714286
v -2.142857 1.601136 2.428571
v -2.142857 1.774091 2.142857
v -2.142857 2.020751 1.857143
v -2.142857 2.238131 1.571429
v -2.142857 2.443210 1.285714
v -2.142857 2.524382 1.000000
v -2.142857 2.686842 0.714286
v -2.142857 2.859849 0.428571
v -2.142857 2.898255 0.142857
v -2.142857 2.898373 -0.142857
v -2.142857 2.743285 -0.428571
v -2.142857 2.876714 -0.714286
v -2.142857 2.986855 -1.000000
v -2.142857 2.937078 -1.285714
v -2.142857 2.873935 -1.571429
v -2.142857 2.830343 -1.857143
v -2.142857 2.848833 -2.142857
v -2.142857 2.783679 -2.428571
v -2.142857 2.606383 -2.714286
v -2.142857 2.314205 -3.000000
v -2.142857 1.996179 -3.285714
v -2.142857 1.503378 -3.571429
v -2.142857 1.053461 -3.857143
v -2.142857 0.649548 -4.142857
v -2.142857 0.314654 -4.428572
v -2.142857 0.075115 -4.714286
v -2.142857 0.000000 -5.000000
v -1.857143 0.000000 5.000000
v -1.857143 0.070094 4.714286
v -1.857143 0.249054 4.428572
v -1.857143 0.517506 4.142857
v -1.857143 0.814291 3.857143
v -1.857143 1.049372 3.571429
v -1.857143 1.203470 3.285714
v -1.857143 1.432997 3.000000
v -1.857143 1.615472 2.714286
v -1.857143 1.826089 2.428571
v -1.857143 2.093823 2.142857
v -1.857143 2.336803 1.857143
v -1.857143 2.534262 1.571429
v -1.857143 2.839941 1.285714
v -1.857143 2.928520 1.000000
v -1.857143 3.046464 0.714286
v -1.857143 3.234762 0.428571
v -1.857143 3.289093 0.142857
v -1.857143 3.243700 -0.142857
v -1.857143 3.276696 -0.428571
v -1.857143 3.251148 -0.714286
v -1.857143 3.156591 -1.000000
v -1.857143 3.137298 -1.285714
v -1.857143 2.868679 -1.571429
v -1.857143 2.892641 -1.857143
v -1.857143 2.882517 -2.142857
v -1.857143 2.754765 -2.428571
v -1.857143 2.700304 -2.714286
v -1.857143 2.346869 -3.000000
v -1.857143 1.995116 -3.285714
v -1.857143 1.556932 -3.571429
v -1.857143 1.127682 -3.857143
v -1.857143 0.702590 -4.142857
v -1.857143 0.340409 -4.428572
v -1.857143 0.087460 -4.714286
v -1.857143 0.000000 -5.000000
v -1.571429 0.000000 5.000000
v -1.571429 0.082925 4.714286
v -1.571429 0.282548 4.428572
v -1.571429 0.584319 4.142857
v -1.571429 0.930515 3.857143
v -1.571429 1.227804 3.571429
v -1.571429 1.474033 3.285714
v -1.571429 1.654693 3.000000
v -1.571429 1.791782 2.714286
v -1.571429 1.983963 2.428571
v -1.571429 2.449465 2.142857
v -1.571429 2.726427 1.857143
v -1.571429 2.848327 1.571429
v -1.571429 3.087206 1.285714
v -1.571429 3.329155 1.000000
v -1.571429 3.359178 0.714286
v -1.571429 3.474969 0.428571
v -1.571429 3.477496 0.142857
v -1.571429 3.453505 -0.142857
v -1.571429 3.438118 -0.428571
v -1.571429 3.489031 -0.714286
v -1.571429 3.333236 -1.000000
v -1.571429 3.159043 -1.285714
v -1.571429 2.974727 -1.571429
v -1.571429 2.886755 -1.857143
v -1.571429 2.763730 -2.142857
v -1.571429 2.668886 -2.428571
v -1.571429 2.607649 -2.714286
v -1.571429 2.368192 -3.000000
v -1.571429 2.083411 -3.285714
v -1.571429 1.597061 -3.571429
v -1.571429 1.155811 -3.857143
v -1.571429 0.740021 -4.142857
v -1.571429 0.373288 -4.428572
v -1.571429 0.096389 -4.714286
v -1.571429 0.000000 -5.000000
v -1.285714 0.000000 5.000000
v -1.285714 0.088639 4.714286
v -1.285714 0.327721 4.428572
v -1.285714 0.661641 4.142857
v -1.285714 0.955674 3.857143
v -1.285714 1.298938 3.571429
v -1.285714 1.624135 3.285714
v -1.285714 1.953876 3.000000
v -1.285714 2.228493 2.714286
v -1.285714 2.443328 2.428571
v -1.285714 2.791849 2.142857
v -1.285714 3.104301 1.857143
v -1.285714 3.254302 1.571429
v -1.285714 3.493304 1.285714
v -1.285714 3.714885 1.000000
v -1.285714 3.801019 0.714286
v -1.285714 3.921498 0.428571
v -1.285714 3.769452 0.142857
v -1.285714 3.638807 -0.142857
v -1.285714 3.692249 -0.428571
v -1.285714 3.608033 -0.714286
v -1.285714 3.311816 -1.000000
v -1.285714 3.082590 -1.285714
v -1.285714 3.037766 -1.571429
v -1.285714 2.984185 -1.857143
v -1.285714 2.839666 -2.142857
v -1.285714 2.846335 -2.428571
v -1.285714 2.694605 -2.714286
v -1.285714 2.464499 -3.000000
v -1.285714 2.111643 -3.285714
v -1.285714 1.698397 -3.571429
v -1.285714 1.204454 -3.857143
v -1.285714 0.795640 -4.142857
v -1.285714 0.394462 -4.428572
v -1.285714 0.107598 -4.714286
v -1.285714 0.000000 -5.000000
v -1.000000 0.000000 5.000000
v -1.000000 0.095657 4.714286
v -1.000000 0.349270 4.428572
v -1.000000 0.677445 4.142857
v -1.000000 1.034900 3.857143
v -1.000000 1.424398 3.571429
v -1.000000 1.808980 3.285714
v -1.000000 2.148726 3.000000
v -1.000000 2.434395 2.714286
v -1.000000 2.780251 2.428571
v -1.000000 3.126465 2.142857
v -1.000000 3.389522 1.857143
v -1.000000 3.463742 1.571429
v -1.000000 3.626777 1.285714
v -1.000000 4.029890 1.000000
v -1.000000 4.186315 0.714286
v -1.000000 4.216006 0.428571
v -1.000000 4.192276 0.142857
v -1.000000 4.160610 -0.142857
v -1.000000 4.012918 -0.428571
v -1.000000 3.897487 -0.714286
v -1.000000 3.455720 -1.000000
v -1.000000 3.335711 -1.285714
v -1.000000 3.308998 -1.571429
v -1.000000 3.252196 -1.857143
v -1.000000 3.191264 -2.142857
v -1.000000 3.087030 -2.428571
v -1.000000 2.941027 -2.714286
v -1.000000 2.481066 -3.000000
v -1.000000 2.249732 -3.285714
v -1.000000 1.826958 -3.571429
v -1.000000 1.347303 -3.857143
v -1.000000 0.855591 -4.142857
v -1.000000 0.413568 -4.428572
v -1.000000 0.110072 -4.714286
v -1.000000 0.000000 -5.000000
v -0.714286 0.000000 5.000000
v -0.714286 0.098356 4.714286
v -0.714286 0.334150 4.428572
v -0.714286 0.687773 4.142857
v -0.714286 1.013771 3.857143
v -0.714286 1.424153 3.571429
v -0.714286 1.782416 3.285714
v -0.714286 2.144122 3.000000
v -0.714286 2.505217 2.714286
v -0.714286 2.798403 2.428571
v -0.714286 3.218482 2.142857
v -0.714286 3.481550 1.857143
v -0.714286 3.647943 1.571429
v -0.714286 3.789289 1.285714
v -0.714286 4.335034 1.000000
v -0.714286 4.308861 0.714286
v -0.714286 4.261875 0.428571
v -0.714286 4.417083 0.142857
v -0.714286 4.545343 -0.142857
v -0.714286 4.405315 -0.428571
v -0.714286 4.138074 -0.714286
v -0.714286 3.841374 -1.000000
v -0.714286 3.695593 -1.285714
v -0.714286 3.693743 -1.571429
v -0.714286 3.563810 -1.857143
v -0.714286 3.632610 -2.142857
v -0.714286 3.475306 -2.428571
v -0.714286 3.067505 -2.714286
v -0.714286 2.745188 -3.000000
v -0.714286 2.338997 -3.285714
v -0.714286 1.870604 -3.571429
v -0.714286 1.453740 -3.857143
v -0.714286 0.939663 -4.142857
v -0.714286 0.440492 -4.428572
v -0.714286 0.120829 -4.714286
v -0.714286 0.000000 -5.000000
v -0.428571 0.000000 5.000000
v -0.428571 0.092688 4.714286
v -0.428571 0.324021 4.428572
v -0.428571 0.625877 4.142857
v -0.428571 0.956061 3.857143
v -0.428571 1.359780 3.571429
v -0.428571 1.754264 3.285714
v -0.428571 2.152065 3.000000
v -0.428571 2.515623 2.714286
v -0.428571 2.774495 2.428571
v -0.428571 3.126852 2.142857
v -0.428571 3.524648 1.857143
v -0.428571 3.801520 1.571429
v -0.428571 4.059367 1.285714
v -0.428571 4.381876 1.000000
v -0.428571 4.365605 0.714286
v -0.428571 4.273052 0.428571
v -0.428571 4.321681 0.142857
v -0.428571 4.478099 -0.142857
v -0.428571 4.396284 -0.428571
v -0.428571 4.174490 -0.714286
v -0.428571 3.993036 -1.000000
v -0.428571 3.832410 -1.285714
v -0.428571 3.899113 -1.571429
v -0.428571 3.954108 -1.857143
v -0.428571 3.843994 -2.142857
v -0.428571 3.696091 -2.428571
v -0.428571 3.327047 -2.714286
v -0.428571 3.013782 -3.000000
v -0.428571 2.587798 -3.285714
v -0.428571 2.018634 -3.571429
v -0.428571 1.547529 -3.857143
v -0.428571 1.008302 -4.142857
v -0.428571 0.474613 -4.428572
v -0.428571 0.129053 -4.714286
v -0.428571 0.000000 -5.000000
v -0.142857 0.000000 5.000000
v -0.142857 0.091038 4.714286
v -0.142857 0.314130 4.428572
v -0.142857 0.621134 4.142857
v -0.142857 0.992288 3.857143
v -0.142857 1.344510 3.571429
v -0.142857 1.717597 3.285714
v -0.142857 2.191802 3.000000
v -0.142857 2.555803 2.714286
v -0.142857 2.867800 2.428571
v -0.142857 3.180576 2.142857
v -0.142857 3.540232 1.857143
v -0.142857 3.808490 1.571429
v -0.142857 4.106646 1.285714
v -0.142857 4.158617 1.000000
v -0.142857 4.215312 0.714286
v -0.142857 4.268481 0.428571
v -0.142857 4.278606 0.142857
v -0.142857 4.497304 -0.142857
v -0.142857 4.509359 -0.428571
v -0.142857 4.454329 -0.714286
v -0.142857 4.426053 -1.000000
v -0.142857 4.422547 -1.285714
v -0.142857 4.360685 -1.571429
v -0.142857 4.069184 -1.857143
v -0.142857 4.071579 -2.142857
v -0.142857 3.850810 -2.428571
v -0.142857 3.625657 -2.714286
v -0.142857 3.156251 -3.000000
v -0.142857 2.722618 -3.285714
v -0.142857 2.115400 -3.571429
v -0.142857 1.541349 -3.857143
v -0.142857 1.058583 -4.142857
v -0.142857 0.506793 -4.428572
v -0.142857 0.127308 -4.714286
v -0.142857 0.000000 -5.000000
v 0.142857 0.000000 5.000000
v 0.142857 0.090715 4.714286
v 0.142857 0.324713 4.428572
v 0.142857 0.644593 4.142857
v 0.142857 1.049125 3.857143
v 0.142857 1.424542 3.571429
v 0.142857 1.802484 3.285714
v 0.142857 2.288204 3.000000
v 0.142857 2.600080 2.714286
v 0.142857 2.894423 2.428571
v 0.142857 3.262346 2.142857
v 0.142857 3.703726 1.857143
v 0.142857 3.955566 1.571429
v 0.142857 4.066498 1.285714
v 0.142857 4.211790 1.000000
v 0.142857 4.234996 0.714286
v 0.142857 4.218562 0.428571
v 0.142857 4.428570 0.142857
v 0.142857 4.589627 -0.142857
v 0.142857 4.766346 -0.428571
v 0.142857 4.842516 -0.714286
v 0.142857 4.657868 -1.000000
v 0.142857 4.819251 -1.285714
v 0.142857 4.576727 -1.571429
v 0.142857 4.358482 -1.857143
v 0.142857 4.242029 -2.142857
v 0.142857 3.968881 -2.428571
v 0.142857 3.648077 -2.714286
v 0.142857 3.218886 -3.000000
v 0.142857 2.692690 -3.285714
v 0.142857 2.216114 -3.571429
v 0.142857 1.590159 -3.857143
v 0.142857 1.000485 -4.142857
v 0.142857 0.480683 -4.428572
v 0.142857 0.132388 -4.714286
v 0.142857 0.000000 -5.000000
v 0.428571 0.000000 5.000000
v 0.428571 0.096427 4.714286
v 0.428571 0.344117 4.428572
v 0.428571 0.656911 4.142857
v 0.428571 1.088191 3.857143
v 0.428571 1.511652 3.571429
v 0.428571 1.901105 3.285714
v 0.428571 2.273876 3.000000
v 0.428571 2.627916 2.714286
v 0.428571 2.902640 2.428571
v 0.428571 3.408742 2.142857
v 0.428571 3.806199 1.857143
v 0.428571 4.030637 1.571429
v 0.428571 4.363407 1.285714
v 0.428571 4.350995 1.000000
v 0.428571 4.407707 0.714286
v 0.428571 4.363965 0.428571
v 0.428571 4.453191 0.142857
v 0.428571 4.903963 -0.142857
v 0.428571 5.058045 -0.428571
v 0.428571 4.987573 -0.714286
v 0.428571 5.003669 -1.000000
v 0.428571 4.826468 -1.285714
v 0.428571 4.619220 -1.571429
v 0.428571 4.515543 -1.857143
v 0.428571 4.201349 -2.142857
v 0.428571 4.070636 -2.428571
v 0.428571 3.676891 -2.714286
v 0.428571 3.130825 -3.000000
v 0.428571 2.656257 -3.285714
v 0.428571 2.163683 -3.571429
v 0.428571 1.542596 -3.857143
v 0.428571 0.996908 -4.142857
v 0.428571 0.488791 -4.428572
v 0.428571 0.141185 -4.714286
v 0.428571 0.000000 -5.000000
v 0.714286 0.000000 5.000000
v 0.714286 0.101393 4.714286
v 0.714286 0.364325 4.428572
v 0.714286 0.710192 4.142857
v 0.714286 1.114070 3.857143
v 0.714286 1.549881 3.571429
v 0.714286 1.982048 3.285714
v 0.714286 2.296774 3.000000
v 0.714286 2.599342 2.714286
v 0.714286 2.908821 2.428571
v 0.714286 3.339346 2.142857
v 0.714286 3.708901 1.857143
v 0.714286 4.079906 1.571429
v 0.714286 4.361045 1.285714
v 0.714286 4.717765 1.000000
v 0.714286 4.700419 0.714286
v 0.714286 4.680393 0.428571
v 0.714286 4.686367 0.142857
v 0.714286 4.940153 -0.142857
v 0.714286 5.138787 -0.428571
v 0.714286 5.078121 -0.714286
v 0.714286 5.072284 -1.000000
v 0.714286 5.035356 -1.285714
v 0.714286 4.778904 -1.571429
v 0.714286 4.608925 -1.857143
v 0.714286 4.446726 -2.142857
v 0.714286 4.331065 -2.428571
v 0.714286 3.820873 -2.714286
v 0.714286 3.324492 -3.000000
v 0.714286 2.749669 -3.285714
v 0.714286 2.141801 -3.571429
v 0.714286 1.529520 -3.857143
v 0.714286 0.996526 -4.142857
v 0.714286 0.514768 -4.428572
v 0.714286 0.150236 -4.714286
v 0.714286 0.000000 -5.000000
v 1.000000 0.000000 5.000000
v 1.000000 0.106874 4.714286
v 1.000000 0.375402 4.428572
v 1.000000 0.747117 4.142857
v 1.000000 1.180623 3.857143
v 1.000000 1.595732 3.571429
v 1.000000 1.979741 3.285714
v 1.000000 2.272937 3.000000
v 1.000000 2.602508 2.714286
v 1.000000 2.994989 2.428571
v 1.000000 3.499416 2.142857
v 1.000000 3.791070 1.857143
v 1.000000 4.013179 1.571429
v 1.000000 4.453991 1.285714
v 1.000000 4.833388 1.000000
v 1.000000 5.039025 0.714286
v 1.000000 5.049161 0.428571
v 1.000000 4.802960 0.142857
v 1.000000 4.869211 -0.142857
v 1.000000 4.790617 -0.428571
v 1.000000 4.868527 -0.714286
v 1.000000 5.047890 -1.000000
v 1.000000 5.103892 -1.285714
v 1.000000 5.100176 -1.571429
v 1.000000 4.835321 -1.857143
v 1.000000 4.557220 -2.142857
v 1.000000 4.212368 -2.428571
v 1.000000 3.756573 -2.714286
v 1.000000 3.223608 -3.000000
v 1.000000 2.643942 -3.285714
v 1.000000 2.102397 -3.571429
v 1.000000 1.583792 -3.857143
v 1.000000 0.993504 -4.142857
v 1.000000 0.555791 -4.428572
v 1.000000 0.154593 -4.714286
v 1.000000 0.000000 -5.000000
v 1.285714 0.000000 5.000000
v 1.285714 0.112778 4.714286
v 1.285714 0.391394 4.428572
v 1.285714 0.752350 4.142857
v 1.285714 1.132185 3.857143
v 1.285714 1.517127 3.571429
v 1.285714 1.900808 3.285714
v 1.285714 2.231197 3.000000
v 1.285714 2.596392 2.714286
v 1.285714 3.025085 2.428571
v 1.285714 3.546089 2.142857
v 1.285714 3.854286 1.857143
v 1.285714 4.081072 1.571429
v 1.285714 4.865236 1.285714
v 1.285714 4.993963 1.000000
v 1.285714 5.182715 0.714286
v 1.285714 5.264251 0.428571
v 1.285714 5.167830 0.142857
v 1.285714 5.338374 -0.142857
v 1.285714 5.099738 -0.428571
v 1.285714 4.970030 -0.714286
v 1.285714 5.133703 -1.000000
v 1.285714 5.065629 -1.285714
v 1.285714 5.108321 -1.571429
v 1.285714 4.965360 -1.857143
v 1.285714 4.445494 -2.142857
v 1.285714 4.111908 -2.428571
v 1.285714 3.604840 -2.714286
v 1.285714 3.249605 -3.000000
v 1.285714 2.691481 -3.285714
v 1.285714 2.190568 -3.571429
v 1.285714 1.580527 -3.857143
v 1.285714 1.004683 -4.142857
v 1.285714 0.557003 -4.428572
v 1.285714 0.147011 -4.714286
v 1.285714 0.000000 -5.000000
v 1.571429 0.000000 5.000000
v 1.571429 0.107045 4.714286
v 1.571429 0.379678 4.428572
v 1.571429 0.730947 4.142857
v 1.571429 1.042652 3.857143
v 1.571429 1.464285 3.571429
v 1.571429 1.852787 3.285714
v 1.571429 2.244333 3.000000
v 1.571429 2.693974 2.714286
v 1.571429 3.033180 2.428571
v 1.571429 3.610244 2.142857
v 1.571429 3.943880 1.857143
v 1.571429 4.338331 1.571429
v 1.571429 4.760365 1.285714
v 1.571429 5.034258 1.000000
v 1.571429 5.248679 0.714286
v 1.571429 5.528758 0.428571
v 1.571429 5.578498 0.142857
v 1.571429 5.779428 -0.142857
v 1.571429 5.469209 -0.428571
v 1.571429 5.167072 -0.714286
v 1.571429 4.953569 -1.000000
v 1.571429 5.157675 -1.285714
v 1.571429 5.159688 -1.571429
v 1.571429 4.778255 -1.857143
v 1.571429 4.281322 -2.142857
v 1.571429 4.008146 -2.428571
v 1.571429 3.720141 -2.714286
v 1.571429 3.338890 -3.000000
v 1.571429 2.896215 -3.285714
v 1.571429 2.333776 -3.571429
v 1.571429 1.687119 -3.857143
v 1.571429 1.079738 -4.142857
v 1.571429 0.548131 -4.428572
v 1.571429 0.143599 -4.714286
v 1.571429 0.000000 -5.000000
v 1.857143 0.000000 5.000000
v 1.857143 0.096991 4.714286
v 1.857143 0.356870 4.428572
v 1.857143 0.677796 4.142857
v 1.857143 1.039710 3.857143
v 1.857143 1.463909 3.571429
v 1.857143 1.844906 3.285714
v 1.857143 2.404841 3.000000
v 1.857143 2.699709 2.714286
v 1.857143 3.063344 2.428571
v 1.857143 3.575334 2.142857
v 1.857143 4.086910 1.857143
v 1.857143 4.463161 1.571429
v 1.857143 4.737386 1.285714
v 1.857143 4.989890 1.000000
v 1.857143 5.145662 0.714286
v 1.857143 5.378896 0.428571
v 1.857143 5.559443 0.142857
v 1.857143 5.879045 -0.142857
v 1.857143 5.752383 -0.428571
v 1.857143 5.302220 -0.714286
v 1.857143 5.053194 -1.000000
v 1.857143 5.153219 -1.285714
v 1.857143 5.129393 -1.571429
v 1.857143 4.706888 -1.857143
v 1.857143 4.224471 -2.142857
v 1.857143 4.124740 -2.428571
v 1.857143 3.931837 -2.714286
v 1.857143 3.502257 -3.000000
v 1.857143 3.056223 -3.285714
v 1.857143 2.348974 -3.571429
v 1.857143 1.700214 -3.857143
v 1.857143 1.126576 -4.142857
v 1.857143 0.546543 -4.428572
v 1.857143 0.133049 -4.714286
v 1.857143 0.000000 -5.000000
v 2.142857 0.000000 5.000000
v 2.142857 0.079679 4.714286
v 2.142857 0.336103 4.428572
v 2.142857 0.681187 4.142857
v 2.142857 1.040234 3.857143
v 2.142857 1.441898 3.571429
v 2.142857 1.873028 3.285714
v 2.142857 2.312166 3.000000
v 2.142857 2.552468 2.714286
v 2.142857 3.005927 2.428571
v 2.142857 3.402683 2.142857
v 2.142857 3.717549 1.857143
v 2.142857 4.067772 1.571429
v 2.142857 4.562941 1.285714
v 2.142857 4.981643 1.000000
v 2.142857 5.086858 0.714286
v 2.142857 5.248616 0.428571
v 2.142857 5.354272 0.142857
v 2.142857 5.491505 -0.142857
v 2.142857 5.459607 -0.428571
v 2.142857 5.238275 -0.714286
v 2.142857 5.051396 -1.000000
v 2.142857 5.025520 -1.285714
v 2.142857 4.851137 -1.571429
v 2.142857 4.416111 -1.857143
v 2.142857 4.066333 -2.142857
v 2.142857 4.062762 -2.428571
v 2.142857 3.916693 -2.714286
v 2.142857 3.717885 -3.000000
v 2.142857 3.015216 -3.285714
v 2.142857 2.295416 -3.571429
v 2.142857 1.655750 -3.857143
v 2.142857 1.098253 -4.142857
v 2.142857 0.511828 -4.428572
v 2.142857 0.120202 -4.714286
v 2.142857 0.000000 -5.000000
v 2.428571 0.000000 5.000000
v 2.428571 0.063546 4.714286
v 2.428571 0.291449 4.428572
v 2.428571 0.593774 4.142857
v 2.428571 0.966661 3.857143
v 2.428571 1.331736 3.571429
v 2.428571 1.808400 3.285714
v 2.428571 2.197153 3.000000
v 2.428571 2.502373 2.714286
v 2.428571 2.810926 2.428571
v 2.428571 3.186072 2.142857
v 2.428571 3.390526 1.857143
v 2.428571 3.724253 1.571429
v 2.428571 4.449826 1.285714
v 2.428571 4.613104 1.000000
v 2.428571 5.006273 0.714286
v 2.428571 5.183643 0.428571
v 2.428571 5.113266 0.142857
v 2.428571 4.953285 -0.142857
v 2.428571 5.154626 -0.428571
v 2.428571 4.816573 -0.714286
v 2.428571 4.593908 -1.000000
v 2.428571 4.717738 -1.285714
v 2.428571 4.565055 -1.571429
v 2.428571 4.420055 -1.857143
v 2.428571 3.986288 -2.142857
v 2.428571 3.747623 -2.428571
v 2.428571 3.632742 -2.714286
v 2.428571 3.419255 -3.000000
v 2.428571 2.748107 -3.285714
v 2.428571 2.158749 -3.571429
v 2.428571 1.493029 -3.857143
v 2.428571 0.976460 -4.142857
v 2.428571 0.468509 -4.428572
v 2.428571 0.095834 -4.714286
v 2.428571 0.000000 -5.000000
v 2.714286 0.000000 5.000000
v 2.714286 0.043032 4.714286
v 2.714286 0.242980 4.428572
v 2.714286 0.525920 4.142857
v 2.714286 0.864657 3.857143
v 2.714286 1.196381 3.571429
v 2.714286 1.602982 3.285714
v 2.714286 1.997215 3.000000
v 2.714286 2.420961 2.714286
v 2.714286 2.763914 2.428571
v 2.714286 3.115056 2.142857
v 2.714286 3.310409 1.857143
v 2.714286 3.425143 1.571429
v 2.714286 3.937584 1.285714
v 2.714286 4.321491 1.000000
v 2.714286 4.447617 0.714286
v 2.714286 4.853891 0.428571
v 2.714286 4.770794 0.142857
v 2.714286 4.641690 -0.142857
v 2.714286 4.509257 -0.428571
v 2.714286 4.448690 -0.714286
v 2.714286 4.431035 -1.000000
v 2.714286 4.405382 -1.285714
v 2.714286 4.308477 -1.571429
v 2.714286 4.106788 -1.857143
v 2.714286 3.877126 -2.142857
v 2.714286 3.619910 -2.428571
v 2.714286 3.429615 -2.714286
v 2.714286 2.905682 -3.000000
v 2.714286 2.383227 -3.285714
v 2.714286 1.838185 -3.571429
v 2.714286 1.282133 -3.857143
v 2.714286 0.831819 -4.142857
v 2.714286 0.370351 -4.428572
v 2.714286 0.058757 -4.714286
v 2.714286 0.000000 -5.000000
v 3.000000 0.000000 5.000000
v 3.000000 0.019636 4.714286
v 3.000000 0.191518 4.428572
v 3.000000 0.457238 4.142857
v 3.000000 0.744210 3.857143
v 3.000000 1.090915 3.571429
v 3.000000 1.467403 3.285714
v 3.000000 1.847008 3.000000
v 3.000000 2.235847 2.714286
v 3.000000 2.613454 2.428571
v 3.000000 2.914135 2.142857
v 3.000000 3.054122 1.857143
v 3.000000 3.122843 1.571429
v 3.000000 3.524044 1.285714
v 3.000000 3.783862 1.000000
v 3.000000 4.074116 0.714286
v 3.000000 4.169276 0.428571
v 3.000000 4.039509 0.142857
v 3.000000 4.048217 -0.142857
v 3.000000 3.982371 -0.428571
v 3.000000 3.923606 -0.714286
v 3.000000 4.171743 -1.000000
v 3.000000 4.109589 -1.285714
v 3.000000 3.748044 -1.571429
v 3.000000 3.507204 -1.857143
v 3.000000 3.365851 -2.142857
v 3.000000 3.120664 -2.428571
v 3.000000 2.813711 -2.714286
v 3.000000 2.461353 -3.000000
v 3.000000 2.027869 -3.285714
v 3.000000 1.564982 -3.571429
v 3.000000 1.084652 -3.857143
v 3.000000 0.629817 -4.142857
v 3.000000 0.249943 -4.428572
v 3.000000 0.023546 -4.714286
v 3.000000 0.000000 -5.000000
v 3.285714 0.000000 5.000000
v 3.285714 0.001729 4.714286
v 3.285714 0.121163 4.428572
v 3.285714 0.363975 4.142857
v 3.285714 0.634931 3.857143
v 3.285714 0.969558 3.571429
v 3.285714 1.354056 3.285714
v 3.285714 1.653724 3.000000
v 3.285714 1.962391 2.714286
v 3.285714 2.295699 2.428571
v 3.285714 2.641523 2.142857
v 3.285714 2.711649 1.857143
v 3.285714 2.842033 1.571429
v 3.285714 2.921597 1.285714
v 3.285714 3.221527 1.000000
v 3.285714 3.201013 0.714286
v 3.285714 3.377881 0.428571
v 3.285714 3.307650 0.142857
v 3.285714 3.354549 -0.142857
v 3.285714 3.284151 -0.428571
v 3.285714 3.306935 -0.714286
v 3.285714 3.452615 -1.000000
v 3.285714 3.395271 -1.285714
v 3.285714 3.181366 -1.571429
v 3.285714 2.918562 -1.857143
v 3.285714 2.835886 -2.142857
v 3.285714 2.658304 -2.428571
v 3.285714 2.325746 -2.714286
v 3.285714 2.066605 -3.000000
v 3.285714 1.665461 -3.285714
v 3.285714 1.197175 -3.571429
v 3.285714 0.791369 -3.857143
v 3.285714 0.432050 -4.142857
v 3.285714 0.142984 -4.428572
v 3.285714 0.001985 -4.714286
v 3.285714 0.000000 -5.000000
v 3.571429 0.000000 5.000000
v 3.571429 0.000000 4.714286
v 3.571429 0.047255 4.428572
v 3.571429 0.213036 4.142857
v 3.571429 0.448827 3.857143
v 3.571429 0.743408 3.571429
v 3.571429 1.060248 3.285714
v 3.571429 1.436120 3.000000
v 3.571429 1.723217 2.714286
v 3.571429 2.014846 2.428571
v 3.571429 2.116578 2.142857
v 3.571429 2.191009 1.857143
v 3.571429 2.373260 1.571429
v 3.571429 2.568095 1.285714
v 3.571429 2.643394 1.000000
v 3.571429 2.655058 0.714286
v 3.571429 2.713672 0.428571
v 3.571429 2.695247 0.142857
v 3.571429 2.623262 -0.142857
v 3.571429 2.700090 -0.428571
v 3.571429 2.745807 -0.714286
v 3.571429 2.714106 -1.000000
v 3.571429 2.687165 -1.285714
v 3.571429 2.486914 -1.571429
v 3.571429 2.301305 -1.857143
v 3.571429 2.186021 -2.142857
v 3.571429 2.081557 -2.428571
v 3.571429 1.851299 -2.714286
v 3.571429 1.576285 -3.000000
v 3.571429 1.253106 -3.285714
v 3.571429 0.902925 -3.571429
v 3.571429 0.551403 -3.857143
v 3.571429 0.266248 -4.142857
v 3.571429 0.055375 -4.428572
v 3.571429 0.000000 -4.714286
v 3.571429 0.000000 -5.000000
v 3.857143 0.000000 5.000000
v 3.857143 0.000000 4.714286
v 3.857143 0.002888 4.428572
v 3.857143 0.093092 4.142857
v 3.857143 0.260182 3.857143
v 3.857143 0.478911 3.571429
v 3.857143 0.711203 3.285714
v 3.857143 1.027389 3.000000
v 3.857143 1.318439 2.714286
v 3.857143 1.550930 2.428571
v 3.857143 1.582815 2.142857
v 3.857143 1.640653 1.857143
v 3.857143 1.738534 1.571429
v 3.857143 1.865295 1.285714
v 3.857143 1.936479 1.000000
v 3.857143 2.035566 0.714286
v 3.857143 2.013305 0.428571
v 3.857143 1.991228 0.142857
v 3.857143 1.929942 -0.142857
v 3.857143 2.106584 -0.428571
v 3.857143 2.091793 -0.714286
v 3.857143 1.994766 -1.000000
v 3.857143 1.965754 -1.285714
v 3.857143 1.843533 -1.571429
v 3.857143 1.785557 -1.857143
v 3.857143 1.686569 -2.142857
v 3.857143 1.619286 -2.428571
v 3.857143 1.368513 -2.714286
v 3.857143 1.107515 -3.000000
v 3.857143 0.836048 -3.285714
v 3.857143 0.565002 -3.571429
v 3.857143 0.309393 -3.857143
v 3.857143 0.106723 -4.142857
v 3.857143 0.003231 -4.428572
v 3.857143 0.000000 -4.714286
v 3.857143 0.000000 -5.000000
v 4.142857 0.000000 5.000000
v 4.142857 0.000000 4.714286
v 4.142857 0.000000 4.428572
v 4.142857 0.010284 4.142857
v 4.142857 0.094223 3.857143
v 4.142857 0.224693 3.571429
v 4.142857 0.389130 3.285714
v 4.142857 0.579318 3.000000
v 4.142857 0.762956 2.714286
v 4.142857 0.952384 2.428571
v 4.142857 1.029702 2.142857
v 4.142857 1.069330 1.857143
v 4.142857 1.162474 1.571429
v 4.142857 1.202654 1.285714
v 4.142857 1.273093 1.000000
v 4.142857 1.289896 0.714286
v 4.142857 1.251580 0.428571
v 4.142857 1.327001 0.142857
v 4.142857 1.371304 -0.142857
v 4.142857 1.369274 -0.428571
v 4.142857 1.384514 -0.714286
v 4.142857 1.360849 -1.000000
v 4.142857 1.331335 -1.285714
v 4.142857 1.276302 -1.571429
v 4.142857 1.198656 -1.857143
v 4.142857 1.130727 -2.142857
v 4.142857 1.029423 -2.428571
v 4.142857 0.870553 -2.714286
v 4.142857 0.635272 -3.000000
v 4.142857 0.439215 -3.285714
v 4.142857 0.264258 -3.571429
v 4.142857 0.105547 -3.857143
v 4.142857 0.010923 -4.142857
v 4.142857 0.000000 -4.428572
v 4.142857 0.000000 -4.714286
v 4.142857 0.000000 -5.000000
v 4.428572 0.000000 5.000000
v 4.428572 0.000000 4.714286
v 4.428572 0.000000 4.428572
v 4.428572 0.000000 4.142857
v 4.428572 0.002801 3.857143
v 4.428572 0.045931 3.571429
v 4.428572 0.122003 3.285714
v 4.428572 0.216074 3.000000
v 4.428572 0.330125 2.714286
v 4.428572 0.430696 2.428571
v 4.428572 0.502894 2.142857
v 4.428572 0.522172 1.857143
v 4.428572 0.577277 1.571429
v 4.428572 0.624566 1.285714
v 4.428572 0.669143 1.000000
v 4.428572 0.652559 0.714286
v 4.428572 0.624939 0.428571
v 4.428572 0.664040 0.142857
v 4.428572 0.700876 -0.142857
v 4.428572 0.704781 -0.428571
v 4.428572 0.685941 -0.714286
v 4.428572 0.672519 -1.000000
v 4.428572 0.655456 -1.285714
v 4.428572 0.622615 -1.571429
v 4.428572 0.564609 -1.857143
v 4.428572 0.538092 -2.142857
v 4.428572 0.485322 -2.428571
v 4.428572 0.387958 -2.714286
v 4.428572 0.255894 -3.000000
v 4.428572 0.138621 -3.285714
v 4.428572 0.051385 -3.571429
v 4.428572 0.002847 -3.857143
v 4.428572 0.000000 -4.142857
v 4.428572 0.000000 -4.428572
v 4.428572 0.000000 -4.714286
v 4.428572 0.000000 -5.000000
v 4.714286 0.000000 5.000000
v 4.714286 0.000000 4.714286
v 4.714286 0.000000 4.428572
v 4.714286 0.000000 4.142857
v 4.714286 0.000000 3.857143
v 4.714286 0.000000 3.571429
v 4.714286 0.001688 3.285714
v 4.714286 0.020811 3.000000
v 4.714286 0.053819 2.714286
v 4.714286 0.088084 2.428571
v 4.714286 0.116700 2.142857
v 4.714286 0.140040 1.857143
v 4.714286 0.159472 1.571429
v 4.714286 0.178204 1.285714
v 4.714286 0.192009 1.000000
v 4.714286 0.199009 0.714286
v 4.714286 0.196902 0.428571
v 4.714286 0.190733 0.142857
v 4.714286 0.205538 -0.142857
v 4.714286 0.204464 -0.428571
v 4.714286 0.200298 -0.714286
v 4.714286 0.191703 -1.000000
v 4.714286 0.184064 -1.285714
v 4.714286 0.166601 -1.571429
v 4.714286 0.146372 -1.857143
v 4.714286 0.131262 -2.142857
v 4.714286 0.100686 -2.428571
v 4.714286 0.059349 -2.714286
v 4.714286 0.024281 -3.000000
v 4.714286 0.001830 -3.285714
v 4.714286 0.000000 -3.571429
v 4.714286 0.000000 -3.857143
v 4.714286 0.000000 -4.142857
v 4.714286 0.000000 -4.428572
v 4.714286 0.000000 -4.714286
v 4.714286 0.000000 -5.000000
v 5.000000 0.000000 5.000000
v 5.000000 0.000000 4.714286
v 5.000000 0.000000 4.428572
v 5.000000 0.000000 4.142857
v 5.000000 0.000000 3.857143
v 5.000000 0.000000 3.571429
v 5.000000 0.000000 3.285714
v 5.000000 0.000000 3.000000
v 5.000000 0.000000 2.714286
v 5.000000 0.000000 2.428571
v 5.000000 0.000000 2.142857
v 5.000000 0.000000 1.857143
v 5.000000 0.000000 1.571429
v 5.000000 0.000000 1.285714
v 5.000000 0.000000 1.000000
v 5.000000 0.000000 0.714286
v 5.000000 0.000000 0.428571
v 5.000000 0.000000 0.142857
v 5.000000 0.000000 -0.142857
v 5.000000 0.000000 -0.428571
v 5.000000 0.000000 -0.714286
v 5.000000 0.000000 -1.000000
v 5.000000 0.000000 -1.285714
v 5.000000 0.000000 -1.571429
v 5.000000 0.000000 -1.857143
v 5.000000 0.000000 -2.142857
v 5.000000 0.000000 -2.428571
v 5.000000 0.000000 -2.714286
v 5.000000 0.000000 -3.000000
v 5.000000 0.000000 -3.285714
v 5.000000 0.000000 -3.571429
v 5.000000 0.000000 -3.857143
v 5.000000 0.000000 -4.142857
v 5.000000 0.000000 -4.428572
v 5.000000 0.000000 -4.714286
v 5.000000 0.000000 -5.000000
s 1
f 2 1 37 38
f 3 2 38 39
f 4 3 39 40
f 5 4 40 41
f 6 5 41 42
f 7 6 42 43
f 8 7 43 44
f 9 8 44 45
f 10 9 45 46
f 11 10 46 47
f 12 11 47 48
f 13 12 48 49
f 14 13 49 50
f 15 14 50 51
f 16 15 51 52
f 17 16 52 53
f 18 17 53 54
f 19 18 54 55
f 20 19 55 56
f 21 20 56 57
f 22 21 57 58
f 23 22 58 59
f 24 23 59 60
f 25 24 60 61
f 26 25 61 62
f 27 26 62 63
f 28 27 63 64
f 29 28 64 65
f 30 29 65 66
f 31 30 66 67
f 32 31 67 68
f 33 32 68 69
f 34 33 69 70
f 35 34 70 71
f 36 35 71 72
f 38 37 73 74
f 39 38 74 75
f 40 39 75 76
f 41 40 76 77
f 42 41 77 78
f 43 42 78 79
f 44 43 79 80
f 45 44 80 81
f 46 45 81 82
f 47 46 82 83
f 48 47 83 84
f 49 48 84 85
f 50 49 85 86
f 51 50 86 87
f 52 51 87 88
f 53 52 88 89
f 54 53 89 90
f 55 54 90 91
f 56 55 91 92
f 57 56 92 93
f 58 57 93 94
f 59 58 94 95
f 60 59 95 96
f 61 60 96 97
f 62 61 97 98
f 63 62 98 99
f 64 63 99 100
f 65 64 100 101
f 66 65 101 102
f 67 66 102 103
f 68 67 103 104
f 69 68 104 105
f 70 69 105 106
f 71 70 106 107
f 72 71 107 108
f 74 73 109 110
f 75 74 110 111
f 76 75 111 112
f 77 76 112 113
f 78 77 113 114
f 79 78 114 115
f 80 79 115 116
f 81 80 116 117
f 82 81 117 118
f 83 82 118 119
f 84 83 119 120
f 85 84 120 121
f 86 85 121 122
f 87 86 122 123
f 88 87 123 124
f 89 88 124 125
f 90 89 125 126
f 91 90 126 127
f 92 91 127 128
f 93 92 128 129
f 94 93 129 130
f 95 94 130 131
f 96 95 131 132
f 97 96 132 133
f 98 97 133 134
f 99 98 134 135
f 100 99 135 136
f 101 100 136 137
f 102 101 137 138
f 103 102 138 139
f 104 103 139 140
f 105 104 140 141
f 106 105 141 142
f 107 106 142 143
f 108 107 143 144
f 110 109 145 146
f 111 110 146 147
f 112 111 147 148
f 113 112 148 149
f 114 113 149 150
f 115 114 150 151
f 116 115 151 152
f 117 116 152 153
f 118 117 153 154
f 119 118 154 155
f 120 119 155 156
f 121 120 156 157
f 122 121 157 158
f 123 122 158 159
f 124 123 159 160
f 125 124 160 161
f 126 125 161 162
f 127 126 162 163
f 128 127 163 164
f 129 128 164 165
f 130 129 165 166
f 131 130 166 167
f 132 131 167 168
f 133 132 168 169
f 134 133 169 170
f 135 134 170 171
f 136 135 171 172
f 137 136 172 173
f 138 137 173 174
f 139 138 174 175
f 140 139 175 176
f 141 140 176 177
f 142 141 177 178
f 143 142 178 179
f 144 143 179 180
f 146 145 181 182
f 147 146 182 183
f 148 147 183 184
f 149 148 184 185
f 150 149 185 186
f 151 150 186 187
f 152 151 187 188
f 153 152 188 189
f 154 153 189 190
f 155 154 190 191
f 156 155 191 192
f 157 156 192 193
f 158 157 193 194
f 159 158 194 195
f 160 159 195 196
f 161 160 196 197
f 162 161 197 198
f 163 162 198 199
f 164 163 199 200
f 165 164 200 201
f 166 165 201 202
f 167 166 202 203
f 168 167 203 204
f 169 168 204 205
f 170 169 205 206
f 171 170 206 207
f 172 171 207 208
f 173 172 208 209
f 174 173 209 210
f 175 174 210 211
f 176 175 211 212
f 177 176 212 213
f 178 177 213 214
f 179 178 214 215
f 180 179 215 216
f 182 181 217 218
f 183 182 218 219
f 184 183 219 220
f 185 184 220 221
f 186 185 221 222
f 187 186 222 223
f 188 187 223 224
f 189 188 224 225
f 190 189 225 226
f 191 190 226 227
f 192 191 227 228
f 193 192 228 229
f 194 193 229 230
f 195 194 230 231
f 196 195 231 232
f 197 196 232 233
f 198 197 233 234
f 199 198 234 235
f 200 199 235 236
f 201 200 236 237
f 202 201 237 238
f 203 202 238 239
f 204 203 239 240
f 205 204 240 241
f 206 205 241 242
f 207 206 242 243
f 208 207 243 244
f 209 208 244 245
f 210 209 245 246
f 211 210 246 247
f 212 211 247 248
f 213 212 248 249
f 214 213 249 250
f 215 214 250 251
f 216 215 251 252
f 218 217 253 254
f 219 218 254 255
f 220 219 255 256
f 221 220 256 257
f 222 221 257 258
f 223 222 258 259
f 224 223 259 260
f 225 224 260 261
f 226 225 261 262
f 227 226 262 263
f 228 227 263 264
f 229 228 264 265
f 230 229 265 266
f 231 230 266 267
f 232 231 267 268
f 233 232 268 269
f 234 233 269 270
f 235 234 270 271
f 236 235 271 272
f 237 236 272 273
f 238 237 273 274
f 239 238 274 275
f 240 239 275 276
f 241 240 276 277
f 242 241 277 278
f 243 242 278 279
f 244 243 279 280
f 245 244 280 281
f 246 245 281 282
f 247 246 282 283
f 248 247 283 284
f 249 248 284 285
f 250 249 285 286
f 251 250 286 287
f 252 251 287 288
f 254 253 289 290
f 255 254 290 291
f 256 255 291 292
f 257 256 292 293
f 258 257 293 294
f 259 258 294 295
f 260 259 295 296
f 261 260 296 297
f 262 261 297 298
f 263 262 298 299
f 264 263 299 300
f 265 264 300 301
f 266 265 301 302
f 267 266 302 303
f 268 267 303 304
f 269 268 304 305
f 270 269 305 306
f 271 270 306 307
f 272 271 307 308
f 273 272 308 309
f 274 273 309 310
f 275 274 310 311
f 276 275 311 312
f 277 276 312 313
f 278 277 313 314
f 279 278 314 315
f 280 279 315 316
f 281 280 316 317
f 282 281 317 318
f 283 282 318 319
f 284 283 319 320
f 285 284 320 321
f 286 285 321 322
f 287 286 322 323
f 288 287 323 324
f 290 289 325 326
f 291 290 326 327
f 292 291 327 328
f 293 292 328 329
f 294 293 329 330
f 295 294 330 331
f 296 295 331 332
f 297 296 332 333
f 298 297 333 334
f 299 298 334 335
f 300 299 335 336
f 301 300 336 337
f 302 301 337 338
f 303 302 338 339
f 304 303 339 340
f 305 304 340 341
f 306 305 341 342
f 307 306 342 343
f 308 307 343 344
f 309 308 344 345
f 310 309 345 346
f 311 310 346 347
f 312 311 347 348
f 313 312 348 349
f 314 313 349 350
f 315 314 350 351
f 316 315 351 352
f 317 316 352 353
f 318 317 353 354
f 319 318 354 355
f 320 319 355 356
f 321 320 356 357
f 322 321 357 358
f 323 322 358 359
f 324 323 359 360
f 326 325 361 362
f 327 326 362 363
f 328 327 363 364
f 329 328 364 365
f 330 329 365 366
f 331 330 366 367
f 332 331 367 368
f 333 332 368 369
f 334 333 369 370
f 335 334 370 371
f 336 335 371 372
f 337 336 372 373
f 338 337 373 374
f 339 338 374 375
f 340 339 375 376
f 341 340 376 377
f 342 341 377 378
f 343 342 378 379
f 344 343 379 380
f 345 344 380 381
f 346 345 381 382
f 347 346 382 383
f 348 347 383 384
f 349 348 384 385
f 350 349 385 386
f 351 350 386 387
f 352 351 387 388
f 353 352 388 389
f 354 353 389 390
f 355 354 390 391
f 356 355 391 392
f 357 356 392 393
f 358 357 393 394
f 359 358 394 395
f 360 359 395 396
f 362 361 397 398
f 363 362 398 399
f 364 363 399 400
f 365 364 400 401
f 366 365 401 402
f 367 366 402 403
f 368 367 403 404
f 369 368 404 405
f 370 369 405 406
f 371 370 406 407
f 372 371 407 408
f 373 372 408 409
f 374 373 409 410
f 375 374 410 411
f 376 375 411 412
f 377 376 412 413
f 378 377 413 414
f 379 378 414 415
f 380 379 415 416
f 381 380 416 417
f 382 381 417 418
f 383 382 418 419
f 384 383 419 420
f 385 384 420 421
f 386 385 421 422
f 387 386 422 423
f 388 387 423 424
f 389 388 424 425
f 390 389 425 426
f 391 390 426 427
f 392 391 427 428
f 393 392 428 429
f 394 393 429 430
f 395 394 430 431
f 396 395 431 432
f 398 397 433 434
f 399 398 434 435
f 400 399 435 436
f 401 400 436 437
f 402 401 437 438
f 403 402 438 439
f 404 403 439 440
f 405 404 440 441
f 406 405 441 442
f 407 406 442 443
f 408 407 443 444
f 409 408 444 445
f 410 409 445 446
f 411 410 446 447
f 412 411 447 448
f 413 412 448 449
f 414 413 449 450
f 415 414 450 451
f 416 415 451 452
f 417 416 452 453
f 418 417 453 454
f 419 418 454 455
f 420 419 455 456
f 421 420 456 457
f 422 421 457 458
f 423 422 458 459
f 424 423 459 460
f 425 424 460 461
f 426 425 461 462
f 427 426 462 463
f 428 427 463 464
f 429 428 464 465
f 430 429 465 466
f 431 430 466 467
f 432 431 467 468
f 434 433 469 470
f 435 434 470 471
f 436 435 471 472
f 437 436 472 473
f 438 437 473 474
f 439 438 474 475
f 440 439 475 476
f 441 440 476 477
f 442 441 477 478
f 443 442 478 479
f 444 443 479 480
f 445 444 480 481
f 446 445 481 482
f 447 446 482 483
f 448 447 483 484
f 449 448 484 485
f 450 449 485 486
f 451 450 486 487
f 452 451 487 488
f 453 452 488 489
f 454 453 489 490
f 455 454 490 491
f 456 455 491 492
f 457 456 492 493
f 458 457 493 494
f 459 458 494 495
f 460 459 495 496
f 461 460 496 497
f 462 461 497 498
f 463 462 498 499
f 464 463 499 500
f 465 464 500 501
f 466 465 501 502
f 467 466 502 503
f 468 467 503 504
f 470 469 505 506
f 471 470 506 507
f 472 471 507 508
f 473 472 508 509
f 474 473 509 510
f 475 474 510 511
f 476 475 511 512
f 477 476 512 513
f 478 477 513 514
f 479 478 514 515
f 480 479 515 516
f 481 480 516 517
f 482 481 517 518
f 483 482 518 519
f 484 483 519 520
f 485 484 520 521
f 486 485 521 522
f 487 486 522 523
f 488 487 523 524
f 489 488 524 525
f 490 489 525 526
f 491 490 526 527
f 492 491 527 528
f 493 492 528 529
f 494 493 529 530
f 495 494 530 531
f 496 495 531 532
f 497 496 532 533
f 498 497 533 534
f 499 498 534 535
f 500 499 535 536
f 501 500 536 537
f 502 501 537 538
f 503 502 538 539
f 504 503 539 540
f 506 505 541 542
f 507 506 542 543
f 508 507 543 544
f 509 508 544 545
f 510 509 545 546
f 511 510 546 547
f 512 511 547 548
f 513 512 548 549
f 514 513 549 550
f 515 514 550 551
f 516 515 551 552
f 517 516 552 553
f 518 517 553 554
f 519 518 554 555
f 520 519 555 556
f 521 520 556 557
f 522 521 557 558
f 523 522 558 559
f 524 523 559 560
f 525 524 560 561
f 526 525 561 562
f 527 526 562 563
f 528 527 563 564
f 529 528 564 565
f 530 529 565 566
f 531 530 566 567
f 532 531 567 568
f 533 532 568 569
f 534 533 569 570
f 535 534 570 571
f 536 535 571 572
f 537 536 572 573
f 538 537 573 574
f 539 538 574 575
f 540 539 575 576
f 542 541 577 578
f 543 542 578 579
f 544 543 579 580
f 545 544 580 581
f 546 545 581 582
f 547 546 582 583
f 548 547 583 584
f 549 548 584 585
f 550 549 585 586
f 551 550 586 587
f 552 551 587 588
f 553 552 588 589
f 554 553 589 590
f 555 554 590 591
f 556 555 591 592
f 557 556 592 593
f 558 557 593 594
f 559 558 594 595
f 560 559 595 596
f 561 560 596 597
f 562 561 597 598
f 563 562 598 599
f 564 563 599 600
f 565 564 600 601
f 566 565 601 602
f 567 566 602 603
f 568 567 603 604
f 569 568 604 605
f 570 569 605 606
f 571 570 606 607
f 572 571 607 608
f 573 572 608 609
f 574 573 609 610
f 575 574 610 611
f 576 575 611 612
f 578 577 613 614
f 579 578 614 615
f 580 579 615 616
f 581 580 616 617
f 582 581 617 618
f 583 582 618 619
f 584 583 619 620
f 585 584 620 621
f 586 585 621 622
f 587 586 622 623
f 588 587 623 624
f 589 588 624 625
f 590 589 625 626
f 591 590 626 627
f 592 591 627 628
f 593 592 628 629
f 594 593 629 630
f 595 594 630 631
f 596 595 631 632
f 597 596 632 633
f 598 597 633 634
f 599 598 634 635
f 600 599 635 636
f 601 600 636 637
f 602 601 637 638
f 603 602 638 639
f 604 603 639 640
f 605 604 640 641
f 606 605 641 642
f 607 606 642 643
f 608 607 643 644
f 609 608 644 645
f 610 609 645 646
f 611 610 646 647
f 612 611 647 648
f 614 613 649 650
f 615 614 650 651
f 616 615 651 652
f 617 616 652 653
f 618 617 653 654
f 619 618 654 655
f 620 619 655 656
f 621 620 656 657
f 622 621 657 658
f 623 622 658 659
f 624 623 659 660
f 625 624 660 661
f 626 625 661 662
f 627 626 662 663
f 628 627 663 664
f 629 628 664 665
f 630 629 665 666
f 631 630 666 667
f 632 631 667 668
f 633 632 668 669
f 634 633 669 670
f 635 634 670 671
f 636 635 671 672
f 637 636 672 673
f 638 637 673 674
f 639 638 674 675
f 640 639 675 676
f 641 640 676 677
f 642 641 677 678
f 643 642 678 679
f 644 643 679 680
f 645 644 680 681
f 646 645 681 682
f 647 646 682 683
f 648 647 683 684
f 650 649 685 686
f 651 650 686 687
f 652 651 687 688
f 653 652 688 689
f 654 653 689 690
f 655 654 690 691
f 656 655 691 692
f 657 656 692 693
f 658 657 693 694
f 659 658 694 695
f 660 659 695 696
f 661 660 696 697
f 662 661 697 698
f 663 662 698 699
f 664 663 699 700
f 665 664 700 701
f 666 665 701 702
f 667 666 702 703
f 668 667 703 704
f 669 668 704 705
f 670 669 705 706
f 671 670 706 707
f 672 671 707 708
f 673 672 708 709
f 674 673 709 710
f 675 674 710 711
f 676 675 711 712
f 677 676 712 713
f 678 677 713 714
f 679 678 714 715
f 680 679 715 716
f 681 680 716 717
f 682 681 717 718
f 683 682 718 719
f 684 683 719 720
f 686 685 721 722
f 687 686 722 723
f 688 687 723 724
f 689 688 724 725
f 690 689 725 726
f 691 690 726 727
f 692 691 727 728
f 693 692 728 729
f 694 693 729 730
f 695 694 730 731
f 696 695 731 732
f 697 696 732 733
f 698 697 733 734
f 699 698 734 735
f 700 699 735 736
f 701 700 736 737
f 702 701 737 738
f 703 702 738 739
f 704 703 739 740
f 705 704 740 741
f 706 705 741 742
f 707 706 742 743
f 708 707 743 744
f 709 708 744 745
f 710 709 745 746
f 711 710 746 747
f 712 711 747 748
f 713 712 748 749
f 714 713 749 750
f 715 714 750 751
f 716 715 751 752
f 717 716 752 753
f 718 717 753 754
f 719 718 754 755
f 720 719 755 756
f 722 721 757 758
f 723 722 758 759
f 724 723 759 760
f 725 724 760 761
f 726 725 761 762
f 727 726 762 763
f 728 727 763 764
f 729 728 764 765
f 730 729 765 766
f 731 730 766 767
f 732 731 767 768
f 733 732 768 769
f 734 733 769 770
f 735 734 770 771
f 736 735 771 772
f 737 736 772 773
f 738 737 773 774
f 739 738 774 775
f 740 739 775 776
f 741 740 776 777
f 742 741 777 778
f 743 742 778 779
f 744 743 779 780
f 745 744 780 781
f 746 745 781 782
f 747 746 782 783
f 748 747 783 784
f 749 748 784 785
f 750 749 785 786
f 751 750 786 787
f 752 751 787 788
f 753 752 788 789
f 754 753 789 790
f 755 754 790 791
f 756 755 791 792
f 758 757 793 794
f 759 758 794 795
f 760 759 795 796
f 761 760 796 797
f 762 761 797 798
f 763 762 798 799
f 764 763 799 800
f 765 764 800 801
f 766 765 801 802
f 767 766 802 803
f 768 767 803 804
f 769 768 804 805
f 770 769 805 806
f 771 770 806 807
f 772 771 807 808
f 773 772 808 809
f 774 773 809 810
f 775 774 810 811
f 776 775 811 812
f 777 776 812 813
f 778 777 813 814
f 779 778 814 815
f 780 779 815 816
f 781 780 816 817
f 782 781 817 818
f 783 782 818 819
f 784 783 819 820
f 785 784 820 821
f 786 785 821 822
f 787 786 822 823
f 788 787 823 824
f 789 788 824 825
f 790 789 825 826
f 791 790 826 827
f 792 791 827 828
f 794 793 829 830
f 795 794 830 831
f 796 795 831 832
f 797 796 832 833
f 798 797 833 834
f 799 798 834 835
f 800 799 835 836
f 801 800 836 837
f 802 801 837 838
f 803 802 838 839
f 804 803 839 840
f 805 804 840 841
f 806 805 841 842
f 807 806 842 843
f 808 807 843 844
f 809 808 844 845
f 810 809 845 846
f 811 810 846 847
f 812 811 847 848
f 813 812 848 849
f 814 813 849 850
f 815 814 850 851
f 816 815 851 852
f 817 816 852 853
f 818 817 853 854
f 819 818 854 855
f 820 819 855 856
f 821 820 856 857
f 822 821 857 858
f 823 822 858 859
f 824 823 859 860
f 825 824 860 861
f 826 825 861 862
f 827 826 862 863
f 828 827 863 864
f 830 829 865 866
f 831 830 866 867
f 832 831 867 868
f 833 832 868 869
f 834 833 869 870
f 835 834 870 871
f 836 835 871 872
f 837 836 872 873
f 838 837 873 874
f 839 838 874 875
f 840 839 875 876
f 841 840 876 877
f 842 841 877 878
f 843 842 878 879
f 844 843 879 880
f 845 844 880 881
f 846 845 881 882
f 847 846 882 883
f 848 847 883 884
f 849 848 884 885
f 850 849 885 886
f 851 850 886 887
f 852 851 887 888
f 853 852 888 889
f 854 853 889 890
f 855 854 890 891
f 856 855 891 892
f 857 856 892 893
f 858 857 893 894
f 859 858 894 895
f 860 859 895 896
f 861 860 896 897
f 862 861 897 898
f 863 862 898 899
f 864 863 899 900
f 866 865 901 902
f 867 866 902 903
f 868 867 903 904
f 869 868 904 905
f 870 869 905 906
f 871 870 906 907
f 872 871 907 908
f 873 872 908 909
f 874 873 909 910
f 875 874 910 911
f 876 875 911 912
f 877 876 912 913
f 878 877 913 914
f 879 878 914 915
f 880 879 915 916
f 881 880 916 917
f 882 881 917 918
f 883 882 918 919
f 884 883 919 920
f 885 884 920 921
f 886 885 921 922
f 887 886 922 923
f 888 887 923 924
f 889 888 924 925
f 890 889 925 926
f 891 890 926 927
f 892 891 927 928
f 893 892 928 929
f 894 893 929 930
f 895 894 930 931
f 896 895 931 932
f 897 896 932 933
f 898 897 933 934
f 899 898 934 935
f 900 899 935 936
f 902 901 937 938
f 903 902 938 939
f 904 903 939 940
f 905 904 940 941
f 906 905 941 942
f 907 906 942 943
f 908 907 943 944
f 909 908 944 945
f 910 909 945 946
f 911 910 946 947
f 912 911 947 948
f 913 912 948 949
f 914 913 949 950
f 915 914 950 951
f 916 915 951 952
f 917 916 952 953
f 918 917 953 954
f 919 918 954 955
f 920 919 955 956
f 921 920 956 957
f 922 921 957 958
f 923 922 958 959
f 924 923 959 960
f 925 924 960 961
f 926 925 961 962
f 927 926 962 963
f 928 927 963 964
f 929 928 964 965
f 930 929 965 966
f 931 930 966 967
f 932 931 967 968
f 933 932 968 969
f 934 933 969 970
f 935 934 970 971
f 936 935 971 972
f 938 937 973 974
f 939 938 974 975
f 940 939 975 976
f 941 940 976 977
f 942 941 977 978
f 943 942 978 979
f 944 943 979 980
f 945 944 980 981
f 946 945 981 982
f 947 946 982 983
f 948 947 983 984
f 949 948 984 985
f 950 949 985 986
f 951 950 986 987
f 952 951 987 988
f 953 952 988 989
f 954 953 989 990
f 955 954 990 991
f 956 955 991 992
f 957 956 992 993
f 958 957 993 994
f 959 958 994 995
f 960 959 995 996
f 961 960 996 997
f 962 961 997 998
f 963 962 998 999
f 964 963 999 1000
f 965 964 1000 1001
f 966 965 1001 1002
f 967 966 1002 1003
f 968 967 1003 1004
f 969 968 1004 1005
f 970 969 1005 1006
f 971 970 1006 1007
f 972 971 1007 1008
f 974 973 1009 1010
f 975 974 1010 1011
f 976 975 1011 1012
f 977 976 1012 1013
f 978 977 1013 1014
f 979 978 1014 1015
f 980 979 1015 1016
f 981 980 1016 1017
f 982 981 1017 1018
f 983 982 1018 1019
f 984 983 1019 1020
f 985 984 1020 1021
f 986 985 1021 1022
f 987 986 1022 1023
f 988 987 1023 1024
f 989 988 1024 1025
f 990 989 1025 1026
f 991 990 1026 1027
f 992 991 1027 1028
f 993 992 1028 1029
f 994 993 1029 1030
f 995 994 1030 1031
f 996 995 1031 1032
f 997 996 1032 1033
f 998 997 1033 1034
f 999 998 1034 1035
f 1000 999 1035 1036
f 1001 1000 1036 1037
f 1002 1001 1037 1038
f 1003 1002 1038 1039
f 1004 1003 1039 1040
f 1005 1004 1040 1041
f 1006 1005 1041 1042
f 1007 1006 1042 1043
f 1008 1007 1043 1044
f 1010 1009 1045 1046
f 1011 1010 1046 1047
f 1012 1011 1047 1048
f 1013 1012 1048 1049
f 1014 1013 1049 1050
f 1015 1014 1050 1051
f 1016 1015 1051 1052
f 1017 1016 1052 1053
f 1018 1017 1053 1054
f 1019 1018 1054 1055
f 1020 1019 1055 1056
f 1021 1020 1056 1057
f 1022 1021 1057 1058
f 1023 1022 1058 1059
f 1024 1023 1059 1060
f 1025 1024 1060 1061
f 1026 1025 1061 1062
f 1027 1026 1062 1063
f 1028 1027 1063 1064
f 1029 1028 1064 1065
f 1030 1029 1065 1066
f 1031 1030 1066 1067
f 1032 1031 1067 1068
f 1033 1032 1068 1069
f 1034 1033 1069 1070
f 1035 1034 1070 1071
f 1036 1035 1071 1072
f 1037 1036 1072 1073
f 1038 1037 1073 1074
f 1039 1038 1074 1075
f 1040 1039 1075 1076
f 1041 1040 1076 1077
f 1042 1041 1077 1078
f 1043 1042 1078 1079
f 1044 1043 1079 1080
f 1046 1045 1081 1082
f 1047 1046 1082 1083
f 1048 1047 1083 1084
f 1049 1048 1084 1085
f 1050 1049 1085 1086
f 1051 1050 1086 1087
f 1052 1051 1087 1088
f 1053 1052 1088 1089
f 1054 1053 1089 1090
f 1055 1054 1090 1091
f 1056 1055 1091 1092
f 1057 1056 1092 1093
f 1058 1057 1093 1094
f 1059 1058 1094 1095
f 1060 1059 1095 1096
f 1061 1060 1096 1097
f 1062 1061 1097 1098
f 1063 1062 1098 1099
f 1064 1063 1099 1100
f 1065 1064 1100 1101
f 1066 1065 1101 1102
f 1067 1066 1102 1103
f 1068 1067 1103 1104
f 1069 1068 1104 1105
f 1070 1069 1105 1106
f 1071 1070 1106 1107
f 1072 1071 1107 1108
f 1073 1072 1108 1109
f 1074 1073 1109 1110
f 1075 1074 1110 1111
f 1076 1075 1111 1112
f 1077 1076 1112 1113
f 1078 1077 1113 1114
f 1079 1078 1114 1115
f 1080 1079 1115 1116
f 1082 1081 1117 1118
f 1083 1082 1118 1119
f 1084 1083 1119 1120
f 1085 1084 1120 1121
f 1086 1085 1121 1122
f 1087 1086 1122 1123
f 1088 1087 1123 1124
f 1089 1088 1124 1125
f 1090 1089 1125 1126
f 1091 1090 1126 1127
f 1092 1091 1127 1128
f 1093 1092 1128 1129
f 1094 1093 1129 1130
f 1095 1094 1130 1131
f 1096 1095 1131 1132
f 1097 1096 1132 1133
f 1098 1097 1133 1134
f 1099 1098 1134 1135
f 1100 1099 1135 1136
f 1101 1100 1136 1137
f 1102 1101 1137 1138
f 1103 1102 1138 1139
f 1104 1103 1139 1140
f 1105 1104 1140 1141
f 1106 1105 1141 1142
f 1107 1106 1142 1143
f 1108 1107 1143 1144
f 1109 1108 1144 1145
f 1110 1109 1145 1146
f 1111 1110 1146 1147
f 1112 1111 1147 1148
f 1113 1112 1148 1149
f 1114 1113 1149 1150
f 1115 1114 1150 1151
f 1116 1115 1151 1152
f 1118 1117 1153 1154
f 1119 1118 1154 1155
f 1120 1119 1155 1156
f 1121 1120 1156 1157
f 1122 1121 1157 1158
f 1123 1122 1158 1159
f 1124 1123 1159 1160
f 1125 1124 1160 1161
f 1126 1125 1161 1162
f 1127 1126 1162 1163
f 1128 1127 1163 1164
f 1129 1128 1164 1165
f 1130 1129 1165 1166
f 1131 1130 1166 1167
f 1132 1131 1167 1168
f 1133 1132 1168 1169
f 1134 1133 1169 1170
f 1135 1134 1170 1171
f 1136 1135 1171 1172
f 1137 1136 1172 1173
f 1138 1137 1173 1174
f 1139 1138 1174 1175
f 1140 1139 1175 1176
f 1141 1140 1176 1177
f 1142 1141 1177 1178
f 1143 1142 1178 1179
f 1144 1143 1179 1180
f 1145 1144 1180 1181
f 1146 1145 1181 1182
f 1147 1146 1182 1183
f 1148 1147 1183 1184
f 1149 1148 1184 1185
f 1150 1149 1185 1186
f 1151 1150 1186 1187
f 1152 1151 1187 1188
f 1154 1153 1189 1190
f 1155 1154 1190 1191
f 1156 1155 1191 1192
f 1157 1156 1192 1193
f 1158 1157 1193 1194
f 1159 1158 1194 1195
f 1160 1159 1195 1196
f 1161 1160 1196 1197
f 1162 1161 1197 1198
f 1163 1162 1198 1199
f 1164 1163 1199 1200
f 1165 1164 1200 1201
f 1166 1165 1201 1202
f 1167 1166 1202 1203
f 1168 1167 1203 1204
f 1169 1168 1204 1205
f 1170 1169 1205 1206
f 1171 1170 1206 1207
f 1172 1171 1207 1208
f 1173 1172 1208 1209
f 1174 1173 1209 1210
f 1175 1174 1210 1211
f 1176 1175 1211 1212
f 1177 1176 1212 1213
f 1178 1177 1213 1214
f 1179 1178 1214 1215
f 1180 1179 1215 1216
f 1181 1180 1216 1217
f 1182 1181 1217 1218
f 1183 1182 1218 1219
f 1184 1183 1219 1220
f 1185 1184 1220 1221
f 1186 1185 1221 1222
f 1187 1186 1222 1223
f 1188 1187 1223 1224
f 1190 1189 1225 1226
f 1191 1190 1226 1227
f 1192 1191 1227 1228
f 1193 1192 1228 1229
f 1194 1193 1229 1230
f 1195 1194 1230 1231
f 1196 1195 1231 1232
f 1197 1196 1232 1233
f 1198 1197 1233 1234
f 1199 1198 1234 1235
f 1200 1199 1235 1236
f 1201 1200 1236 1237
f 1202 1201 1237 1238
f 1203 1202 1238 1239
f 1204 1203 1239 1240
f 1205 1204 1240 1241
f 1206 1205 1241 1242
f 1207 1206 1242 1243
f 1208 1207 1243 1244
f 1209 1208 1244 1245
f 1210 1209 1245 1246
f 1211 1210 1246 1247
f 1212 1211 1247 1248
f 1213 1212 1248 1249
f 1214 1213 1249 1250
f 1215 1214 1250 1251
f 1216 1215 1251 1252
f 1217 1216 1252 1253
f 1218 1217 1253 1254
f 1219 1218 1254 1255
f 1220 1219 1255 1256
f 1221 1220 1256 1257
f 1222 1221 1257 1258
f 1223 1222 1258 1259
f 1224 1223 1259 1260
f 1226 1225 1261 1262
f 1227 1226 1262 1263
f 1228 1227 1263 1264
f 1229 1228 1264 1265
f 1230 1229 1265 1266
f 1231 1230 1266 1267
f 1232 1231 1267 1268
f 1233 1232 1268 1269
f 1234 1233 1269 1270
f 1235 1234 1270 1271
f 1236 1235 1271 1272
f 1237 1236 1272 1273
f 1238 1237 1273 1274
f 1239 1238 1274 1275
f 1240 1239 1275 1276
f 1241 1240 1276 1277
f 1242 1241 1277 1278
f 1243 1242 1278 1279
f 1244 1243 1279 1280
f 1245 1244 1280 1281
f 1246 1245 1281 1282
f 1247 1246 1282 1283
f 1248 1247 1283 1284
f 1249 1248 1284 1285
f 1250 1249 1285 1286
f 1251 1250 1286 1287
f 1252 1251 1287 1288
f 1253 1252 1288 1289
f 1254 1253 1289 1290
f 1255 1254 1290 1291
f 1256 1255 1291 1292
f 1257 1256 1292 1293
f 1258 1257 1293 1294
f 1259 1258 1294 1295
f 1260 1259 1295 1296
