# Blender v2.79 (sub 0) OBJ File: ''
# www.blender.org
v -5.000000 0.000000 5.000000
v -5.000000 0.000000 4.629630
v -5.000000 0.000000 4.259259
v -5.000000 0.000000 3.888889
v -5.000000 0.000000 3.518518
v -5.000000 0.000000 3.148148
v -5.000000 0.000000 2.777778
v -5.000000 0.000000 2.407408
v -5.000000 0.000000 2.037037
v -5.000000 0.000000 1.666667
v -5.000000 0.000000 1.296296
v -5.000000 0.000000 0.925926
v -5.000000 0.000000 0.555556
v -5.000000 0.000000 0.185185
v -5.000000 0.000000 -0.185185
v -5.000000 0.000000 -0.555556
v -5.000000 0.000000 -0.925926
v -5.000000 0.000000 -1.296296
v -5.000000 0.000000 -1.666667
v -5.000000 0.000000 -2.037037
v -5.000000 0.000000 -2.407408
v -5.000000 0.000000 -2.777778
v -5.000000 0.000000 -3.148148
v -5.000000 0.000000 -3.518518
v -5.000000 0.000000 -3.888889
v -5.000000 0.000000 -4.259259
v -5.000000 0.000000 -4.629630
v -5.000000 0.000000 -5.000000
v -4.629630 0.000000 5.000000
v -4.629630 0.000000 4.629630
v -4.629630 0.000000 4.259259
v -4.629630 0.000000 3.888889
v -4.629630 0.000691 3.518518
v -4.629630 0.023017 3.148148
v -4.629630 0.054721 2.777778
v -4.629630 0.081046 2.407408
v -4.629630 0.093190 2.037037
v -4.629630 0.107829 1.666667
v -4.629630 0.111202 1.296296
v -4.629630 0.124251 0.925926
v -4.629630 0.141693 0.555556
v -4.629630 0.145539 0.185185
v -4.629630 0.143425 -0.185185
v -4.629630 0.143629 -0.555556
v -4.629630 0.132467 -0.925926
v -4.629630 0.128164 -1.296296
v -4.629630 0.139409 -1.666667
v -4.629630 0.133677 -2.037037
v -4.629630 0.112715 -2.407408
v -4.629630 0.074057 -2.777778
v -4.629630 0.031570 -3.148148
v -4.629630 0.001122 -3.518518
v -4.629630 0.000000 -3.888889
v -4.629630 0.000000 -4.259259
v -4.629630 0.000000 -4.629630
v -4.629630 0.000000 -5.000000
v -4.259259 0.000000 5.000000
v -4.259259 0.000000 4.629630
v -4.259259 0.000000 4.259259
v -4.259259 0.021127 3.888889
v -4.259259 0.099963 3.518518
v -4.259259 0.196558 3.148148
v -4.259259 0.294653 2.777778
v -4.259259 0.345910 2.407408
v -4.259259 0.364554 2.037037
v -4.259259 0.369638 1.666667
v -4.259259 0.364147 1.296296
v -4.259259 0.369772 0.925926
v -4.259259 0.426948 0.555556
v -4.259259 0.467748 0.185185
v -4.259259 0.475907 -0.185185
v -4.259259 0.439728 -0.555556
v -4.259259 0.440389 -0.925926
v -4.259259 0.435820 -1.296296
v -4.259259 0.494795 -1.666667
v -4.259259 0.490786 -2.037037
v -4.259259 0.476748 -2.407408
v -4.259259 0.389605 -2.777778
v -4.259259 0.280333 -3.148148
v -4.259259 0.149715 -3.518518
v -4.259259 0.030654 -3.888889
v -4.259259 0.000000 -4.259259
v -4.259259 0.000000 -4.629630
v -4.259259 0.000000 -5.000000
v -3.888889 0.000000 5.000000
v -3.888889 0.000000 4.629630
v -3.888889 0.020173 4.259259
v -3.888889 0.130809 3.888889
v -3.888889 0.295375 3.518518
v -3.888889 0.429701 3.148148
v -3.888889 0.606550 2.777778
v -3.888889 0.677335 2.407408
v -3.888889 0.699566 2.037037
v -3.888889 0.673500 1.666667
v -3.888889 0.696812 1.296296
v -3.888889 0.710295 0.925926
v -3.888889 0.797319 0.555556
v -3.888889 0.845210 0.185185
v -3.888889 0.896426 -0.185185
v -3.888889 0.857988 -0.555556
v -3.888889 0.854906 -0.925926
v -3.888889 0.871080 -1.296296
v -3.888889 0.944318 -1.666667
v -3.888889 0.953511 -2.037037
v -3.888889 0.904568 -2.407408
v -3.888889 0.807114 -2.777778
v -3.888889 0.621027 -3.148148
v -3.888889 0.423931 -3.518518
v -3.888889 0.193011 -3.888889
v -3.888889 0.028991 -4.259259
v -3.888889 0.000000 -4.629630
v -3.888889 0.000000 -5.000000
v -3.518518 0.000000 5.000000
v -3.518518 0.000657 4.629630
v -3.518518 0.090894 4.259259
v -3.518518 0.277672 3.888889
v -3.518518 0.498717 3.518518
v -3.518518 0.664892 3.148148
v -3.518518 0.810334 2.777778
v -3.518518 0.918632 2.407408
v -3.518518 0.986420 2.037037
v -3.518518 0.975888 1.666667
v -3.518518 0.930177 1.296296
v -3.518518 1.068566 0.925926
v -3.518518 1.187624 0.555556
v -3.518518 1.281003 0.185185
v -3.518518 1.329341 -0.185185
v -3.518518 1.320179 -0.555556
v -3.518518 1.251583 -0.925926
v -3.518518 1.307753 -1.296296
v -3.518518 1.322936 -1.666667
v -3.518518 1.387978 -2.037037
v -3.518518 1.328370 -2.407408
v -3.518518 1.182292 -2.777778
v -3.518518 0.969428 -3.148148
v -3.518518 0.706012 -3.518518
v -3.518518 0.394284 -3.888889
v -3.518518 0.133776 -4.259259
v -3.518518 0.000952 -4.629630
v -3.518518 0.000000 -5.000000
v -3.148148 0.000000 5.000000
v -3.148148 0.019284 4.629630
v -3.148148 0.176211 4.259259
v -3.148148 0.410924 3.888889
v -3.148148 0.628391 3.518518
v -3.148148 0.812097 3.148148
v -3.148148 0.977574 2.777778
v -3.148148 1.111204 2.407408
v -3.148148 1.211769 2.037037
v -3.148148 1.259187 1.666667
v -3.148148 1.239099 1.296296
v -3.148148 1.410678 0.925926
v -3.148148 1.615965 0.555556
v -3.148148 1.611785 0.185185
v -3.148148 1.562119 -0.185185
v -3.148148 1.714596 -0.555556
v -3.148148 1.796347 -0.925926
v -3.148148 1.719650 -1.296296
v -3.148148 1.777434 -1.666667
v -3.148148 1.900474 -2.037037
v -3.148148 1.762777 -2.407408
v -3.148148 1.526580 -2.777778
v -3.148148 1.265013 -3.148148
v -3.148148 0.946881 -3.518518
v -3.148148 0.588614 -3.888889
v -3.148148 0.243635 -4.259259
v -3.148148 0.028375 -4.629630
v -3.148148 0.000000 -5.000000
v -2.777778 0.000000 5.000000
v -2.777778 0.050294 4.629630
v -2.777778 0.263379 4.259259
v -2.777778 0.555704 3.888889
v -2.777778 0.742079 3.518518
v -2.777778 0.942913 3.148148
v -2.777778 1.108490 2.777778
v -2.777778 1.238212 2.407408
v -2.777778 1.417680 2.037037
v -2.777778 1.580816 1.666667
v -2.777778 1.538636 1.296296
v -2.777778 1.742017 0.925926
v -2.777778 2.014431 0.555556
v -2.777778 2.018852 0.185185
v -2.777778 2.022507 -0.185185
v -2.777778 2.053340 -0.555556
v -2.777778 2.205061 -0.925926
v -2.777778 2.110258 -1.296296
v -2.777778 2.174804 -1.666667
v -2.777778 2.285422 -2.037037
v -2.777778 2.387325 -2.407408
v -2.777778 2.115960 -2.777778
v -2.777778 1.773923 -3.148148
v -2.777778 1.196381 -3.518518
v -2.777778 0.758582 -3.888889
v -2.777778 0.355097 -4.259259
v -2.777778 0.070009 -4.629630
v -2.777778 0.000000 -5.000000
v -2.407408 0.000000 5.000000
v -2.407408 0.081146 4.629630
v -2.407408 0.338527 4.259259
v -2.407408 0.615903 3.888889
v -2.407408 0.869298 3.518518
v -2.407408 1.074700 3.148148
v -2.407408 1.268896 2.777778
v -2.407408 1.463985 2.407408
v -2.407408 1.714908 2.037037
v -2.407408 1.929184 1.666667
v -2.407408 2.001428 1.296296
v -2.407408 2.181049 0.925926
v -2.407408 2.422448 0.555556
v -2.407408 2.575548 0.185185
v -2.407408 2.493386 -0.185185
v -2.407408 2.508994 -0.555556
v -2.407408 2.652108 -0.925926
v -2.407408 2.610664 -1.296296
v -2.407408 2.601840 -1.666667
v -2.407408 2.692501 -2.037037
v -2.407408 2.695578 -2.407408
v -2.407408 2.472194 -2.777778
v -2.407408 2.095759 -3.148148
v -2.407408 1.523473 -3.518518
v -2.407408 0.909787 -3.888889
v -2.407408 0.451539 -4.259259
v -2.407408 0.106832 -4.629630
v -2.407408 0.000000 -5.000000
v -2.037037 0.000000 5.000000
v -2.037037 0.105057 4.629630
v -2.037037 0.378203 4.259259
v -2.037037 0.721940 3.888889
v -2.037037 0.988518 3.518518
v -2.037037 1.213688 3.148148
v -2.037037 1.418948 2.777778
v -2.037037 1.704786 2.407408
v -2.037037 1.947090 2.037037
v -2.037037 2.276158 1.666667
v -2.037037 2.588518 1.296296
v -2.037037 2.676890 0.925926
v -2.037037 2.918306 0.555556
v -2.037037 3.046696 0.185185
v -2.037037 3.084591 -0.185185
v -2.037037 2.999029 -0.555556
v -2.037037 3.071993 -0.925926
v -2.037037 2.989797 -1.296296
v -2.037037 2.830396 -1.666667
v -2.037037 2.869789 -2.037037
v -2.037037 2.751107 -2.407408
v -2.037037 2.612593 -2.777778
v -2.037037 2.217086 -3.148148
v -2.037037 1.615983 -3.518518
v -2.037037 1.048472 -3.888889
v -2.037037 0.524138 -4.259259
v -2.037037 0.138600 -4.629630
v -2.037037 0.000000 -5.000000
v -1.666667 0.000000 5.000000
v -1.666667 0.127311 4.629630
v -1.666667 0.424960 4.259259
v -1.666667 0.867948 3.888889
v -1.666667 1.204958 3.518518
v -1.666667 1.506324 3.148148
v -1.666667 1.700210 2.777778
v -1.666667 1.954738 2.407408
v -1.666667 2.450899 2.037037
v -1.666667 2.690696 1.666667
v -1.666667 2.984437 1.296296
v -1.666667 3.218467 0.925926
v -1.666667 3.257279 0.555556
v -1.666667 3.386866 0.185185
v -1.666667 3.337435 -0.185185
v -1.666667 3.430414 -0.555556
v -1.666667 3.252943 -0.925926
v -1.666667 3.167207 -1.296296
v -1.666667 2.878423 -1.666667
v -1.666667 2.904335 -2.037037
v -1.666667 2.678682 -2.407408
v -1.666667 2.587592 -2.777778
v -1.666667 2.223595 -3.148148
v -1.666667 1.645773 -3.518518
v -1.666667 1.102043 -3.888889
v -1.666667 0.573265 -4.259259
v -1.666667 0.157612 -4.629630
v -1.666667 0.000000 -5.000000
v -1.296296 0.000000 5.000000
v -1.296296 0.143710 4.629630
v -1.296296 0.531694 4.259259
v -1.296296 0.919336 3.888889
v -1.296296 1.367278 3.518518
v -1.296296 1.807342 3.148148
v -1.296296 2.163229 2.777778
v -1.296296 2.457134 2.407408
v -1.296296 2.936587 2.037037
v -1.296296 3.167124 1.666667
v -1.296296 3.477854 1.296296
v -1.296296 3.691214 0.925926
v -1.296296 3.962880 0.555556
v -1.296296 3.811355 0.185185
v -1.296296 3.662720 -0.185185
v -1.296296 3.679412 -0.555556
v -1.296296 3.408800 -0.925926
v -1.296296 3.083662 -1.296296
v -1.296296 3.009964 -1.666667
v -1.296296 2.859788 -2.037037
v -1.296296 2.854258 -2.407408
v -1.296296 2.636556 -2.777778
v -1.296296 2.301474 -3.148148
v -1.296296 1.790374 -3.518518
v -1.296296 1.156873 -3.888889
v -1.296296 0.636794 -4.259259
v -1.296296 0.181208 -4.629630
v -1.296296 0.000000 -5.000000
v -0.925926 0.000000 5.000000
v -0.925926 0.158476 4.629630
v -0.925926 0.548107 4.259259
v -0.925926 1.001173 3.888889
v -0.925926 1.513538 3.518518
v -0.925926 1.988100 3.148148
v -0.925926 2.409912 2.777778
v -0.925926 2.874343 2.407408
v -0.925926 3.206055 2.037037
v -0.925926 3.519127 1.666667
v -0.925926 3.648706 1.296296
v -0.925926 4.155325 0.925926
v -0.925926 4.272564 0.555556
v -0.925926 4.240074 0.185185
v -0.925926 4.241051 -0.185185
v -0.925926 4.185939 -0.555556
v -0.925926 3.653152 -0.925926
v -0.925926 3.432625 -1.296296
v -0.925926 3.387035 -1.666667
v -0.925926 3.321023 -2.037037
v -0.925926 3.216373 -2.407408
v -0.925926 2.869505 -2.777778
v -0.925926 2.422901 -3.148148
v -0.925926 1.926095 -3.518518
v -0.925926 1.329675 -3.888889
v -0.925926 0.678611 -4.259259
v -0.925926 0.179799 -4.629630
v -0.925926 0.000000 -5.000000
v -0.555556 0.000000 5.000000
v -0.555556 0.150721 4.629630
v -0.555556 0.512860 4.259259
v -0.555556 0.951587 3.888889
v -0.555556 1.477022 3.518518
v -0.555556 1.919949 3.148148
v -0.555556 2.423148 2.777778
v -0.555556 2.787739 2.407408
v -0.555556 3.383900 2.037037
v -0.555556 3.589247 1.666667
v -0.555556 3.878454 1.296296
v -0.555556 4.478126 0.925926
v -0.555556 4.293491 0.555556
v -0.555556 4.314680 0.185185
v -0.555556 4.442300 -0.185185
v -0.555556 4.324513 -0.555556
v -0.555556 3.960918 -0.925926
v -0.555556 3.738166 -1.296296
v -0.555556 3.808453 -1.666667
v -0.555556 3.821095 -2.037037
v -0.555556 3.606752 -2.407408
v -0.555556 3.092672 -2.777778
v -0.555556 2.675586 -3.148148
v -0.555556 2.065437 -3.518518
v -0.555556 1.491247 -3.888889
v -0.555556 0.751151 -4.259259
v -0.555556 0.203688 -4.629630
v -0.555556 0.000000 -5.000000
v -0.185185 0.000000 5.000000
v -0.185185 0.148869 4.629630
v -0.185185 0.490373 4.259259
v -0.185185 0.942177 3.888889
v -0.185185 1.399994 3.518518
v -0.185185 1.914536 3.148148
v -0.185185 2.478362 2.777778
v -0.185185 2.867001 2.407408
v -0.185185 3.343887 2.037037
v -0.185185 3.731910 1.666667
v -0.185185 4.122255 1.296296
v -0.185185 4.250215 0.925926
v -0.185185 4.335264 0.555556
v -0.185185 4.278765 0.185185
v -0.185185 4.502329 -0.185185
v -0.185185 4.425253 -0.555556
v -0.185185 4.452225 -0.925926
v -0.185185 4.358277 -1.296296
v -0.185185 4.321404 -1.666667
v -0.185185 4.008589 -2.037037
v -0.185185 3.820697 -2.407408
v -0.185185 3.556333 -2.777778
v -0.185185 2.882043 -3.148148
v -0.185185 2.218658 -3.518518
v -0.185185 1.488093 -3.888889
v -0.185185 0.832450 -4.259259
v -0.185185 0.211786 -4.629630
v -0.185185 0.000000 -5.000000
v 0.185185 0.000000 5.000000
v 0.185185 0.149997 4.629630
v 0.185185 0.504582 4.259259
v 0.185185 1.008720 3.888889
v 0.185185 1.492603 3.518518
v 0.185185 2.044012 3.148148
v 0.185185 2.530396 2.777778
v 0.185185 2.917863 2.407408
v 0.185185 3.468133 2.037037
v 0.185185 3.906521 1.666667
v 0.185185 4.108901 1.296296
v 0.185185 4.256022 0.925926
v 0.185185 4.225115 0.555556
v 0.185185 4.371697 0.185185
v 0.185185 4.703665 -0.185185
v 0.185185 4.863810 -0.555556
v 0.185185 4.769531 -0.925926
v 0.185185 4.798766 -1.296296
v 0.185185 4.543432 -1.666667
v 0.185185 4.327219 -2.037037
v 0.185185 3.990579 -2.407408
v 0.185185 3.514039 -2.777778
v 0.185185 2.984615 -3.148148
v 0.185185 2.300921 -3.518518
v 0.185185 1.516647 -3.888889
v 0.185185 0.778641 -4.259259
v 0.185185 0.216431 -4.629630
v 0.185185 0.000000 -5.000000
v 0.555556 0.000000 5.000000
v 0.555556 0.157731 4.629630
v 0.555556 0.548644 4.259259
v 0.555556 1.044939 3.888889
v 0.555556 1.629656 3.518518
v 0.555556 2.130326 3.148148
v 0.555556 2.523566 2.777778
v 0.555556 2.982363 2.407408
v 0.555556 3.576139 2.037037
v 0.555556 3.906243 1.666667
v 0.555556 4.399795 1.296296
v 0.555556 4.477051 0.925926
v 0.555556 4.595562 0.555556
v 0.555556 4.621563 0.185185
v 0.555556 4.917135 -0.185185
v 0.555556 5.162334 -0.555556
v 0.555556 5.142765 -0.925926
v 0.555556 4.896561 -1.296296
v 0.555556 4.517138 -1.666667
v 0.555556 4.487360 -2.037037
v 0.555556 4.175285 -2.407408
v 0.555556 3.598950 -2.777778
v 0.555556 2.975849 -3.148148
v 0.555556 2.228271 -3.518518
v 0.555556 1.437593 -3.888889
v 0.555556 0.760129 -4.259259
v 0.555556 0.238517 -4.629630
v 0.555556 0.000000 -5.000000
v 0.925926 0.000000 5.000000
v 0.925926 0.170612 4.629630
v 0.925926 0.581519 4.259259
v 0.925926 1.127097 3.888889
v 0.925926 1.688471 3.518518
v 0.925926 2.092838 3.148148
v 0.925926 2.524213 2.777778
v 0.925926 2.979066 2.407408
v 0.925926 3.576739 2.037037
v 0.925926 3.916533 1.666667
v 0.925926 4.303877 1.296296
v 0.925926 4.931502 0.925926
v 0.925926 5.001762 0.555556
v 0.925926 4.690110 0.185185
v 0.925926 4.840258 -0.185185
v 0.925926 4.885647 -0.555556
v 0.925926 5.066759 -0.925926
v 0.925926 5.105519 -1.296296
v 0.925926 4.923305 -1.666667
v 0.925926 4.641167 -2.037037
v 0.925926 4.304703 -2.407408
v 0.925926 3.775824 -2.777778
v 0.925926 2.997327 -3.148148
v 0.925926 2.197392 -3.518518
v 0.925926 1.517916 -3.888889
v 0.925926 0.784677 -4.259259
v 0.925926 0.252489 -4.629630
v 0.925926 0.000000 -5.000000
v 1.296296 0.000000 5.000000
v 1.296296 0.185867 4.629630
v 1.296296 0.596142 4.259259
v 1.296296 1.095627 3.888889
v 1.296296 1.609688 3.518518
v 1.296296 2.068021 3.148148
v 1.296296 2.551694 2.777778
v 1.296296 3.066700 2.407408
v 1.296296 3.697566 2.037037
v 1.296296 3.905283 1.666667
v 1.296296 4.851649 1.296296
v 1.296296 4.996568 0.925926
v 1.296296 5.190403 0.555556
v 1.296296 5.219981 0.185185
v 1.296296 5.359309 -0.185185
v 1.296296 4.929093 -0.555556
v 1.296296 5.051129 -0.925926
v 1.296296 5.057392 -1.296296
v 1.296296 5.129006 -1.666667
v 1.296296 4.600780 -2.037037
v 1.296296 4.133185 -2.407408
v 1.296296 3.563100 -2.777778
v 1.296296 2.913183 -3.148148
v 1.296296 2.277347 -3.518518
v 1.296296 1.515298 -3.888889
v 1.296296 0.830292 -4.259259
v 1.296296 0.247805 -4.629630
v 1.296296 0.000000 -5.000000
v 1.666667 0.000000 5.000000
v 1.666667 0.168234 4.629630
v 1.666667 0.573830 4.259259
v 1.666667 1.009819 3.888889
v 1.666667 1.546238 3.518518
v 1.666667 2.069417 3.148148
v 1.666667 2.601629 2.777778
v 1.666667 3.104395 2.407408
v 1.666667 3.800290 2.037037
v 1.666667 4.300538 1.666667
v 1.666667 4.808208 1.296296
v 1.666667 5.147271 0.925926
v 1.666667 5.399282 0.555556
v 1.666667 5.656841 0.185185
v 1.666667 5.796308 -0.185185
v 1.666667 5.254037 -0.555556
v 1.666667 4.999122 -0.925926
v 1.666667 5.234876 -1.296296
v 1.666667 5.057830 -1.666667
v 1.666667 4.380633 -2.037037
v 1.666667 4.078694 -2.407408
v 1.666667 3.798805 -2.777778
v 1.666667 3.156046 -3.148148
v 1.666667 2.462039 -3.518518
v 1.666667 1.633871 -3.888889
v 1.666667 0.868951 -4.259259
v 1.666667 0.235300 -4.629630
v 1.666667 0.000000 -5.000000
v 2.037037 0.000000 5.000000
v 2.037037 0.148880 4.629630
v 2.037037 0.547312 4.259259
v 2.037037 1.003191 3.888889
v 2.037037 1.490038 3.518518
v 2.037037 2.093473 3.148148
v 2.037037 2.562819 2.777778
v 2.037037 3.069523 2.407408
v 2.037037 3.647790 2.037037
v 2.037037 4.011042 1.666667
v 2.037037 4.589783 1.296296
v 2.037037 4.999660 0.925926
v 2.037037 5.233933 0.555556
v 2.037037 5.447265 0.185185
v 2.037037 5.752332 -0.185185
v 2.037037 5.560498 -0.555556
v 2.037037 5.164673 -0.925926
v 2.037037 5.094814 -1.296296
v 2.037037 4.799585 -1.666667
v 2.037037 4.201873 -2.037037
v 2.037037 4.108398 -2.407408
v 2.037037 4.019443 -2.777778
v 2.037037 3.427008 -3.148148
v 2.037037 2.448671 -3.518518
v 2.037037 1.627914 -3.888889
v 2.037037 0.881879 -4.259259
v 2.037037 0.219473 -4.629630
v 2.037037 0.000000 -5.000000
v 2.407408 0.000000 5.000000
v 2.407408 0.119937 4.629630
v 2.407408 0.461170 4.259259
v 2.407408 0.932894 3.888889
v 2.407408 1.423935 3.518518
v 2.407408 1.984396 3.148148
v 2.407408 2.486542 2.777778
v 2.407408 2.850280 2.407408
v 2.407408 3.311689 2.037037
v 2.407408 3.587733 1.666667
v 2.407408 4.431173 1.296296
v 2.407408 4.758914 0.925926
v 2.407408 5.177441 0.555556
v 2.407408 5.187749 0.185185
v 2.407408 5.046513 -0.185185
v 2.407408 5.081901 -0.555556
v 2.407408 4.686440 -0.925926
v 2.407408 4.721583 -1.296296
v 2.407408 4.509501 -1.666667
v 2.407408 4.203714 -2.037037
v 2.407408 3.755421 -2.407408
v 2.407408 3.593026 -2.777778
v 2.407408 3.134464 -3.148148
v 2.407408 2.282758 -3.518518
v 2.407408 1.451282 -3.888889
v 2.407408 0.782671 -4.259259
v 2.407408 0.179784 -4.629630
v 2.407408 0.000000 -5.000000
v 2.777778 0.000000 5.000000
v 2.777778 0.082719 4.629630
v 2.777778 0.384844 4.259259
v 2.777778 0.806865 3.888889
v 2.777778 1.232432 3.518518
v 2.777778 1.784383 3.148148
v 2.777778 2.264556 2.777778
v 2.777778 2.770852 2.407408
v 2.777778 3.152493 2.037037
v 2.777778 3.347683 1.666667
v 2.777778 3.796222 1.296296
v 2.777778 4.315335 0.925926
v 2.777778 4.628267 0.555556
v 2.777778 4.693658 0.185185
v 2.777778 4.517637 -0.185185
v 2.777778 4.358540 -0.555556
v 2.777778 4.340121 -0.925926
v 2.777778 4.313754 -1.296296
v 2.777778 4.084038 -1.666667
v 2.777778 3.875885 -2.037037
v 2.777778 3.570959 -2.407408
v 2.777778 3.166448 -2.777778
v 2.777778 2.544853 -3.148148
v 2.777778 1.866360 -3.518518
v 2.777778 1.184315 -3.888889
v 2.777778 0.606402 -4.259259
v 2.777778 0.110869 -4.629630
v 2.777778 0.000000 -5.000000
v 3.148148 0.000000 5.000000
v 3.148148 0.036635 4.629630
v 3.148148 0.306585 4.259259
v 3.148148 0.664309 3.888889
v 3.148148 1.114860 3.518518
v 3.148148 1.627428 3.148148
v 3.148148 2.016038 2.777778
v 3.148148 2.450210 2.407408
v 3.148148 2.873039 2.037037
v 3.148148 2.923458 1.666667
v 3.148148 3.160085 1.296296
v 3.148148 3.565207 0.925926
v 3.148148 3.680629 0.555556
v 3.148148 3.635149 0.185185
v 3.148148 3.669114 -0.185185
v 3.148148 3.620124 -0.555556
v 3.148148 3.759276 -0.925926
v 3.148148 3.719964 -1.296296
v 3.148148 3.405971 -1.666667
v 3.148148 3.118595 -2.037037
v 3.148148 2.868257 -2.407408
v 3.148148 2.485774 -2.777778
v 3.148148 2.078004 -3.148148
v 3.148148 1.439688 -3.518518
v 3.148148 0.893030 -3.888889
v 3.148148 0.386079 -4.259259
v 3.148148 0.042449 -4.629630
v 3.148148 0.000000 -5.000000
v 3.518518 0.000000 5.000000
v 3.518518 0.001203 4.629630
v 3.518518 0.156458 4.259259
v 3.518518 0.449563 3.888889
v 3.518518 0.839399 3.518518
v 3.518518 1.308036 3.148148
v 3.518518 1.722754 2.777778
v 3.518518 2.101245 2.407408
v 3.518518 2.225712 2.037037
v 3.518518 2.369301 1.666667
v 3.518518 2.637211 1.296296
v 3.518518 2.734088 0.925926
v 3.518518 2.722826 0.555556
v 3.518518 2.805890 0.185185
v 3.518518 2.752636 -0.185185
v 3.518518 2.875734 -0.555556
v 3.518518 2.839073 -0.925926
v 3.518518 2.834776 -1.296296
v 3.518518 2.540172 -1.666667
v 3.518518 2.339450 -2.037037
v 3.518518 2.186830 -2.407408
v 3.518518 1.866325 -2.777778
v 3.518518 1.480063 -3.148148
v 3.518518 1.029291 -3.518518
v 3.518518 0.556658 -3.888889
v 3.518518 0.189346 -4.259259
v 3.518518 0.001390 -4.629630
v 3.518518 0.000000 -5.000000
v 3.888889 0.000000 5.000000
v 3.888889 0.000000 4.629630
v 3.888889 0.036005 4.259259
v 3.888889 0.220457 3.888889
v 3.888889 0.488407 3.518518
v 3.888889 0.817618 3.148148
v 3.888889 1.210306 2.777778
v 3.888889 1.497743 2.407408
v 3.888889 1.549814 2.037037
v 3.888889 1.621691 1.666667
v 3.888889 1.782969 1.296296
v 3.888889 1.885141 0.925926
v 3.888889 1.942155 0.555556
v 3.888889 1.922384 0.185185
v 3.888889 1.870205 -0.185185
v 3.888889 2.030217 -0.555556
v 3.888889 1.960009 -0.925926
v 3.888889 1.895350 -1.296296
v 3.888889 1.761805 -1.666667
v 3.888889 1.685764 -2.037037
v 3.888889 1.571957 -2.407408
v 3.888889 1.235829 -2.777778
v 3.888889 0.907990 -3.148148
v 3.888889 0.577285 -3.518518
v 3.888889 0.260478 -3.888889
v 3.888889 0.041072 -4.259259
v 3.888889 0.000000 -4.629630
v 3.888889 0.000000 -5.000000
v 4.259259 0.000000 5.000000
v 4.259259 0.000000 4.629630
v 4.259259 0.000000 4.259259
v 4.259259 0.035421 3.888889
v 4.259259 0.159823 3.518518
v 4.259259 0.329518 3.148148
v 4.259259 0.542497 2.777778
v 4.259259 0.723698 2.407408
v 4.259259 0.819593 2.037037
v 4.259259 0.887317 1.666667
v 4.259259 0.950519 1.296296
v 4.259259 1.009723 0.925926
v 4.259259 0.992352 0.555556
v 4.259259 1.021572 0.185185
v 4.259259 1.102157 -0.185185
v 4.259259 1.077309 -0.555556
v 4.259259 1.074023 -0.925926
v 4.259259 1.042462 -1.296296
v 4.259259 0.975858 -1.666667
v 4.259259 0.895131 -2.037037
v 4.259259 0.819948 -2.407408
v 4.259259 0.626513 -2.777778
v 4.259259 0.384092 -3.148148
v 4.259259 0.181911 -3.518518
v 4.259259 0.037676 -3.888889
v 4.259259 0.000000 -4.259259
v 4.259259 0.000000 -4.629630
v 4.259259 0.000000 -5.000000
v 4.629630 0.000000 5.000000
v 4.629630 0.000000 4.629630
v 4.629630 0.000000 4.259259
v 4.629630 0.000000 3.888889
v 4.629630 0.001145 3.518518
v 4.629630 0.036893 3.148148
v 4.629630 0.103626 2.777778
v 4.629630 0.169875 2.407408
v 4.629630 0.216755 2.037037
v 4.629630 0.253652 1.666667
v 4.629630 0.286113 1.296296
v 4.629630 0.312379 0.925926
v 4.629630 0.312577 0.555556
v 4.629630 0.307952 0.185185
v 4.629630 0.336395 -0.185185
v 4.629630 0.321213 -0.555556
v 4.629630 0.315058 -0.925926
v 4.629630 0.293434 -1.296296
v 4.629630 0.268904 -1.666667
v 4.629630 0.239794 -2.037037
v 4.629630 0.190846 -2.407408
v 4.629630 0.115562 -2.777778
v 4.629630 0.042485 -3.148148
v 4.629630 0.001293 -3.518518
v 4.629630 0.000000 -3.888889
v 4.629630 0.000000 -4.259259
v 4.629630 0.000000 -4.629630
v 4.629630 0.000000 -5.000000
v 5.000000 0.000000 5.000000
v 5.000000 0.000000 4.629630
v 5.000000 0.000000 4.259259
v 5.000000 0.000000 3.888889
v 5.000000 0.000000 3.518518
v 5.000000 0.000000 3.148148
v 5.000000 0.000000 2.777778
v 5.000000 0.000000 2.407408
v 5.000000 0.000000 2.037037
v 5.000000 0.000000 1.666667
v 5.000000 0.000000 1.296296
v 5.000000 0.000000 0.925926
v 5.000000 0.000000 0.555556
v 5.000000 0.000000 0.185185
v 5.000000 0.000000 -0.185185
v 5.000000 0.000000 -0.555556
v 5.000000 0.000000 -0.925926
v 5.000000 0.000000 -1.296296
v 5.000000 0.000000 -1.666667
v 5.000000 0.000000 -2.037037
v 5.000000 0.000000 -2.407408
v 5.000000 0.000000 -2.777778
v 5.000000 0.000000 -3.148148
v 5.000000 0.000000 -3.518518
v 5.000000 0.000000 -3.888889
v 5.000000 0.000000 -4.259259
v 5.000000 0.000000 -4.629630
v 5.000000 0.000000 -5.000000
s 1
f 2 1 29 30
f 3 2 30 31
f 4 3 31 32
f 5 4 32 33
f 6 5 33 34
f 7 6 34 35
f 8 7 35 36
f 9 8 36 37
f 10 9 37 38
f 11 10 38 39
f 12 11 39 40
f 13 12 40 41
f 14 13 41 42
f 15 14 42 43
f 16 15 43 44
f 17 16 44 45
f 18 17 45 46
f 19 18 46 47
f 20 19 47 48
f 21 20 48 49
f 22 21 49 50
f 23 22 50 51
f 24 23 51 52
f 25 24 52 53
f 26 25 53 54
f 27 26 54 55
f 28 27 55 56
f 30 29 57 58
f 31 30 58 59
f 32 31 59 60
f 33 32 60 61
f 34 33 61 62
f 35 34 62 63
f 36 35 63 64
f 37 36 64 65
f 38 37 65 66
f 39 38 66 67
f 40 39 67 68
f 41 40 68 69
f 42 41 69 70
f 43 42 70 71
f 44 43 71 72
f 45 44 72 73
f 46 45 73 74
f 47 46 74 75
f 48 47 75 76
f 49 48 76 77
f 50 49 77 78
f 51 50 78 79
f 52 51 79 80
f 53 52 80 81
f 54 53 81 82
f 55 54 82 83
f 56 55 83 84
f 58 57 85 86
f 59 58 86 87
f 60 59 87 88
f 61 60 88 89
f 62 61 89 90
f 63 62 90 91
f 64 63 91 92
f 65 64 92 93
f 66 65 93 94
f 67 66 94 95
f 68 67 95 96
f 69 68 96 97
f 70 69 97 98
f 71 70 98 99
f 72 71 99 100
f 73 72 100 101
f 74 73 101 102
f 75 74 102 103
f 76 75 103 104
f 77 76 104 105
f 78 77 105 106
f 79 78 106 107
f 80 79 107 108
f 81 80 108 109
f 82 81 109 110
f 83 82 110 111
f 84 83 111 112
f 86 85 113 114
f 87 86 114 115
f 88 87 115 116
f 89 88 116 117
f 90 89 117 118
f 91 90 118 119
f 92 91 119 120
f 93 92 120 121
f 94 93 121 122
f 95 94 122 123
f 96 95 123 124
f 97 96 124 125
f 98 97 125 126
f 99 98 126 127
f 100 99 127 128
f 101 100 128 129
f 102 101 129 130
f 103 102 130 131
f 104 103 131 132
f 105 104 132 133
f 106 105 133 134
f 107 106 134 135
f 108 107 135 136
f 109 108 136 137
f 110 109 137 138
f 111 110 138 139
f 112 111 139 140
f 114 113 141 142
f 115 114 142 143
f 116 115 143 144
f 117 116 144 145
f 118 117 145 146
f 119 118 146 147
f 120 119 147 148
f 121 120 148 149
f 122 121 149 150
f 123 122 150 151
f 124 123 151 152
f 125 124 152 153
f 126 125 153 154
f 127 126 154 155
f 128 127 155 156
f 129 128 156 157
f 130 129 157 158
f 131 130 158 159
f 132 131 159 160
f 133 132 160 161
f 134 133 161 162
f 135 134 162 163
f 136 135 163 164
f 137 136 164 165
f 138 137 165 166
f 139 138 166 167
f 140 139 167 168
f 142 141 169 170
f 143 142 170 171
f 144 143 171 172
f 145 144 172 173
f 146 145 173 174
f 147 146 174 175
f 148 147 175 176
f 149 148 176 177
f 150 149 177 178
f 151 150 178 179
f 152 151 179 180
f 153 152 180 181
f 154 153 181 182
f 155 154 182 183
f 156 155 183 184
f 157 156 184 185
f 158 157 185 186
f 159 158 186 187
f 160 159 187 188
f 161 160 188 189
f 162 161 189 190
f 163 162 190 191
f 164 163 191 192
f 165 164 192 193
f 166 165 193 194
f 167 166 194 195
f 168 167 195 196
f 170 169 197 198
f 171 170 198 199
f 172 171 199 200
f 173 172 200 201
f 174 173 201 202
f 175 174 202 203
f 176 175 203 204
f 177 176 204 205
f 178 177 205 206
f 179 178 206 207
f 180 179 207 208
f 181 180 208 209
f 182 181 209 210
f 183 182 210 211
f 184 183 211 212
f 185 184 212 213
f 186 185 213 214
f 187 186 214 215
f 188 187 215 216
f 189 188 216 217
f 190 189 217 218
f 191 190 218 219
f 192 191 219 220
f 193 192 220 221
f 194 193 221 222
f 195 194 222 223
f 196 195 223 224
f 198 197 225 226
f 199 198 226 227
f 200 199 227 228
f 201 200 228 229
f 202 201 229 230
f 203 202 230 231
f 204 203 231 232
f 205 204 232 233
f 206 205 233 234
f 207 206 234 235
f 208 207 235 236
f 209 208 236 237
f 210 209 237 238
f 211 210 238 239
f 212 211 239 240
f 213 212 240 241
f 214 213 241 242
f 215 214 242 243
f 216 215 243 244
f 217 216 244 245
f 218 217 245 246
f 219 218 246 247
f 220 219 247 248
f 221 220 248 249
f 222 221 249 250
f 223 222 250 251
f 224 223 251 252
f 226 225 253 254
f 227 226 254 255
f 228 227 255 256
f 229 228 256 257
f 230 229 257 258
f 231 230 258 259
f 232 231 259 260
f 233 232 260 261
f 234 233 261 262
f 235 234 262 263
f 236 235 263 264
f 237 236 264 265
f 238 237 265 266
f 239 238 266 267
f 240 239 267 268
f 241 240 268 269
f 242 241 269 270
f 243 242 270 271
f 244 243 271 272
f 245 244 272 273
f 246 245 273 274
f 247 246 274 275
f 248 247 275 276
f 249 248 276 277
f 250 249 277 278
f 251 250 278 279
f 252 251 279 280
f 254 253 281 282
f 255 254 282 283
f 256 255 283 284
f 257 256 284 285
f 258 257 285 286
f 259 258 286 287
f 260 259 287 288
f 261 260 288 289
f 262 261 289 290
f 263 262 290 291
f 264 263 291 292
f 265 264 292 293
f 266 265 293 294
f 267 266 294 295
f 268 267 295 296
f 269 268 296 297
f 270 269 297 298
f 271 270 298 299
f 272 271 299 300
f 273 272 300 301
f 274 273 301 302
f 275 274 302 303
f 276 275 303 304
f 277 276 304 305
f 278 277 305 306
f 279 278 306 307
f 280 279 307 308
f 282 281 309 310
f 283 282 310 311
f 284 283 311 312
f 285 284 312 313
f 286 285 313 314
f 287 286 314 315
f 288 287 315 316
f 289 288 316 317
f 290 289 317 318
f 291 290 318 319
f 292 291 319 320
f 293 292 320 321
f 294 293 321 322
f 295 294 322 323
f 296 295 323 324
f 297 296 324 325
f 298 297 325 326
f 299 298 326 327
f 300 299 327 328
f 301 300 328 329
f 302 301 329 330
f 303 302 330 331
f 304 303 331 332
f 305 304 332 333
f 306 305 333 334
f 307 306 334 335
f 308 307 335 336
f 310 309 337 338
f 311 310 338 339
f 312 311 339 340
f 313 312 340 341
f 314 313 341 342
f 315 314 342 343
f 316 315 343 344
f 317 316 344 345
f 318 317 345 346
f 319 318 346 347
f 320 319 347 348
f 321 320 348 349
f 322 321 349 350
f 323 322 350 351
f 324 323 351 352
f 325 324 352 353
f 326 325 353 354
f 327 326 354 355
f 328 327 355 356
f 329 328 356 357
f 330 329 357 358
f 331 330 358 359
f 332 331 359 360
f 333 332 360 361
f 334 333 361 362
f 335 334 362 363
f 336 335 363 364
f 338 337 365 366
f 339 338 366 367
f 340 339 367 368
f 341 340 368 369
f 342 341 369 370
f 343 342 370 371
f 344 343 371 372
f 345 344 372 373
f 346 345 373 374
f 347 346 374 375
f 348 347 375 376
f 349 348 376 377
f 350 349 377 378
f 351 350 378 379
f 352 351 379 380
f 353 352 380 381
f 354 353 381 382
f 355 354 382 383
f 356 355 383 384
f 357 356 384 385
f 358 357 385 386
f 359 358 386 387
f 360 359 387 388
f 361 360 388 389
f 362 361 389 390
f 363 362 390 391
f 364 363 391 392
f 366 365 393 394
f 367 366 394 395
f 368 367 395 396
f 369 368 396 397
f 370 369 397 398
f 371 370 398 399
f 372 371 399 400
f 373 372 400 401
f 374 373 401 402
f 375 374 402 403
f 376 375 403 404
f 377 376 404 405
f 378 377 405 406
f 379 378 406 407
f 380 379 407 408
f 381 380 408 409
f 382 381 409 410
f 383 382 410 411
f 384 383 411 412
f 385 384 412 413
f 386 385 413 414
f 387 386 414 415
f 388 387 415 416
f 389 388 416 417
f 390 389 417 418
f 391 390 418 419
f 392 391 419 420
f 394 393 421 422
f 395 394 422 423
f 396 395 423 424
f 397 396 424 425
f 398 397 425 426
f 399 398 426 427
f 400 399 427 428
f 401 400 428 429
f 402 401 429 430
f 403 402 430 431
f 404 403 431 432
f 405 404 432 433
f 406 405 433 434
f 407 406 434 435
f 408 407 435 436
f 409 408 436 437
f 410 409 437 438
f 411 410 438 439
f 412 411 439 440
f 413 412 440 441
f 414 413 441 442
f 415 414 442 443
f 416 415 443 444
f 417 416 444 445
f 418 417 445 446
f 419 418 446 447
f 420 419 447 448
f 422 421 449 450
f 423 422 450 451
f 424 423 451 452
f 425 424 452 453
f 426 425 453 454
f 427 426 454 455
f 428 427 455 456
f 429 428 456 457
f 430 429 457 458
f 431 430 458 459
f 432 431 459 460
f 433 432 460 461
f 434 433 461 462
f 435 434 462 463
f 436 435 463 464
f 437 436 464 465
f 438 437 465 466
f 439 438 466 467
f 440 439 467 468
f 441 440 468 469
f 442 441 469 470
f 443 442 470 471
f 444 443 471 472
f 445 444 472 473
f 446 445 473 474
f 447 446 474 475
f 448 447 475 476
f 450 449 477 478
f 451 450 478 479
f 452 451 479 480
f 453 452 480 481
f 454 453 481 482
f 455 454 482 483
f 456 455 483 484
f 457 456 484 485
f 458 457 485 486
f 459 458 486 487
f 460 459 487 488
f 461 460 488 489
f 462 461 489 490
f 463 462 490 491
f 464 463 491 492
f 465 464 492 493
f 466 465 493 494
f 467 466 494 495
f 468 467 495 496
f 469 468 496 497
f 470 469 497 498
f 471 470 498 499
f 472 471 499 500
f 473 472 500 501
f 474 473 501 502
f 475 474 502 503
f 476 475 503 504
f 478 477 505 506
f 479 478 506 507
f 480 479 507 508
f 481 480 508 509
f 482 481 509 510
f 483 482 510 511
f 484 483 511 512
f 485 484 512 513
f 486 485 513 514
f 487 486 514 515
f 488 487 515 516
f 489 488 516 517
f 490 489 517 518
f 491 490 518 519
f 492 491 519 520
f 493 492 520 521
f 494 493 521 522
f 495 494 522 523
f 496 495 523 524
f 497 496 524 525
f 498 497 525 526
f 499 498 526 527
f 500 499 527 528
f 501 500 528 529
f 502 501 529 530
f 503 502 530 531
f 504 503 531 532
f 506 505 533 534
f 507 506 534 535
f 508 507 535 536
f 509 508 536 537
f 510 509 537 538
f 511 510 538 539
f 512 511 539 540
f 513 512 540 541
f 514 513 541 542
f 515 514 542 543
f 516 515 543 544
f 517 516 544 545
f 518 517 545 546
f 519 518 546 547
f 520 519 547 548
f 521 520 548 549
f 522 521 549 550
f 523 522 550 551
f 524 523 551 552
f 525 524 552 553
f 526 525 553 554
f 527 526 554 555
f 528 527 555 556
f 529 528 556 557
f 530 529 557 558
f 531 530 558 559
f 532 531 559 560
f 534 533 561 562
f 535 534 562 563
f 536 535 563 564
f 537 536 564 565
f 538 537 565 566
f 539 538 566 567
f 540 539 567 568
f 541 540 568 569
f 542 541 569 570
f 543 542 570 571
f 544 543 571 572
f 545 544 572 573
f 546 545 573 574
f 547 546 574 575
f 548 547 575 576
f 549 548 576 577
f 550 549 577 578
f 551 550 578 579
f 552 551 579 580
f 553 552 580 581
f 554 553 581 582
f 555 554 582 583
f 556 555 583 584
f 557 556 584 585
f 558 557 585 586
f 559 558 586 587
f 560 559 587 588
f 562 561 589 590
f 563 562 590 591
f 564 563 591 592
f 565 564 592 593
f 566 565 593 594
f 567 566 594 595
f 568 567 595 596
f 569 568 596 597
f 570 569 597 598
f 571 570 598 599
f 572 571 599 600
f 573 572 600 601
f 574 573 601 602
f 575 574 602 603
f 576 575 603 604
f 577 576 604 605
f 578 577 605 606
f 579 578 606 607
f 580 579 607 608
f 581 580 608 609
f 582 581 609 610
f 583 582 610 611
f 584 583 611 612
f 585 584 612 613
f 586 585 613 614
f 587 586 614 615
f 588 587 615 616
f 590 589 617 618
f 591 590 618 619
f 592 591 619 620
f 593 592 620 621
f 594 593 621 622
f 595 594 622 623
f 596 595 623 624
f 597 596 624 625
f 598 597 625 626
f 599 598 626 627
f 600 599 627 628
f 601 600 628 629
f 602 601 629 630
f 603 602 630 631
f 604 603 631 632
f 605 604 632 633
f 606 605 633 634
f 607 606 634 635
f 608 607 635 636
f 609 608 636 637
f 610 609 637 638
f 611 610 638 639
f 612 611 639 640
f 613 612 640 641
f 614 613 641 642
f 615 614 642 643
f 616 615 643 644
f 618 617 645 646
f 619 618 646 647
f 620 619 647 648
f 621 620 648 649
f 622 621 649 650
f 623 622 650 651
f 624 623 651 652
f 625 624 652 653
f 626 625 653 654
f 627 626 654 655
f 628 627 655 656
f 629 628 656 657
f 630 629 657 658
f 631 630 658 659
f 632 631 659 660
f 633 632 660 661
f 634 633 661 662
f 635 634 662 663
f 636 635 663 664
f 637 636 664 665
f 638 637 665 666
f 639 638 666 667
f 640 639 667 668
f 641 640 668 669
f 642 641 669 670
f 643 642 670 671
f 644 643 671 672
f 646 645 673 674
f 647 646 674 675
f 648 647 675 676
f 649 648 676 677
f 650 649 677 678
f 651 650 678 679
f 652 651 679 680
f 653 652 680 681
f 654 653 681 682
f 655 654 682 683
f 656 655 683 684
f 657 656 684 685
f 658 657 685 686
f 659 658 686 687
f 660 659 687 688
f 661 660 688 689
f 662 661 689 690
f 663 662 690 691
f 664 663 691 692
f 665 664 692 693
f 666 665 693 694
f 667 666 694 695
f 668 667 695 696
f 669 668 696 697
f 670 669 697 698
f 671 670 698 699
f 672 671 699 700
f 674 673 701 702
f 675 674 702 703
f 676 675 703 704
f 677 676 704 705
f 678 677 705 706
f 679 678 706 707
f 680 679 707 708
f 681 680 708 709
f 682 681 709 710
f 683 682 710 711
f 684 683 711 712
f 685 684 712 713
f 686 685 713 714
f 687 686 714 715
f 688 687 715 716
f 689 688 716 717
f 690 689 717 718
f 691 690 718 719
f 692 691 719 720
f 693 692 720 721
f 694 693 721 722
f 695 694 722 723
f 696 695 723 724
f 697 696 724 725
f 698 697 725 726
f 699 698 726 727
f 700 699 727 728
f 702 701 729 730
f 703 702 730 731
f 704 703 731 732
f 705 704 732 733
f 706 705 733 734
f 707 706 734 735
f 708 707 735 736
f 709 708 736 737
f 710 709 737 738
f 711 710 738 739
f 712 711 739 740
f 713 712 740 741
f 714 713 741 742
f 715 714 742 743
f 716 715 743 744
f 717 716 744 745
f 718 717 745 746
f 719 718 746 747
f 720 719 747 748
f 721 720 748 749
f 722 721 749 750
f 723 722 750 751
f 724 723 751 752
f 725 724 752 753
f 726 725 753 754
f 727 726 754 755
f 728 727 755 756
f 730 729 757 758
f 731 730 758 759
f 732 731 759 760
f 733 732 760 761
f 734 733 761 762
f 735 734 762 763
f 736 735 763 764
f 737 736 764 765
f 738 737 765 766
f 739 738 766 767
f 740 739 767 768
f 741 740 768 769
f 742 741 769 770
f 743 742 770 771
f 744 743 771 772
f 745 744 772 773
f 746 745 773 774
f 747 746 774 775
f 748 747 775 776
f 749 748 776 777
f 750 749 777 778
f 751 750 778 779
f 752 751 779 780
f 753 752 780 781
f 754 753 781 782
f 755 754 782 783
f 756 755 783 784
