# Blender v2.79 (sub 0) OBJ File: ''
# www.blender.org
v -5.000000 0.000000 5.000000
v -5.000000 0.000000 4.090909
v -5.000000 0.000000 3.181818
v -5.000000 0.000000 2.272727
v -5.000000 0.000000 1.363636
v -5.000000 0.000000 0.454545
v -5.000000 0.000000 -0.454545
v -5.000000 0.000000 -1.363636
v -5.000000 0.000000 -2.272727
v -5.000000 0.000000 -3.181818
v -5.000000 0.000000 -4.090909
v -5.000000 0.000000 -5.000000
v -4.090909 0.000000 5.000000
v -4.090909 0.019469 4.090909
v -4.090909 0.287028 3.181818
v -4.090909 0.507031 2.272727
v -4.090909 0.505423 1.363636
v -4.090909 0.599809 0.454545
v -4.090909 0.622740 -0.454545
v -4.090909 0.647785 -1.363636
v -4.090909 0.695594 -2.272727
v -4.090909 0.426959 -3.181818
v -4.090909 0.027455 -4.090909
v -4.090909 0.000000 -5.000000
v -3.181818 0.000000 5.000000
v -3.181818 0.275886 4.090909
v -3.181818 0.787988 3.181818
v -3.181818 1.133313 2.272727
v -3.181818 1.186634 1.363636
v -3.181818 1.602752 0.454545
v -3.181818 1.650682 -0.454545
v -3.181818 1.696230 -1.363636
v -3.181818 1.787481 -2.272727
v -3.181818 1.202684 -3.181818
v -3.181818 0.378866 -4.090909
v -3.181818 0.000000 -5.000000
v -2.272727 0.000000 5.000000
v -2.272727 0.497455 4.090909
v -2.272727 1.097633 3.181818
v -2.272727 1.616831 2.272727
v -2.272727 2.197074 1.363636
v -2.272727 2.671867 0.454545
v -2.272727 2.584167 -0.454545
v -2.272727 2.811751 -1.363636
v -2.272727 2.768867 -2.272727
v -2.272727 2.091330 -3.181818
v -2.272727 0.676793 -4.090909
v -2.272727 0.000000 -5.000000
v -1.363636 0.000000 5.000000
v -1.363636 0.705109 4.090909
v -1.363636 1.703295 3.181818
v -1.363636 2.463721 2.272727
v -1.363636 3.372802 1.363636
v -1.363636 3.814486 0.454545
v -1.363636 3.628782 -0.454545
v -1.363636 3.074553 -1.363636
v -1.363636 2.814122 -2.272727
v -1.363636 2.263701 -3.181818
v -1.363636 0.842558 -4.090909
v -1.363636 0.000000 -5.000000
v -0.454545 0.000000 5.000000
v -0.454545 0.694268 4.090909
v -0.454545 1.881068 3.181818
v -0.454545 2.943010 2.272727
v -0.454545 3.939487 1.363636
v -0.454545 4.271102 0.454545
v -0.454545 4.397240 -0.454545
v -0.454545 3.777798 -1.363636
v -0.454545 3.790625 -2.272727
v -0.454545 2.691674 -3.181818
v -0.454545 1.103884 -4.090909
v -0.454545 0.000000 -5.000000
v 0.454545 0.000000 5.000000
v 0.454545 0.728318 4.090909
v 0.454545 2.042819 3.181818
v 0.454545 3.150778 2.272727
v 0.454545 4.270890 1.363636
v 0.454545 4.407762 0.454545
v 0.454545 5.098999 -0.454545
v 0.454545 4.854922 -1.363636
v 0.454545 4.174743 -2.272727
v 0.454545 2.879338 -3.181818
v 0.454545 1.083715 -4.090909
v 0.454545 0.000000 -5.000000
v 1.363636 0.000000 5.000000
v 1.363636 0.813528 4.090909
v 1.363636 2.029711 3.181818
v 1.363636 3.333067 2.272727
v 1.363636 4.681747 1.363636
v 1.363636 5.300261 0.454545
v 1.363636 5.202352 -0.454545
v 1.363636 5.044723 -1.363636
v 1.363636 4.272250 -2.272727
v 1.363636 2.865943 -3.181818
v 1.363636 1.101484 -4.090909
v 1.363636 0.000000 -5.000000
v 2.272727 0.000000 5.000000
v 2.272727 0.718493 4.090909
v 2.272727 2.037216 3.181818
v 2.272727 3.054443 2.272727
v 2.272727 4.303914 1.363636
v 2.272727 5.254467 0.454545
v 2.272727 5.364300 -0.454545
v 2.272727 4.853508 -1.363636
v 2.272727 3.935697 -2.272727
v 2.272727 3.198406 -3.181818
v 2.272727 1.152303 -4.090909
v 2.272727 0.000000 -5.000000
v 3.181818 0.000000 5.000000
v 3.181818 0.455186 4.090909
v 3.181818 1.565183 3.181818
v 3.181818 2.628628 2.272727
v 3.181818 3.006733 1.363636
v 3.181818 3.621158 0.454545
v 3.181818 3.518092 -0.454545
v 3.181818 3.556323 -1.363636
v 3.181818 2.941980 -2.272727
v 3.181818 1.975190 -3.181818
v 3.181818 0.565772 -4.090909
v 3.181818 0.000000 -5.000000
v 4.090909 0.000000 5.000000
v 4.090909 0.033492 4.090909
v 4.090909 0.515551 3.181818
v 4.090909 1.108613 2.272727
v 4.090909 1.296739 1.363636
v 4.090909 1.384866 0.454545
v 4.090909 1.500407 -0.454545
v 4.090909 1.425945 -1.363636
v 4.090909 1.205762 -2.272727
v 4.090909 0.580610 -3.181818
v 4.090909 0.036558 -4.090909
v 4.090909 0.000000 -5.000000
v 5.000000 0.000000 5.000000
v 5.000000 0.000000 4.090909
v 5.000000 0.000000 3.181818
v 5.000000 0.000000 2.272727
v 5.000000 0.000000 1.363636
v 5.000000 0.000000 0.454545
v 5.000000 0.000000 -0.454545
v 5.000000 0.000000 -1.363636
v 5.000000 0.000000 -2.272727
v 5.000000 0.000000 -3.181818
v 5.000000 0.000000 -4.090909
v 5.000000 0.000000 -5.000000
s 1
f 2 1 13 14
f 3 2 14 15
f 4 3 15 16
f 5 4 16 17
f 6 5 17 18
f 7 6 18 19
f 8 7 19 20
f 9 8 20 21
f 10 9 21 22
f 11 10 22 23
f 12 11 23 24
f 14 13 25 26
f 15 14 26 27
f 16 15 27 28
f 17 16 28 29
f 18 17 29 30
f 19 18 30 31
f 20 19 31 32
f 21 20 32 33
f 22 21 33 34
f 23 22 34 35
f 24 23 35 36
f 26 25 37 38
f 27 26 38 39
f 28 27 39 40
f 29 28 40 41
f 30 29 41 42
f 31 30 42 43
f 32 31 43 44
f 33 32 44 45
f 34 33 45 46
f 35 34 46 47
f 36 35 47 48
f 38 37 49 50
f 39 38 50 51
f 40 39 51 52
f 41 40 52 53
f 42 41 53 54
f 43 42 54 55
f 44 43 55 56
f 45 44 56 57
f 46 45 57 58
f 47 46 58 59
f 48 47 59 60
f 50 49 61 62
f 51 50 62 63
f 52 51 63 64
f 53 52 64 65
f 54 53 65 66
f 55 54 66 67
f 56 55 67 68
f 57 56 68 69
f 58 57 69 70
f 59 58 70 71
f 60 59 71 72
f 62 61 73 74
f 63 62 74 75
f 64 63 75 76
f 65 64 76 77
f 66 65 77 78
f 67 66 78 79
f 68 67 79 80
f 69 68 80 81
f 70 69 81 82
f 71 70 82 83
f 72 71 83 84
f 74 73 85 86
f 75 74 86 87
f 76 75 87 88
f 77 76 88 89
f 78 77 89 90
f 79 78 90 91
f 80 79 91 92
f 81 80 92 93
f 82 81 93 94
f 83 82 94 95
f 84 83 95 96
f 86 85 97 98
f 87 86 98 99
f 88 87 99 100
f 89 88 100 101
f 90 89 101 102
f 91 90 102 103
f 92 91 103 104
f 93 92 104 105
f 94 93 105 106
f 95 94 106 107
f 96 95 107 108
f 98 97 109 110
f 99 98 110 111
f 100 99 111 112
f 101 100 112 113
f 102 101 113 114
f 103 102 114 115
f 104 103 115 116
f 105 104 116 117
f 106 105 117 118
f 107 106 118 119
f 108 107 119 120
f 110 109 121 122
f 111 110 122 123
f 112 111 123 124
f 113 112 124 125
f 114 113 125 126
f 115 114 126 127
f 116 115 127 128
f 117 116 128 129
f 118 117 129 130
f 119 118 130 131
f 120 119 131 132
f 122 121 133 134
f 123 122 134 135
f 124 123 135 136
f 125 124 136 137
f 126 125 137 138
f 127 126 138 139
f 128 127 139 140
f 129 128 140 141
f 130 129 141 142
f 131 130 142 143
f 132 131 143 144
