# Blender v2.79 (sub 0) OBJ File: ''
# www.blender.org
v -5.000000 0.000000 5.000000
v -5.000000 0.000000 4.411765
v -5.000000 0.000000 3.823529
v -5.000000 0.000000 3.235294
v -5.000000 0.000000 2.647059
v -5.000000 0.000000 2.058824
v -5.000000 0.000000 1.470588
v -5.000000 0.000000 0.882353
v -5.000000 0.000000 0.294118
v -5.000000 0.000000 -0.294118
v -5.000000 0.000000 -0.882353
v -5.000000 0.000000 -1.470588
v -5.000000 0.000000 -2.058824
v -5.000000 0.000000 -2.647059
v -5.000000 0.000000 -3.235294
v -5.000000 0.000000 -3.823529
v -5.000000 0.000000 -4.411765
v -5.000000 0.000000 -5.000000
v -4.411765 0.000000 5.000000
v -4.411765 0.000000 4.411765
v -4.411765 0.004886 3.823529
v -4.411765 0.092477 3.235294
v -4.411765 0.200561 2.647059
v -4.411765 0.236777 2.058824
v -4.411765 0.243420 1.470588
v -4.411765 0.262227 0.882353
v -4.411765 0.312300 0.294118
v -4.411765 0.320495 -0.294118
v -4.411765 0.301375 -0.882353
v -4.411765 0.309716 -1.470588
v -4.411765 0.327014 -2.058824
v -4.411765 0.268055 -2.647059
v -4.411765 0.136399 -3.235294
v -4.411765 0.007257 -3.823529
v -4.411765 0.000000 -4.411765
v -4.411765 0.000000 -5.000000
v -3.823529 0.000000 5.000000
v -3.823529 0.004599 4.411765
v -3.823529 0.184551 3.823529
v -3.823529 0.433447 3.235294
v -3.823529 0.704698 2.647059
v -3.823529 0.751380 2.058824
v -3.823529 0.742337 1.470588
v -3.823529 0.798121 0.882353
v -3.823529 0.905433 0.294118
v -3.823529 0.949650 -0.294118
v -3.823529 0.929003 -0.882353
v -3.823529 0.962018 -1.470588
v -3.823529 1.046191 -2.058824
v -3.823529 0.922309 -2.647059
v -3.823529 0.648188 -3.235294
v -3.823529 0.271017 -3.823529
v -3.823529 0.006794 -4.411765
v -3.823529 0.000000 -5.000000
v -3.235294 0.000000 5.000000
v -3.235294 0.082986 4.411765
v -3.235294 0.422001 3.823529
v -3.235294 0.747359 3.235294
v -3.235294 1.003970 2.647059
v -3.235294 1.158471 2.058824
v -3.235294 1.178731 1.470588
v -3.235294 1.360715 0.882353
v -3.235294 1.556971 0.294118
v -3.235294 1.536026 -0.294118
v -3.235294 1.683703 -0.882353
v -3.235294 1.640837 -1.470588
v -3.235294 1.758423 -2.058824
v -3.235294 1.526669 -2.647059
v -3.235294 1.104184 -3.235294
v -3.235294 0.610407 -3.823529
v -3.235294 0.118691 -4.411765
v -3.235294 0.000000 -5.000000
v -2.647059 0.000000 5.000000
v -2.647059 0.185729 4.411765
v -2.647059 0.631556 3.823529
v -2.647059 0.935183 3.235294
v -2.647059 1.200312 2.647059
v -2.647059 1.503724 2.058824
v -2.647059 1.687745 1.470588
v -2.647059 1.929161 0.882353
v -2.647059 2.268278 0.294118
v -2.647059 2.209191 -0.294118
v -2.647059 2.360659 -0.882353
v -2.647059 2.234559 -1.470588
v -2.647059 2.416988 -2.058824
v -2.647059 2.378852 -2.647059
v -2.647059 1.769106 -3.235294
v -2.647059 0.885965 -3.823529
v -2.647059 0.245843 -4.411765
v -2.647059 0.000000 -5.000000
v -2.058824 0.000000 5.000000
v -2.058824 0.247742 4.411765
v -2.058824 0.760611 3.823529
v -2.058824 1.148705 3.235294
v -2.058824 1.526760 2.647059
v -2.058824 1.901479 2.058824
v -2.058824 2.430102 1.470588
v -2.058824 2.698584 0.882353
v -2.058824 2.980772 0.294118
v -2.058824 2.998824 -0.294118
v -2.058824 3.055257 -0.882353
v -2.058824 2.949497 -1.470588
v -2.058824 2.857930 -2.058824
v -2.058824 2.675629 -2.647059
v -2.058824 2.099446 -3.235294
v -2.058824 1.124755 -3.823529
v -2.058824 0.345780 -4.411765
v -2.058824 0.000000 -5.000000
v -1.470588 0.000000 5.000000
v -1.470588 0.320336 4.411765
v -1.470588 1.002129 3.823529
v -1.470588 1.552389 3.235294
v -1.470588 1.994063 2.647059
v -1.470588 2.622080 2.058824
v -1.470588 3.051476 1.470588
v -1.470588 3.473609 0.882353
v -1.470588 3.606673 0.294118
v -1.470588 3.494640 -0.294118
v -1.470588 3.435206 -0.882353
v -1.470588 3.033240 -1.470588
v -1.470588 2.781843 -2.058824
v -1.470588 2.576858 -2.647059
v -1.470588 2.167830 -3.235294
v -1.470588 1.221678 -3.823529
v -1.470588 0.403042 -4.411765
v -1.470588 0.000000 -5.000000
v -0.882353 0.000000 5.000000
v -0.882353 0.365692 4.411765
v -0.882353 1.084257 3.823529
v -0.882353 1.871193 3.235294
v -0.882353 2.570392 2.647059
v -0.882353 3.214060 2.058824
v -0.882353 3.642540 1.470588
v -0.882353 4.271108 0.882353
v -0.882353 4.287941 0.294118
v -0.882353 4.279514 -0.294118
v -0.882353 3.811965 -0.882353
v -0.882353 3.423859 -1.470588
v -0.882353 3.399208 -2.058824
v -0.882353 3.117567 -2.647059
v -0.882353 2.354983 -3.235294
v -0.882353 1.478498 -3.823529
v -0.882353 0.439598 -4.411765
v -0.882353 0.000000 -5.000000
v -0.294118 0.000000 5.000000
v -0.294118 0.336009 4.411765
v -0.294118 1.001393 3.823529
v -0.294118 1.795169 3.235294
v -0.294118 2.637190 2.647059
v -0.294118 3.294133 2.058824
v -0.294118 3.863653 1.470588
v -0.294118 4.395605 0.882353
v -0.294118 4.278882 0.294118
v -0.294118 4.401744 -0.294118
v -0.294118 4.232837 -0.882353
v -0.294118 4.116964 -1.470588
v -0.294118 3.988410 -2.058824
v -0.294118 3.571280 -2.647059
v -0.294118 2.755918 -3.235294
v -0.294118 1.609916 -3.823529
v -0.294118 0.525761 -4.411765
v -0.294118 0.000000 -5.000000
v 0.294118 0.000000 5.000000
v 0.294118 0.347841 4.411765
v 0.294118 1.105710 3.823529
v 0.294118 1.918624 3.235294
v 0.294118 2.635515 2.647059
v 0.294118 3.463048 2.058824
v 0.294118 4.110991 1.470588
v 0.294118 4.312045 0.882353
v 0.294118 4.331087 0.294118
v 0.294118 4.932402 -0.294118
v 0.294118 4.891684 -0.882353
v 0.294118 4.713179 -1.470588
v 0.294118 4.295106 -2.058824
v 0.294118 3.742826 -2.647059
v 0.294118 2.785736 -3.235294
v 0.294118 1.636879 -3.823529
v 0.294118 0.508597 -4.411765
v 0.294118 0.000000 -5.000000
v 0.882353 0.000000 5.000000
v 0.882353 0.394491 4.411765
v 0.882353 1.228553 3.823529
v 0.882353 1.994248 3.235294
v 0.882353 2.660663 2.647059
v 0.882353 3.544968 2.058824
v 0.882353 4.037741 1.470588
v 0.882353 4.917482 0.882353
v 0.882353 4.699588 0.294118
v 0.882353 4.915788 -0.294118
v 0.882353 5.061624 -0.882353
v 0.882353 5.088459 -1.470588
v 0.882353 4.613418 -2.058824
v 0.882353 3.959013 -2.647059
v 0.882353 2.820537 -3.235294
v 0.882353 1.646739 -3.823529
v 0.882353 0.564372 -4.411765
v 0.882353 0.000000 -5.000000
v 1.470588 0.000000 5.000000
v 1.470588 0.400017 4.411765
v 1.470588 1.105327 3.823529
v 1.470588 1.935269 3.235294
v 1.470588 2.765890 2.647059
v 1.470588 3.703014 2.058824
v 1.470588 4.460230 1.470588
v 1.470588 5.135119 0.882353
v 1.470588 5.466738 0.294118
v 1.470588 5.548023 -0.294118
v 1.470588 5.093195 -0.882353
v 1.470588 5.174568 -1.470588
v 1.470588 4.439014 -2.058824
v 1.470588 3.720131 -2.647059
v 1.470588 2.835085 -3.235294
v 1.470588 1.746065 -3.823529
v 1.470588 0.574920 -4.411765
v 1.470588 0.000000 -5.000000
v 2.058824 0.000000 5.000000
v 2.058824 0.365405 4.411765
v 2.058824 1.094347 3.823529
v 2.058824 1.911434 3.235294
v 2.058824 2.670429 2.647059
v 2.058824 3.602625 2.058824
v 2.058824 4.316925 1.470588
v 2.058824 5.002421 0.882353
v 2.058824 5.350695 0.294118
v 2.058824 5.730630 -0.294118
v 2.058824 5.184658 -0.882353
v 2.058824 4.941850 -1.470588
v 2.058824 4.135201 -2.058824
v 2.058824 4.014800 -2.647059
v 2.058824 3.183737 -3.235294
v 2.058824 1.752474 -3.823529
v 2.058824 0.562729 -4.411765
v 2.058824 0.000000 -5.000000
v 2.647059 0.000000 5.000000
v 2.647059 0.267848 4.411765
v 2.647059 0.939669 3.823529
v 2.647059 1.723764 3.235294
v 2.647059 2.511641 2.647059
v 2.647059 3.226008 2.058824
v 2.647059 3.707763 1.470588
v 2.647059 4.479174 0.882353
v 2.647059 5.041618 0.294118
v 2.647059 4.700773 -0.294118
v 2.647059 4.535801 -0.882353
v 2.647059 4.401191 -1.470588
v 2.647059 4.023389 -2.058824
v 2.647059 3.592012 -2.647059
v 2.647059 2.560314 -3.235294
v 2.647059 1.380041 -3.823529
v 2.647059 0.417663 -4.411765
v 2.647059 0.000000 -5.000000
v 3.235294 0.000000 5.000000
v 3.235294 0.146373 4.411765
v 3.235294 0.712045 3.823529
v 3.235294 1.458071 3.235294
v 3.235294 2.101117 2.647059
v 3.235294 2.774990 2.058824
v 3.235294 2.867544 1.470588
v 3.235294 3.368222 0.882353
v 3.235294 3.484401 0.294118
v 3.235294 3.428398 -0.294118
v 3.235294 3.534525 -0.882353
v 3.235294 3.322800 -1.470588
v 3.235294 2.930919 -2.058824
v 3.235294 2.488303 -2.647059
v 3.235294 1.821315 -3.235294
v 3.235294 0.893480 -3.823529
v 3.235294 0.177722 -4.411765
v 3.235294 0.000000 -5.000000
v 3.823529 0.000000 5.000000
v 3.823529 0.008428 4.411765
v 3.823529 0.308689 3.823529
v 3.823529 0.796535 3.235294
v 3.823529 1.438352 2.647059
v 3.823529 1.651936 2.058824
v 3.823529 1.895257 1.470588
v 3.823529 2.076178 0.882353
v 3.823529 2.094410 0.294118
v 3.823529 2.083533 -0.294118
v 3.823529 2.149303 -0.882353
v 3.823529 1.961587 -1.470588
v 3.823529 1.776854 -2.058824
v 3.823529 1.500630 -2.647059
v 3.823529 0.933205 -3.235294
v 3.823529 0.365312 -3.823529
v 3.823529 0.009512 -4.411765
v 3.823529 0.000000 -5.000000
v 4.411765 0.000000 5.000000
v 4.411765 0.000000 4.411765
v 4.411765 0.008210 3.823529
v 4.411765 0.150780 3.235294
v 4.411765 0.383893 2.647059
v 4.411765 0.544427 2.058824
v 4.411765 0.629444 1.470588
v 4.411765 0.702757 0.882353
v 4.411765 0.665291 0.294118
v 4.411765 0.739814 -0.294118
v 4.411765 0.709932 -0.882353
v 4.411765 0.677684 -1.470588
v 4.411765 0.574344 -2.058824
v 4.411765 0.443543 -2.647059
v 4.411765 0.170848 -3.235294
v 4.411765 0.008352 -3.823529
v 4.411765 0.000000 -4.411765
v 4.411765 0.000000 -5.000000
v 5.000000 0.000000 5.000000
v 5.000000 0.000000 4.411765
v 5.000000 0.000000 3.823529
v 5.000000 0.000000 3.235294
v 5.000000 0.000000 2.647059
v 5.000000 0.000000 2.058824
v 5.000000 0.000000 1.470588
v 5.000000 0.000000 0.882353
v 5.000000 0.000000 0.294118
v 5.000000 0.000000 -0.294118
v 5.000000 0.000000 -0.882353
v 5.000000 0.000000 -1.470588
v 5.000000 0.000000 -2.058824
v 5.000000 0.000000 -2.647059
v 5.000000 0.000000 -3.235294
v 5.000000 0.000000 -3.823529
v 5.000000 0.000000 -4.411765
v 5.000000 0.000000 -5.000000
s 1
f 2 1 19 20
f 3 2 20 21
f 4 3 21 22
f 5 4 22 23
f 6 5 23 24
f 7 6 24 25
f 8 7 25 26
f 9 8 26 27
f 10 9 27 28
f 11 10 28 29
f 12 11 29 30
f 13 12 30 31
f 14 13 31 32
f 15 14 32 33
f 16 15 33 34
f 17 16 34 35
f 18 17 35 36
f 20 19 37 38
f 21 20 38 39
f 22 21 39 40
f 23 22 40 41
f 24 23 41 42
f 25 24 42 43
f 26 25 43 44
f 27 26 44 45
f 28 27 45 46
f 29 28 46 47
f 30 29 47 48
f 31 30 48 49
f 32 31 49 50
f 33 32 50 51
f 34 33 51 52
f 35 34 52 53
f 36 35 53 54
f 38 37 55 56
f 39 38 56 57
f 40 39 57 58
f 41 40 58 59
f 42 41 59 60
f 43 42 60 61
f 44 43 61 62
f 45 44 62 63
f 46 45 63 64
f 47 46 64 65
f 48 47 65 66
f 49 48 66 67
f 50 49 67 68
f 51 50 68 69
f 52 51 69 70
f 53 52 70 71
f 54 53 71 72
f 56 55 73 74
f 57 56 74 75
f 58 57 75 76
f 59 58 76 77
f 60 59 77 78
f 61 60 78 79
f 62 61 79 80
f 63 62 80 81
f 64 63 81 82
f 65 64 82 83
f 66 65 83 84
f 67 66 84 85
f 68 67 85 86
f 69 68 86 87
f 70 69 87 88
f 71 70 88 89
f 72 71 89 90
f 74 73 91 92
f 75 74 92 93
f 76 75 93 94
f 77 76 94 95
f 78 77 95 96
f 79 78 96 97
f 80 79 97 98
f 81 80 98 99
f 82 81 99 100
f 83 82 100 101
f 84 83 101 102
f 85 84 102 103
f 86 85 103 104
f 87 86 104 105
f 88 87 105 106
f 89 88 106 107
f 90 89 107 108
f 92 91 109 110
f 93 92 110 111
f 94 93 111 112
f 95 94 112 113
f 96 95 113 114
f 97 96 114 115
f 98 97 115 116
f 99 98 116 117
f 100 99 117 118
f 101 100 118 119
f 102 101 119 120
f 103 102 120 121
f 104 103 121 122
f 105 104 122 123
f 106 105 123 124
f 107 106 124 125
f 108 107 125 126
f 110 109 127 128
f 111 110 128 129
f 112 111 129 130
f 113 112 130 131
f 114 113 131 132
f 115 114 132 133
f 116 115 133 134
f 117 116 134 135
f 118 117 135 136
f 119 118 136 137
f 120 119 137 138
f 121 120 138 139
f 122 121 139 140
f 123 122 140 141
f 124 123 141 142
f 125 124 142 143
f 126 125 143 144
f 128 127 145 146
f 129 128 146 147
f 130 129 147 148
f 131 130 148 149
f 132 131 149 150
f 133 132 150 151
f 134 133 151 152
f 135 134 152 153
f 136 135 153 154
f 137 136 154 155
f 138 137 155 156
f 139 138 156 157
f 140 139 157 158
f 141 140 158 159
f 142 141 159 160
f 143 142 160 161
f 144 143 161 162
f 146 145 163 164
f 147 146 164 165
f 148 147 165 166
f 149 148 166 167
f 150 149 167 168
f 151 150 168 169
f 152 151 169 170
f 153 152 170 171
f 154 153 171 172
f 155 154 172 173
f 156 155 173 174
f 157 156 174 175
f 158 157 175 176
f 159 158 176 177
f 160 159 177 178
f 161 160 178 179
f 162 161 179 180
f 164 163 181 182
f 165 164 182 183
f 166 165 183 184
f 167 166 184 185
f 168 167 185 186
f 169 168 186 187
f 170 169 187 188
f 171 170 188 189
f 172 171 189 190
f 173 172 190 191
f 174 173 191 192
f 175 174 192 193
f 176 175 193 194
f 177 176 194 195
f 178 177 195 196
f 179 178 196 197
f 180 179 197 198
f 182 181 199 200
f 183 182 200 201
f 184 183 201 202
f 185 184 202 203
f 186 185 203 204
f 187 186 204 205
f 188 187 205 206
f 189 188 206 207
f 190 189 207 208
f 191 190 208 209
f 192 191 209 210
f 193 192 210 211
f 194 193 211 212
f 195 194 212 213
f 196 195 213 214
f 197 196 214 215
f 198 197 215 216
f 200 199 217 218
f 201 200 218 219
f 202 201 219 220
f 203 202 220 221
f 204 203 221 222
f 205 204 222 223
f 206 205 223 224
f 207 206 224 225
f 208 207 225 226
f 209 208 226 227
f 210 209 227 228
f 211 210 228 229
f 212 211 229 230
f 213 212 230 231
f 214 213 231 232
f 215 214 232 233
f 216 215 233 234
f 218 217 235 236
f 219 218 236 237
f 220 219 237 238
f 221 220 238 239
f 222 221 239 240
f 223 222 240 241
f 224 223 241 242
f 225 224 242 243
f 226 225 243 244
f 227 226 244 245
f 228 227 245 246
f 229 228 246 247
f 230 229 247 248
f 231 230 248 249
f 232 231 249 250
f 233 232 250 251
f 234 233 251 252
f 236 235 253 254
f 237 236 254 255
f 238 237 255 256
f 239 238 256 257
f 240 239 257 258
f 241 240 258 259
f 242 241 259 260
f 243 242 260 261
f 244 243 261 262
f 245 244 262 263
f 246 245 263 264
f 247 246 264 265
f 248 247 265 266
f 249 248 266 267
f 250 249 267 268
f 251 250 268 269
f 252 251 269 270
f 254 253 271 272
f 255 254 272 273
f 256 255 273 274
f 257 256 274 275
f 258 257 275 276
f 259 258 276 277
f 260 259 277 278
f 261 260 278 279
f 262 261 279 280
f 263 262 280 281
f 264 263 281 282
f 265 264 282 283
f 266 265 283 284
f 267 266 284 285
f 268 267 285 286
f 269 268 286 287
f 270 269 287 288
f 272 271 289 290
f 273 272 290 291
f 274 273 291 292
f 275 274 292 293
f 276 275 293 294
f 277 276 294 295
f 278 277 295 296
f 279 278 296 297
f 280 279 297 298
f 281 280 298 299
f 282 281 299 300
f 283 282 300 301
f 284 283 301 302
f 285 284 302 303
f 286 285 303 304
f 287 286 304 305
f 288 287 305 306
f 290 289 307 308
f 291 290 308 309
f 292 291 309 310
f 293 292 310 311
f 294 293 311 312
f 295 294 312 313
f 296 295 313 314
f 297 296 314 315
f 298 297 315 316
f 299 298 316 317
f 300 299 317 318
f 301 300 318 319
f 302 301 319 320
f 303 302 320 321
f 304 303 321 322
f 305 304 322 323
f 306 305 323 324
