# Blender v2.79 (sub 0) OBJ File: ''
# www.blender.org
v -5.000000 0.000000 5.000000
v -5.000000 0.000000 4.677419
v -5.000000 0.000000 4.354839
v -5.000000 0.000000 4.032258
v -5.000000 0.000000 3.709677
v -5.000000 0.000000 3.387097
v -5.000000 0.000000 3.064516
v -5.000000 0.000000 2.741935
v -5.000000 0.000000 2.419355
v -5.000000 0.000000 2.096774
v -5.000000 0.000000 1.774194
v -5.000000 0.000000 1.451613
v -5.000000 0.000000 1.129032
v -5.000000 0.000000 0.806452
v -5.000000 0.000000 0.483871
v -5.000000 0.000000 0.161290
v -5.000000 0.000000 -0.161290
v -5.000000 0.000000 -0.483871
v -5.000000 0.000000 -0.806452
v -5.000000 0.000000 -1.129032
v -5.000000 0.000000 -1.451613
v -5.000000 0.000000 -1.774194
v -5.000000 0.000000 -2.096774
v -5.000000 0.000000 -2.419355
v -5.000000 0.000000 -2.741935
v -5.000000 0.000000 -3.064516
v -5.000000 0.000000 -3.387097
v -5.000000 0.000000 -3.709677
v -5.000000 0.000000 -4.032258
v -5.000000 0.000000 -4.354839
v -5.000000 0.000000 -4.677419
v -5.000000 0.000000 -5.000000
v -4.677419 0.000000 5.000000
v -4.677419 0.000000 4.677419
v -4.677419 0.000000 4.354839
v -4.677419 0.000000 4.032258
v -4.677419 0.000000 3.709677
v -4.677419 0.001016 3.387097
v -4.677419 0.017148 3.064516
v -4.677419 0.038699 2.741935
v -4.677419 0.058443 2.419355
v -4.677419 0.069160 2.096774
v -4.677419 0.080759 1.774194
v -4.677419 0.084803 1.451613
v -4.677419 0.090663 1.129032
v -4.677419 0.102049 0.806452
v -4.677419 0.110668 0.483871
v -4.677419 0.112347 0.161290
v -4.677419 0.111491 -0.161290
v -4.677419 0.112607 -0.483871
v -4.677419 0.106463 -0.806452
v -4.677419 0.101907 -1.129032
v -4.677419 0.106087 -1.451613
v -4.677419 0.105507 -1.774194
v -4.677419 0.096777 -2.096774
v -4.677419 0.079520 -2.419355
v -4.677419 0.052126 -2.741935
v -4.677419 0.023031 -3.064516
v -4.677419 0.001567 -3.387097
v -4.677419 0.000000 -3.709677
v -4.677419 0.000000 -4.032258
v -4.677419 0.000000 -4.354839
v -4.677419 0.000000 -4.677419
v -4.677419 0.000000 -5.000000
v -4.354839 0.000000 5.000000
v -4.354839 0.000000 4.677419
v -4.354839 0.000000 4.354839
v -4.354839 0.000004 4.032258
v -4.354839 0.027705 3.709677
v -4.354839 0.087221 3.387097
v -4.354839 0.161902 3.064516
v -4.354839 0.225745 2.741935
v -4.354839 0.266381 2.419355
v -4.354839 0.283967 2.096774
v -4.354839 0.288452 1.774194
v -4.354839 0.288483 1.451613
v -4.354839 0.290752 1.129032
v -4.354839 0.315701 0.806452
v -4.354839 0.348695 0.483871
v -4.354839 0.372720 0.161290
v -4.354839 0.384240 -0.161290
v -4.354839 0.359102 -0.483871
v -4.354839 0.348547 -0.806452
v -4.354839 0.346631 -1.129032
v -4.354839 0.358078 -1.451613
v -4.354839 0.403996 -1.774194
v -4.354839 0.382204 -2.096774
v -4.354839 0.364972 -2.419355
v -4.354839 0.303997 -2.741935
v -4.354839 0.225728 -3.064516
v -4.354839 0.133132 -3.387097
v -4.354839 0.040335 -3.709677
v -4.354839 0.000006 -4.032258
v -4.354839 0.000000 -4.354839
v -4.354839 0.000000 -4.677419
v -4.354839 0.000000 -5.000000
v -4.032258 0.000000 5.000000
v -4.032258 0.000000 4.677419
v -4.032258 0.000004 4.354839
v -4.032258 0.043345 4.032258
v -4.032258 0.146897 3.709677
v -4.032258 0.259067 3.387097
v -4.032258 0.363888 3.064516
v -4.032258 0.510327 2.741935
v -4.032258 0.553667 2.419355
v -4.032258 0.563741 2.096774
v -4.032258 0.561443 1.774194
v -4.032258 0.557660 1.451613
v -4.032258 0.575823 1.129032
v -4.032258 0.587393 0.806452
v -4.032258 0.649528 0.483871
v -4.032258 0.687441 0.161290
v -4.032258 0.736145 -0.161290
v -4.032258 0.688475 -0.483871
v -4.032258 0.696038 -0.806452
v -4.032258 0.682217 -1.129032
v -4.032258 0.731985 -1.451613
v -4.032258 0.777259 -1.774194
v -4.032258 0.774285 -2.096774
v -4.032258 0.750451 -2.419355
v -4.032258 0.648848 -2.741935
v -4.032258 0.533295 -3.064516
v -4.032258 0.384402 -3.387097
v -4.032258 0.207996 -3.709677
v -4.032258 0.061197 -4.032258
v -4.032258 0.000006 -4.354839
v -4.032258 0.000000 -4.677419
v -4.032258 0.000000 -5.000000
v -3.709677 0.000000 5.000000
v -3.709677 0.000000 4.677419
v -3.709677 0.025186 4.354839
v -3.709677 0.129845 4.032258
v -3.709677 0.296003 3.709677
v -3.709677 0.444932 3.387097
v -3.709677 0.592192 3.064516
v -3.709677 0.715142 2.741935
v -3.709677 0.793125 2.419355
v -3.709677 0.843674 2.096774
v -3.709677 0.811238 1.774194
v -3.709677 0.824516 1.451613
v -3.709677 0.827247 1.129032
v -3.709677 0.940020 0.806452
v -3.709677 0.986424 0.483871
v -3.709677 1.052545 0.161290
v -3.709677 1.108221 -0.161290
v -3.709677 1.079932 -0.483871
v -3.709677 1.039524 -0.806452
v -3.709677 1.049963 -1.129032
v -3.709677 1.072393 -1.451613
v -3.709677 1.112687 -1.774194
v -3.709677 1.191445 -2.096774
v -3.709677 1.110237 -2.419355
v -3.709677 1.013817 -2.741935
v -3.709677 0.848430 -3.064516
v -3.709677 0.651816 -3.387097
v -3.709677 0.425420 -3.709677
v -3.709677 0.189341 -4.032258
v -3.709677 0.037715 -4.354839
v -3.709677 0.000000 -4.677419
v -3.709677 0.000000 -5.000000
v -3.387097 0.000000 5.000000
v -3.387097 0.000924 4.677419
v -3.387097 0.079676 4.354839
v -3.387097 0.249016 4.032258
v -3.387097 0.448606 3.709677
v -3.387097 0.624726 3.387097
v -3.387097 0.788634 3.064516
v -3.387097 0.880839 2.741935
v -3.387097 0.993195 2.419355
v -3.387097 1.057059 2.096774
v -3.387097 1.101482 1.774194
v -3.387097 1.048960 1.451613
v -3.387097 1.088222 1.129032
v -3.387097 1.230558 0.806452
v -3.387097 1.345409 0.483871
v -3.387097 1.405297 0.161290
v -3.387097 1.438536 -0.161290
v -3.387097 1.469041 -0.483871
v -3.387097 1.480178 -0.806452
v -3.387097 1.446240 -1.129032
v -3.387097 1.465116 -1.451613
v -3.387097 1.474564 -1.774194
v -3.387097 1.555164 -2.096774
v -3.387097 1.455968 -2.419355
v -3.387097 1.317321 -2.741935
v -3.387097 1.134303 -3.064516
v -3.387097 0.883452 -3.387097
v -3.387097 0.640548 -3.709677
v -3.387097 0.339361 -4.032258
v -3.387097 0.115767 -4.354839
v -3.387097 0.001365 -4.677419
v -3.387097 0.000000 -5.000000
v -3.064516 0.000000 5.000000
v -3.064516 0.014129 4.677419
v -3.064516 0.138575 4.354839
v -3.064516 0.351353 4.032258
v -3.064516 0.545073 3.709677
v -3.064516 0.730303 3.387097
v -3.064516 0.871560 3.064516
v -3.064516 1.015899 2.741935
v -3.064516 1.136488 2.419355
v -3.064516 1.245891 2.096774
v -3.064516 1.313308 1.774194
v -3.064516 1.266289 1.451613
v -3.064516 1.335962 1.129032
v -3.064516 1.508766 0.806452
v -3.064516 1.708528 0.483871
v -3.064516 1.674400 0.161290
v -3.064516 1.632207 -0.161290
v -3.064516 1.763907 -0.483871
v -3.064516 1.858341 -0.806452
v -3.064516 1.831185 -1.129032
v -3.064516 1.892287 -1.451613
v -3.064516 1.892215 -1.774194
v -3.064516 1.978262 -2.096774
v -3.064516 1.892655 -2.419355
v -3.064516 1.652942 -2.741935
v -3.064516 1.444360 -3.064516
v -3.064516 1.165135 -3.387097
v -3.064516 0.828932 -3.709677
v -3.064516 0.479333 -4.032258
v -3.064516 0.197860 -4.354839
v -3.064516 0.020967 -4.677419
v -3.064516 0.000000 -5.000000
v -2.741935 0.000000 5.000000
v -2.741935 0.035896 4.677419
v -2.741935 0.205662 4.354839
v -2.741935 0.448963 4.032258
v -2.741935 0.664615 3.709677
v -2.741935 0.822191 3.387097
v -2.741935 0.986469 3.064516
v -2.741935 1.135334 2.741935
v -2.741935 1.244793 2.419355
v -2.741935 1.426913 2.096774
v -2.741935 1.582152 1.774194
v -2.741935 1.603281 1.451613
v -2.741935 1.638916 1.129032
v -2.741935 1.884466 0.806452
v -2.741935 2.091517 0.483871
v -2.741935 2.084297 0.161290
v -2.741935 2.089894 -0.161290
v -2.741935 2.066797 -0.483871
v -2.741935 2.204603 -0.806452
v -2.741935 2.168155 -1.129032
v -2.741935 2.167002 -1.451613
v -2.741935 2.233886 -1.774194
v -2.741935 2.346133 -2.096774
v -2.741935 2.448045 -2.419355
v -2.741935 2.182976 -2.741935
v -2.741935 1.896719 -3.064516
v -2.741935 1.457676 -3.387097
v -2.741935 0.987110 -3.709677
v -2.741935 0.602671 -4.032258
v -2.741935 0.278895 -4.354839
v -2.741935 0.050521 -4.677419
v -2.741935 0.000000 -5.000000
v -2.419355 0.000000 5.000000
v -2.419355 0.057800 4.677419
v -2.419355 0.253041 4.354839
v -2.419355 0.518828 4.032258
v -2.419355 0.747117 3.709677
v -2.419355 0.932558 3.387097
v -2.419355 1.125540 3.064516
v -2.419355 1.277821 2.741935
v -2.419355 1.450962 2.419355
v -2.419355 1.640972 2.096774
v -2.419355 1.900192 1.774194
v -2.419355 1.953819 1.451613
v -2.419355 2.072654 1.129032
v -2.419355 2.292701 0.806452
v -2.419355 2.498251 0.483871
v -2.419355 2.557917 0.161290
v -2.419355 2.494536 -0.161290
v -2.419355 2.493797 -0.483871
v -2.419355 2.606210 -0.806452
v -2.419355 2.671836 -1.129032
v -2.419355 2.599771 -1.451613
v -2.419355 2.677321 -1.774194
v -2.419355 2.654097 -2.096774
v -2.419355 2.686353 -2.419355
v -2.419355 2.492110 -2.741935
v -2.419355 2.156991 -3.064516
v -2.419355 1.774505 -3.387097
v -2.419355 1.195938 -3.709677
v -2.419355 0.701769 -4.032258
v -2.419355 0.347669 -4.354839
v -2.419355 0.076289 -4.677419
v -2.419355 0.000000 -5.000000
v -2.096774 0.000000 5.000000
v -2.096774 0.076713 4.677419
v -2.096774 0.288943 4.354839
v -2.096774 0.586879 4.032258
v -2.096774 0.827508 3.709677
v -2.096774 1.042447 3.387097
v -2.096774 1.215846 3.064516
v -2.096774 1.412575 2.741935
v -2.096774 1.644135 2.419355
v -2.096774 1.840985 2.096774
v -2.096774 2.113338 1.774194
v -2.096774 2.401895 1.451613
v -2.096774 2.594437 1.129032
v -2.096774 2.744987 0.806452
v -2.096774 2.888924 0.483871
v -2.096774 2.972099 0.161290
v -2.096774 2.988297 -0.161290
v -2.096774 2.869348 -0.483871
v -2.096774 3.026430 -0.806452
v -2.096774 3.011617 -1.129032
v -2.096774 2.943995 -1.451613
v -2.096774 2.817278 -1.774194
v -2.096774 2.846861 -2.096774
v -2.096774 2.783208 -2.419355
v -2.096774 2.621637 -2.741935
v -2.096774 2.298376 -3.064516
v -2.096774 1.828494 -3.387097
v -2.096774 1.295963 -3.709677
v -2.096774 0.816999 -4.032258
v -2.096774 0.401856 -4.354839
v -2.096774 0.101258 -4.677419
v -2.096774 0.000000 -5.000000
v -1.774194 0.000000 5.000000
v -1.774194 0.092610 4.677419
v -1.774194 0.320298 4.354839
v -1.774194 0.667450 4.032258
v -1.774194 0.987161 3.709677
v -1.774194 1.202786 3.387097
v -1.774194 1.467548 3.064516
v -1.774194 1.640086 2.741935
v -1.774194 1.881834 2.419355
v -1.774194 2.237890 2.096774
v -1.774194 2.509752 1.774194
v -1.774194 2.719190 1.451613
v -1.774194 3.020439 1.129032
v -1.774194 3.043232 0.806452
v -1.774194 3.232497 0.483871
v -1.774194 3.375993 0.161290
v -1.774194 3.274915 -0.161290
v -1.774194 3.303620 -0.483871
v -1.774194 3.298926 -0.806452
v -1.774194 3.107610 -1.129032
v -1.774194 2.990851 -1.451613
v -1.774194 2.886544 -1.774194
v -1.774194 2.872554 -2.096774
v -1.774194 2.708472 -2.419355
v -1.774194 2.619645 -2.741935
v -1.774194 2.292011 -3.064516
v -1.774194 1.839535 -3.387097
v -1.774194 1.337606 -3.709677
v -1.774194 0.875162 -4.032258
v -1.774194 0.439072 -4.354839
v -1.774194 0.113733 -4.677419
v -1.774194 0.000000 -5.000000
v -1.451613 0.000000 5.000000
v -1.451613 0.108340 4.677419
v -1.451613 0.377627 4.354839
v -1.451613 0.750477 4.032258
v -1.451613 1.134253 3.709677
v -1.451613 1.469318 3.387097
v -1.451613 1.712771 3.064516
v -1.451613 1.970991 2.741935
v -1.451613 2.160448 2.419355
v -1.451613 2.599844 2.096774
v -1.451613 2.875024 1.774194
v -1.451613 3.098391 1.451613
v -1.451613 3.484177 1.129032
v -1.451613 3.526517 0.806452
v -1.451613 3.689265 0.483871
v -1.451613 3.585252 0.161290
v -1.451613 3.588755 -0.161290
v -1.451613 3.583803 -0.483871
v -1.451613 3.478639 -0.806452
v -1.451613 3.243170 -1.129032
v -1.451613 3.049245 -1.451613
v -1.451613 2.894819 -1.774194
v -1.451613 2.758154 -2.096774
v -1.451613 2.718450 -2.419355
v -1.451613 2.590757 -2.741935
v -1.451613 2.335158 -3.064516
v -1.451613 1.931248 -3.387097
v -1.451613 1.437856 -3.709677
v -1.451613 0.909462 -4.032258
v -1.451613 0.474191 -4.354839
v -1.451613 0.129966 -4.677419
v -1.451613 0.000000 -5.000000
v -1.129032 0.000000 5.000000
v -1.129032 0.116564 4.677419
v -1.129032 0.424887 4.354839
v -1.129032 0.796246 4.032258
v -1.129032 1.185332 3.709677
v -1.129032 1.594239 3.387097
v -1.129032 2.016298 3.064516
v -1.129032 2.378556 2.741935
v -1.129032 2.598818 2.419355
v -1.129032 3.095387 2.096774
v -1.129032 3.309818 1.774194
v -1.129032 3.425938 1.451613
v -1.129032 3.857303 1.129032
v -1.129032 4.046131 0.806452
v -1.129032 4.242188 0.483871
v -1.129032 4.023186 0.161290
v -1.129032 3.953326 -0.161290
v -1.129032 3.853055 -0.483871
v -1.129032 3.605764 -0.806452
v -1.129032 3.234483 -1.129032
v -1.129032 3.197872 -1.451613
v -1.129032 3.180940 -1.774194
v -1.129032 3.033072 -2.096774
v -1.129032 2.967997 -2.419355
v -1.129032 2.741794 -2.741935
v -1.129032 2.381233 -3.064516
v -1.129032 2.103426 -3.387097
v -1.129032 1.538155 -3.709677
v -1.129032 0.981707 -4.032258
v -1.129032 0.516456 -4.354839
v -1.129032 0.137583 -4.677419
v -1.129032 0.000000 -5.000000
v -0.806452 0.000000 5.000000
v -0.806452 0.124372 4.677419
v -0.806452 0.421511 4.354839
v -0.806452 0.834386 4.032258
v -0.806452 1.246452 3.709677
v -0.806452 1.694490 3.387097
v -0.806452 2.051630 3.064516
v -0.806452 2.476872 2.741935
v -0.806452 2.893593 2.419355
v -0.806452 3.205935 2.096774
v -0.806452 3.460857 1.774194
v -0.806452 3.701293 1.451613
v -0.806452 3.926791 1.129032
v -0.806452 4.348290 0.806452
v -0.806452 4.230472 0.483871
v -0.806452 4.416985 0.161290
v -0.806452 4.486461 -0.161290
v -0.806452 4.383482 -0.483871
v -0.806452 4.004560 -0.806452
v -0.806452 3.622310 -1.129032
v -0.806452 3.547678 -1.451613
v -0.806452 3.509218 -1.774194
v -0.806452 3.544295 -2.096774
v -0.806452 3.402493 -2.419355
v -0.806452 2.981979 -2.741935
v -0.806452 2.526817 -3.064516
v -0.806452 2.147873 -3.387097
v -0.806452 1.661843 -3.709677
v -0.806452 1.087521 -4.032258
v -0.806452 0.540398 -4.354839
v -0.806452 0.146382 -4.677419
v -0.806452 0.000000 -5.000000
v -0.483871 0.000000 5.000000
v -0.483871 0.115715 4.677419
v -0.483871 0.402674 4.354839
v -0.483871 0.772013 4.032258
v -0.483871 1.172582 3.709677
v -0.483871 1.642136 3.387097
v -0.483871 2.032676 3.064516
v -0.483871 2.464929 2.741935
v -0.483871 2.752508 2.419355
v -0.483871 3.218250 2.096774
v -0.483871 3.563688 1.774194
v -0.483871 3.798512 1.451613
v -0.483871 4.248744 1.129032
v -0.483871 4.452031 0.806452
v -0.483871 4.274337 0.483871
v -0.483871 4.343844 0.161290
v -0.483871 4.427709 -0.161290
v -0.483871 4.392549 -0.483871
v -0.483871 4.067823 -0.806452
v -0.483871 3.804326 -1.129032
v -0.483871 3.796474 -1.451613
v -0.483871 3.907091 -1.774194
v -0.483871 3.827472 -2.096774
v -0.483871 3.640821 -2.419355
v -0.483871 3.174478 -2.741935
v -0.483871 2.883855 -3.064516
v -0.483871 2.340050 -3.387097
v -0.483871 1.767999 -3.709677
v -0.483871 1.235399 -4.032258
v -0.483871 0.587252 -4.354839
v -0.483871 0.160398 -4.677419
v -0.483871 0.000000 -5.000000
v -0.161290 0.000000 5.000000
v -0.161290 0.115274 4.677419
v -0.161290 0.385953 4.354839
v -0.161290 0.760916 4.032258
v -0.161290 1.179428 3.709677
v -0.161290 1.575521 3.387097
v -0.161290 2.045534 3.064516
v -0.161290 2.518723 2.741935
v -0.161290 2.867496 2.419355
v -0.161290 3.272801 2.096774
v -0.161290 3.670074 1.774194
v -0.161290 3.952584 1.451613
v -0.161290 4.132490 1.129032
v -0.161290 4.174120 0.806452
v -0.161290 4.269002 0.483871
v -0.161290 4.277488 0.161290
v -0.161290 4.522862 -0.161290
v -0.161290 4.457980 -0.483871
v -0.161290 4.464880 -0.806452
v -0.161290 4.364101 -1.129032
v -0.161290 4.436213 -1.451613
v -0.161290 4.134449 -1.774194
v -0.161290 4.045177 -2.096774
v -0.161290 3.831932 -2.419355
v -0.161290 3.592947 -2.741935
v -0.161290 3.019065 -3.064516
v -0.161290 2.503125 -3.387097
v -0.161290 1.825279 -3.709677
v -0.161290 1.247353 -4.032258
v -0.161290 0.646499 -4.354839
v -0.161290 0.160957 -4.677419
v -0.161290 0.000000 -5.000000
v 0.161290 0.000000 5.000000
v 0.161290 0.114940 4.677419
v 0.161290 0.394885 4.354839
v 0.161290 0.791399 4.032258
v 0.161290 1.265463 3.709677
v 0.161290 1.657310 3.387097
v 0.161290 2.172471 3.064516
v 0.161290 2.575309 2.741935
v 0.161290 2.904790 2.419355
v 0.161290 3.356096 2.096774
v 0.161290 3.835693 1.774194
v 0.161290 4.030644 1.451613
v 0.161290 4.095550 1.129032
v 0.161290 4.200651 0.806452
v 0.161290 4.228553 0.483871
v 0.161290 4.404123 0.161290
v 0.161290 4.641579 -0.161290
v 0.161290 4.822267 -0.483871
v 0.161290 4.777841 -0.806452
v 0.161290 4.721152 -1.129032
v 0.161290 4.668617 -1.451613
v 0.161290 4.423086 -1.774194
v 0.161290 4.281632 -2.096774
v 0.161290 3.984220 -2.419355
v 0.161290 3.593205 -2.741935
v 0.161290 3.114554 -3.064516
v 0.161290 2.528106 -3.387097
v 0.161290 1.938514 -3.709677
v 0.161290 1.209667 -4.032258
v 0.161290 0.610223 -4.354839
v 0.161290 0.166686 -4.677419
v 0.161290 0.000000 -5.000000
v 0.483871 0.000000 5.000000
v 0.483871 0.120996 4.677419
v 0.483871 0.433007 4.354839
v 0.483871 0.815006 4.032258
v 0.483871 1.343338 3.709677
v 0.483871 1.804867 3.387097
v 0.483871 2.186661 3.064516
v 0.483871 2.573169 2.741935
v 0.483871 2.920406 2.419355
v 0.483871 3.491621 2.096774
v 0.483871 3.837232 1.774194
v 0.483871 4.251246 1.451613
v 0.483871 4.339818 1.129032
v 0.483871 4.449951 0.806452
v 0.483871 4.456076 0.483871
v 0.483871 4.538103 0.161290
v 0.483871 4.858570 -0.161290
v 0.483871 5.119298 -0.483871
v 0.483871 4.994637 -0.806452
v 0.483871 4.935727 -1.129032
v 0.483871 4.749966 -1.451613
v 0.483871 4.534091 -1.774194
v 0.483871 4.346644 -2.096774
v 0.483871 4.084170 -2.419355
v 0.483871 3.640330 -2.741935
v 0.483871 3.055830 -3.064516
v 0.483871 2.459787 -3.387097
v 0.483871 1.863997 -3.709677
v 0.483871 1.174495 -4.032258
v 0.483871 0.608744 -4.354839
v 0.483871 0.180067 -4.677419
v 0.483871 0.000000 -5.000000
v 0.806452 0.000000 5.000000
v 0.806452 0.130441 4.677419
v 0.806452 0.454972 4.354839
v 0.806452 0.884421 4.032258
v 0.806452 1.355184 3.709677
v 0.806452 1.841478 3.387097
v 0.806452 2.192093 3.064516
v 0.806452 2.540519 2.741935
v 0.806452 2.920357 2.419355
v 0.806452 3.413584 2.096774
v 0.806452 3.789029 1.774194
v 0.806452 4.149102 1.451613
v 0.806452 4.571352 1.129032
v 0.806452 4.759642 0.806452
v 0.806452 4.792393 0.483871
v 0.806452 4.646514 0.161290
v 0.806452 4.937180 -0.161290
v 0.806452 4.978429 -0.483871
v 0.806452 5.002035 -0.806452
v 0.806452 5.111423 -1.129032
v 0.806452 5.004623 -1.451613
v 0.806452 4.735363 -1.774194
v 0.806452 4.529435 -2.096774
v 0.806452 4.375890 -2.419355
v 0.806452 3.818099 -2.741935
v 0.806452 3.213897 -3.064516
v 0.806452 2.525705 -3.387097
v 0.806452 1.855205 -3.709677
v 0.806452 1.205737 -4.032258
v 0.806452 0.641299 -4.354839
v 0.806452 0.192580 -4.677419
v 0.806452 0.000000 -5.000000
v 1.129032 0.000000 5.000000
v 1.129032 0.137828 4.677419
v 1.129032 0.465517 4.354839
v 1.129032 0.922457 4.032258
v 1.129032 1.339727 3.709677
v 1.129032 1.817504 3.387097
v 1.129032 2.188866 3.064516
v 1.129032 2.540581 2.741935
v 1.129032 3.027494 2.419355
v 1.129032 3.567708 2.096774
v 1.129032 3.784616 1.774194
v 1.129032 4.216361 1.451613
v 1.129032 4.801105 1.129032
v 1.129032 5.019663 0.806452
v 1.129032 5.167912 0.483871
v 1.129032 5.009636 0.161290
v 1.129032 5.023024 -0.161290
v 1.129032 4.871792 -0.483871
v 1.129032 4.944574 -0.806452
v 1.129032 5.079467 -1.129032
v 1.129032 5.047117 -1.451613
v 1.129032 4.973328 -1.774194
v 1.129032 4.516418 -2.096774
v 1.129032 4.187757 -2.419355
v 1.129032 3.653070 -2.741935
v 1.129032 3.036449 -3.064516
v 1.129032 2.453162 -3.387097
v 1.129032 1.881069 -3.709677
v 1.129032 1.197059 -4.032258
v 1.129032 0.677657 -4.354839
v 1.129032 0.188811 -4.677419
v 1.129032 0.000000 -5.000000
v 1.451613 0.000000 5.000000
v 1.451613 0.141855 4.677419
v 1.451613 0.470094 4.354839
v 1.451613 0.862583 4.032258
v 1.451613 1.247255 3.709677
v 1.451613 1.742985 3.387097
v 1.451613 2.153591 3.064516
v 1.451613 2.597884 2.741935
v 1.451613 3.045828 2.419355
v 1.451613 3.616141 2.096774
v 1.451613 3.946815 1.774194
v 1.451613 4.468565 1.451613
v 1.451613 4.924895 1.129032
v 1.451613 5.228343 0.806452
v 1.451613 5.414371 0.483871
v 1.451613 5.546644 0.161290
v 1.451613 5.661471 -0.161290
v 1.451613 5.302556 -0.483871
v 1.451613 5.097228 -0.806452
v 1.451613 4.984192 -1.129032
v 1.451613 5.156178 -1.451613
v 1.451613 4.962751 -1.774194
v 1.451613 4.405236 -2.096774
v 1.451613 4.083649 -2.419355
v 1.451613 3.612038 -2.741935
v 1.451613 3.137699 -3.064516
v 1.451613 2.605334 -3.387097
v 1.451613 2.015829 -3.709677
v 1.451613 1.250183 -4.032258
v 1.451613 0.672027 -4.354839
v 1.451613 0.190531 -4.677419
v 1.451613 0.000000 -5.000000
v 1.774194 0.000000 5.000000
v 1.774194 0.125633 4.677419
v 1.774194 0.452780 4.354839
v 1.774194 0.807894 4.032258
v 1.774194 1.264586 3.709677
v 1.774194 1.705330 3.387097
v 1.774194 2.252789 3.064516
v 1.774194 2.667921 2.741935
v 1.774194 3.095423 2.419355
v 1.774194 3.691088 2.096774
v 1.774194 4.220620 1.774194
v 1.774194 4.654199 1.451613
v 1.774194 4.929460 1.129032
v 1.774194 5.056939 0.806452
v 1.774194 5.349878 0.483871
v 1.774194 5.617889 0.161290
v 1.774194 5.907089 -0.161290
v 1.774194 5.519794 -0.483871
v 1.774194 5.047350 -0.806452
v 1.774194 5.042591 -1.129032
v 1.774194 5.152016 -1.451613
v 1.774194 4.922094 -1.774194
v 1.774194 4.324986 -2.096774
v 1.774194 4.077879 -2.419355
v 1.774194 3.841143 -2.741935
v 1.774194 3.438606 -3.064516
v 1.774194 2.762808 -3.387097
v 1.774194 2.020319 -3.709677
v 1.774194 1.339252 -4.032258
v 1.774194 0.679278 -4.354839
v 1.774194 0.176556 -4.677419
v 1.774194 0.000000 -5.000000
v 2.096774 0.000000 5.000000
v 2.096774 0.108365 4.677419
v 2.096774 0.427422 4.354839
v 2.096774 0.812163 4.032258
v 2.096774 1.247333 3.709677
v 2.096774 1.690447 3.387097
v 2.096774 2.255447 3.064516
v 2.096774 2.545642 2.741935
v 2.096774 3.051505 2.419355
v 2.096774 3.505259 2.096774
v 2.096774 3.859817 1.774194
v 2.096774 4.329254 1.451613
v 2.096774 4.849573 1.129032
v 2.096774 4.960951 0.806452
v 2.096774 5.209280 0.483871
v 2.096774 5.389982 0.161290
v 2.096774 5.638035 -0.161290
v 2.096774 5.511093 -0.483871
v 2.096774 5.292298 -0.806452
v 2.096774 5.076354 -1.129032
v 2.096774 4.919826 -1.451613
v 2.096774 4.591084 -1.774194
v 2.096774 4.099830 -2.096774
v 2.096774 4.079978 -2.419355
v 2.096774 3.980725 -2.741935
v 2.096774 3.543163 -3.064516
v 2.096774 2.733046 -3.387097
v 2.096774 1.988840 -3.709677
v 2.096774 1.323167 -4.032258
v 2.096774 0.666688 -4.354839
v 2.096774 0.160817 -4.677419
v 2.096774 0.000000 -5.000000
v 2.419355 0.000000 5.000000
v 2.419355 0.085727 4.677419
v 2.419355 0.360807 4.354839
v 2.419355 0.736529 4.032258
v 2.419355 1.181929 3.709677
v 2.419355 1.650322 3.387097
v 2.419355 2.086425 3.064516
v 2.419355 2.492819 2.741935
v 2.419355 2.828091 2.419355
v 2.419355 3.230860 2.096774
v 2.419355 3.462919 1.774194
v 2.419355 3.996870 1.451613
v 2.419355 4.532886 1.129032
v 2.419355 4.950233 0.806452
v 2.419355 5.182467 0.483871
v 2.419355 5.142200 0.161290
v 2.419355 4.992901 -0.161290
v 2.419355 5.150443 -0.483871
v 2.419355 4.779990 -0.806452
v 2.419355 4.786985 -1.129032
v 2.419355 4.607510 -1.451613
v 2.419355 4.446547 -1.774194
v 2.419355 4.100507 -2.096774
v 2.419355 3.750007 -2.419355
v 2.419355 3.623141 -2.741935
v 2.419355 3.299724 -3.064516
v 2.419355 2.606807 -3.387097
v 2.419355 1.831302 -3.709677
v 2.419355 1.175335 -4.032258
v 2.419355 0.605405 -4.354839
v 2.419355 0.128950 -4.677419
v 2.419355 0.000000 -5.000000
v 2.741935 0.000000 5.000000
v 2.741935 0.059122 4.677419
v 2.741935 0.302754 4.354839
v 2.741935 0.655328 4.032258
v 2.741935 1.015065 3.709677
v 2.741935 1.423273 3.387097
v 2.741935 1.910707 3.064516
v 2.741935 2.359215 2.741935
v 2.741935 2.768036 2.419355
v 2.741935 3.144847 2.096774
v 2.741935 3.338499 1.774194
v 2.741935 3.645673 1.451613
v 2.741935 4.079657 1.129032
v 2.741935 4.357422 0.806452
v 2.741935 4.780044 0.483871
v 2.741935 4.736884 0.161290
v 2.741935 4.597377 -0.161290
v 2.741935 4.479609 -0.483871
v 2.741935 4.340647 -0.806452
v 2.741935 4.483017 -1.129032
v 2.741935 4.245646 -1.451613
v 2.741935 4.100198 -1.774194
v 2.741935 3.875161 -2.096774
v 2.741935 3.603707 -2.419355
v 2.741935 3.324729 -2.741935
v 2.741935 2.746593 -3.064516
v 2.741935 2.155847 -3.387097
v 2.741935 1.527183 -3.709677
v 2.741935 0.987827 -4.032258
v 2.741935 0.469379 -4.354839
v 2.741935 0.079761 -4.677419
v 2.741935 0.000000 -5.000000
v 3.064516 0.000000 5.000000
v 3.064516 0.026800 4.677419
v 3.064516 0.242530 4.354839
v 3.064516 0.543597 4.032258
v 3.064516 0.905869 3.709677
v 3.064516 1.324394 3.387097
v 3.064516 1.749956 3.064516
v 3.064516 2.135842 2.741935
v 3.064516 2.546813 2.419355
v 3.064516 2.890162 2.096774
v 3.064516 3.026139 1.774194
v 3.064516 3.074690 1.451613
v 3.064516 3.574283 1.129032
v 3.064516 3.795510 0.806452
v 3.064516 3.941653 0.483871
v 3.064516 3.890851 0.161290
v 3.064516 3.923762 -0.161290
v 3.064516 3.815923 -0.483871
v 3.064516 3.862136 -0.806452
v 3.064516 4.059413 -1.129032
v 3.064516 3.748952 -1.451613
v 3.064516 3.392049 -1.774194
v 3.064516 3.263264 -2.096774
v 3.064516 3.012379 -2.419355
v 3.064516 2.655998 -2.741935
v 3.064516 2.326305 -3.064516
v 3.064516 1.768165 -3.387097
v 3.064516 1.268704 -3.709677
v 3.064516 0.749411 -4.032258
v 3.064516 0.309741 -4.354839
v 3.064516 0.031474 -4.677419
v 3.064516 0.000000 -5.000000
v 3.387097 0.000000 5.000000
v 3.387097 0.001753 4.677419
v 3.387097 0.139454 4.354839
v 3.387097 0.400398 4.032258
v 3.387097 0.744014 3.709677
v 3.387097 1.107475 3.387097
v 3.387097 1.513003 3.064516
v 3.387097 1.892168 2.741935
v 3.387097 2.218536 2.419355
v 3.387097 2.430051 2.096774
v 3.387097 2.564735 1.774194
v 3.387097 2.718906 1.451613
v 3.387097 2.981537 1.129032
v 3.387097 2.983599 0.806452
v 3.387097 3.069518 0.483871
v 3.387097 3.091749 0.161290
v 3.387097 3.096138 -0.161290
v 3.387097 3.039958 -0.483871
v 3.387097 3.113681 -0.806452
v 3.387097 3.190046 -1.129032
v 3.387097 3.043294 -1.451613
v 3.387097 2.716545 -1.774194
v 3.387097 2.633272 -2.096774
v 3.387097 2.427567 -2.419355
v 3.387097 2.102072 -2.741935
v 3.387097 1.801232 -3.064516
v 3.387097 1.344332 -3.387097
v 3.387097 0.887648 -3.709677
v 3.387097 0.494938 -4.032258
v 3.387097 0.163782 -4.354839
v 3.387097 0.002020 -4.677419
v 3.387097 0.000000 -5.000000
v 3.709677 0.000000 5.000000
v 3.709677 0.000000 4.677419
v 3.709677 0.045787 4.354839
v 3.709677 0.223832 4.032258
v 3.709677 0.495863 3.709677
v 3.709677 0.789980 3.387097
v 3.709677 1.160016 3.064516
v 3.709677 1.531377 2.741935
v 3.709677 1.810444 2.419355
v 3.709677 1.841382 2.096774
v 3.709677 1.951634 1.774194
v 3.709677 2.172309 1.451613
v 3.709677 2.290164 1.129032
v 3.709677 2.360081 0.806452
v 3.709677 2.392000 0.483871
v 3.709677 2.409879 0.161290
v 3.709677 2.276507 -0.161290
v 3.709677 2.438295 -0.483871
v 3.709677 2.444506 -0.806452
v 3.709677 2.274461 -1.129032
v 3.709677 2.253231 -1.451613
v 3.709677 2.062512 -1.774194
v 3.709677 1.934875 -2.096774
v 3.709677 1.890455 -2.419355
v 3.709677 1.617981 -2.741935
v 3.709677 1.270103 -3.064516
v 3.709677 0.927398 -3.387097
v 3.709677 0.590321 -3.709677
v 3.709677 0.272634 -4.032258
v 3.709677 0.053647 -4.354839
v 3.709677 0.000000 -4.677419
v 3.709677 0.000000 -5.000000
v 4.032258 0.000000 5.000000
v 4.032258 0.000000 4.677419
v 4.032258 0.000008 4.354839
v 4.032258 0.073660 4.032258
v 4.032258 0.236005 3.709677
v 4.032258 0.442395 3.387097
v 4.032258 0.699522 3.064516
v 4.032258 0.947280 2.741935
v 4.032258 1.202259 2.419355
v 4.032258 1.278321 2.096774
v 4.032258 1.291721 1.774194
v 4.032258 1.394430 1.451613
v 4.032258 1.490681 1.129032
v 4.032258 1.547339 0.806452
v 4.032258 1.548375 0.483871
v 4.032258 1.612126 0.161290
v 4.032258 1.593853 -0.161290
v 4.032258 1.665126 -0.483871
v 4.032258 1.631106 -0.806452
v 4.032258 1.612494 -1.129032
v 4.032258 1.538001 -1.451613
v 4.032258 1.462030 -1.774194
v 4.032258 1.382407 -2.096774
v 4.032258 1.253626 -2.419355
v 4.032258 1.039245 -2.741935
v 4.032258 0.756199 -3.064516
v 4.032258 0.524583 -3.387097
v 4.032258 0.276465 -3.709677
v 4.032258 0.083053 -4.032258
v 4.032258 0.000008 -4.354839
v 4.032258 0.000000 -4.677419
v 4.032258 0.000000 -5.000000
v 4.354839 0.000000 5.000000
v 4.354839 0.000000 4.677419
v 4.354839 0.000000 4.354839
v 4.354839 0.000007 4.032258
v 4.354839 0.045150 3.709677
v 4.354839 0.139775 3.387097
v 4.354839 0.265799 3.064516
v 4.354839 0.417678 2.741935
v 4.354839 0.554228 2.419355
v 4.354839 0.634998 2.096774
v 4.354839 0.657416 1.774194
v 4.354839 0.739063 1.451613
v 4.354839 0.794769 1.129032
v 4.354839 0.801157 0.806452
v 4.354839 0.779421 0.483871
v 4.354839 0.811791 0.161290
v 4.354839 0.861731 -0.161290
v 4.354839 0.863988 -0.483871
v 4.354839 0.842954 -0.806452
v 4.354839 0.830020 -1.129032
v 4.354839 0.803779 -1.451613
v 4.354839 0.727838 -1.774194
v 4.354839 0.682220 -2.096774
v 4.354839 0.624410 -2.419355
v 4.354839 0.495206 -2.741935
v 4.354839 0.312834 -3.064516
v 4.354839 0.158023 -3.387097
v 4.354839 0.047804 -3.709677
v 4.354839 0.000008 -4.032258
v 4.354839 0.000000 -4.354839
v 4.354839 0.000000 -4.677419
v 4.354839 0.000000 -5.000000
v 4.677419 0.000000 5.000000
v 4.677419 0.000000 4.677419
v 4.677419 0.000000 4.354839
v 4.677419 0.000000 4.032258
v 4.677419 0.000000 3.709677
v 4.677419 0.001700 3.387097
v 4.677419 0.027668 3.064516
v 4.677419 0.073834 2.741935
v 4.677419 0.120728 2.419355
v 4.677419 0.156864 2.096774
v 4.677419 0.183226 1.774194
v 4.677419 0.215586 1.451613
v 4.677419 0.232835 1.129032
v 4.677419 0.243993 0.806452
v 4.677419 0.244899 0.483871
v 4.677419 0.240644 0.161290
v 4.677419 0.259420 -0.161290
v 4.677419 0.250858 -0.483871
v 4.677419 0.247248 -0.806452
v 4.677419 0.234647 -1.129032
v 4.677419 0.217056 -1.451613
v 4.677419 0.193083 -1.774194
v 4.677419 0.175652 -2.096774
v 4.677419 0.136220 -2.419355
v 4.677419 0.081512 -2.741935
v 4.677419 0.032455 -3.064516
v 4.677419 0.001876 -3.387097
v 4.677419 0.000000 -3.709677
v 4.677419 0.000000 -4.032258
v 4.677419 0.000000 -4.354839
v 4.677419 0.000000 -4.677419
v 4.677419 0.000000 -5.000000
v 5.000000 0.000000 5.000000
v 5.000000 0.000000 4.677419
v 5.000000 0.000000 4.354839
v 5.000000 0.000000 4.032258
v 5.000000 0.000000 3.709677
v 5.000000 0.000000 3.387097
v 5.000000 0.000000 3.064516
v 5.000000 0.000000 2.741935
v 5.000000 0.000000 2.419355
v 5.000000 0.000000 2.096774
v 5.000000 0.000000 1.774194
v 5.000000 0.000000 1.451613
v 5.000000 0.000000 1.129032
v 5.000000 0.000000 0.806452
v 5.000000 0.000000 0.483871
v 5.000000 0.000000 0.161290
v 5.000000 0.000000 -0.161290
v 5.000000 0.000000 -0.483871
v 5.000000 0.000000 -0.806452
v 5.000000 0.000000 -1.129032
v 5.000000 0.000000 -1.451613
v 5.000000 0.000000 -1.774194
v 5.000000 0.000000 -2.096774
v 5.000000 0.000000 -2.419355
v 5.000000 0.000000 -2.741935
v 5.000000 0.000000 -3.064516
v 5.000000 0.000000 -3.387097
v 5.000000 0.000000 -3.709677
v 5.000000 0.000000 -4.032258
v 5.000000 0.000000 -4.354839
v 5.000000 0.000000 -4.677419
v 5.000000 0.000000 -5.000000
s 1
f 2 1 33 34
f 3 2 34 35
f 4 3 35 36
f 5 4 36 37
f 6 5 37 38
f 7 6 38 39
f 8 7 39 40
f 9 8 40 41
f 10 9 41 42
f 11 10 42 43
f 12 11 43 44
f 13 12 44 45
f 14 13 45 46
f 15 14 46 47
f 16 15 47 48
f 17 16 48 49
f 18 17 49 50
f 19 18 50 51
f 20 19 51 52
f 21 20 52 53
f 22 21 53 54
f 23 22 54 55
f 24 23 55 56
f 25 24 56 57
f 26 25 57 58
f 27 26 58 59
f 28 27 59 60
f 29 28 60 61
f 30 29 61 62
f 31 30 62 63
f 32 31 63 64
f 34 33 65 66
f 35 34 66 67
f 36 35 67 68
f 37 36 68 69
f 38 37 69 70
f 39 38 70 71
f 40 39 71 72
f 41 40 72 73
f 42 41 73 74
f 43 42 74 75
f 44 43 75 76
f 45 44 76 77
f 46 45 77 78
f 47 46 78 79
f 48 47 79 80
f 49 48 80 81
f 50 49 81 82
f 51 50 82 83
f 52 51 83 84
f 53 52 84 85
f 54 53 85 86
f 55 54 86 87
f 56 55 87 88
f 57 56 88 89
f 58 57 89 90
f 59 58 90 91
f 60 59 91 92
f 61 60 92 93
f 62 61 93 94
f 63 62 94 95
f 64 63 95 96
f 66 65 97 98
f 67 66 98 99
f 68 67 99 100
f 69 68 100 101
f 70 69 101 102
f 71 70 102 103
f 72 71 103 104
f 73 72 104 105
f 74 73 105 106
f 75 74 106 107
f 76 75 107 108
f 77 76 108 109
f 78 77 109 110
f 79 78 110 111
f 80 79 111 112
f 81 80 112 113
f 82 81 113 114
f 83 82 114 115
f 84 83 115 116
f 85 84 116 117
f 86 85 117 118
f 87 86 118 119
f 88 87 119 120
f 89 88 120 121
f 90 89 121 122
f 91 90 122 123
f 92 91 123 124
f 93 92 124 125
f 94 93 125 126
f 95 94 126 127
f 96 95 127 128
f 98 97 129 130
f 99 98 130 131
f 100 99 131 132
f 101 100 132 133
f 102 101 133 134
f 103 102 134 135
f 104 103 135 136
f 105 104 136 137
f 106 105 137 138
f 107 106 138 139
f 108 107 139 140
f 109 108 140 141
f 110 109 141 142
f 111 110 142 143
f 112 111 143 144
f 113 112 144 145
f 114 113 145 146
f 115 114 146 147
f 116 115 147 148
f 117 116 148 149
f 118 117 149 150
f 119 118 150 151
f 120 119 151 152
f 121 120 152 153
f 122 121 153 154
f 123 122 154 155
f 124 123 155 156
f 125 124 156 157
f 126 125 157 158
f 127 126 158 159
f 128 127 159 160
f 130 129 161 162
f 131 130 162 163
f 132 131 163 164
f 133 132 164 165
f 134 133 165 166
f 135 134 166 167
f 136 135 167 168
f 137 136 168 169
f 138 137 169 170
f 139 138 170 171
f 140 139 171 172
f 141 140 172 173
f 142 141 173 174
f 143 142 174 175
f 144 143 175 176
f 145 144 176 177
f 146 145 177 178
f 147 146 178 179
f 148 147 179 180
f 149 148 180 181
f 150 149 181 182
f 151 150 182 183
f 152 151 183 184
f 153 152 184 185
f 154 153 185 186
f 155 154 186 187
f 156 155 187 188
f 157 156 188 189
f 158 157 189 190
f 159 158 190 191
f 160 159 191 192
f 162 161 193 194
f 163 162 194 195
f 164 163 195 196
f 165 164 196 197
f 166 165 197 198
f 167 166 198 199
f 168 167 199 200
f 169 168 200 201
f 170 169 201 202
f 171 170 202 203
f 172 171 203 204
f 173 172 204 205
f 174 173 205 206
f 175 174 206 207
f 176 175 207 208
f 177 176 208 209
f 178 177 209 210
f 179 178 210 211
f 180 179 211 212
f 181 180 212 213
f 182 181 213 214
f 183 182 214 215
f 184 183 215 216
f 185 184 216 217
f 186 185 217 218
f 187 186 218 219
f 188 187 219 220
f 189 188 220 221
f 190 189 221 222
f 191 190 222 223
f 192 191 223 224
f 194 193 225 226
f 195 194 226 227
f 196 195 227 228
f 197 196 228 229
f 198 197 229 230
f 199 198 230 231
f 200 199 231 232
f 201 200 232 233
f 202 201 233 234
f 203 202 234 235
f 204 203 235 236
f 205 204 236 237
f 206 205 237 238
f 207 206 238 239
f 208 207 239 240
f 209 208 240 241
f 210 209 241 242
f 211 210 242 243
f 212 211 243 244
f 213 212 244 245
f 214 213 245 246
f 215 214 246 247
f 216 215 247 248
f 217 216 248 249
f 218 217 249 250
f 219 218 250 251
f 220 219 251 252
f 221 220 252 253
f 222 221 253 254
f 223 222 254 255
f 224 223 255 256
f 226 225 257 258
f 227 226 258 259
f 228 227 259 260
f 229 228 260 261
f 230 229 261 262
f 231 230 262 263
f 232 231 263 264
f 233 232 264 265
f 234 233 265 266
f 235 234 266 267
f 236 235 267 268
f 237 236 268 269
f 238 237 269 270
f 239 238 270 271
f 240 239 271 272
f 241 240 272 273
f 242 241 273 274
f 243 242 274 275
f 244 243 275 276
f 245 244 276 277
f 246 245 277 278
f 247 246 278 279
f 248 247 279 280
f 249 248 280 281
f 250 249 281 282
f 251 250 282 283
f 252 251 283 284
f 253 252 284 285
f 254 253 285 286
f 255 254 286 287
f 256 255 287 288
f 258 257 289 290
f 259 258 290 291
f 260 259 291 292
f 261 260 292 293
f 262 261 293 294
f 263 262 294 295
f 264 263 295 296
f 265 264 296 297
f 266 265 297 298
f 267 266 298 299
f 268 267 299 300
f 269 268 300 301
f 270 269 301 302
f 271 270 302 303
f 272 271 303 304
f 273 272 304 305
f 274 273 305 306
f 275 274 306 307
f 276 275 307 308
f 277 276 308 309
f 278 277 309 310
f 279 278 310 311
f 280 279 311 312
f 281 280 312 313
f 282 281 313 314
f 283 282 314 315
f 284 283 315 316
f 285 284 316 317
f 286 285 317 318
f 287 286 318 319
f 288 287 319 320
f 290 289 321 322
f 291 290 322 323
f 292 291 323 324
f 293 292 324 325
f 294 293 325 326
f 295 294 326 327
f 296 295 327 328
f 297 296 328 329
f 298 297 329 330
f 299 298 330 331
f 300 299 331 332
f 301 300 332 333
f 302 301 333 334
f 303 302 334 335
f 304 303 335 336
f 305 304 336 337
f 306 305 337 338
f 307 306 338 339
f 308 307 339 340
f 309 308 340 341
f 310 309 341 342
f 311 310 342 343
f 312 311 343 344
f 313 312 344 345
f 314 313 345 346
f 315 314 346 347
f 316 315 347 348
f 317 316 348 349
f 318 317 349 350
f 319 318 350 351
f 320 319 351 352
f 322 321 353 354
f 323 322 354 355
f 324 323 355 356
f 325 324 356 357
f 326 325 357 358
f 327 326 358 359
f 328 327 359 360
f 329 328 360 361
f 330 329 361 362
f 331 330 362 363
f 332 331 363 364
f 333 332 364 365
f 334 333 365 366
f 335 334 366 367
f 336 335 367 368
f 337 336 368 369
f 338 337 369 370
f 339 338 370 371
f 340 339 371 372
f 341 340 372 373
f 342 341 373 374
f 343 342 374 375
f 344 343 375 376
f 345 344 376 377
f 346 345 377 378
f 347 346 378 379
f 348 347 379 380
f 349 348 380 381
f 350 349 381 382
f 351 350 382 383
f 352 351 383 384
f 354 353 385 386
f 355 354 386 387
f 356 355 387 388
f 357 356 388 389
f 358 357 389 390
f 359 358 390 391
f 360 359 391 392
f 361 360 392 393
f 362 361 393 394
f 363 362 394 395
f 364 363 395 396
f 365 364 396 397
f 366 365 397 398
f 367 366 398 399
f 368 367 399 400
f 369 368 400 401
f 370 369 401 402
f 371 370 402 403
f 372 371 403 404
f 373 372 404 405
f 374 373 405 406
f 375 374 406 407
f 376 375 407 408
f 377 376 408 409
f 378 377 409 410
f 379 378 410 411
f 380 379 411 412
f 381 380 412 413
f 382 381 413 414
f 383 382 414 415
f 384 383 415 416
f 386 385 417 418
f 387 386 418 419
f 388 387 419 420
f 389 388 420 421
f 390 389 421 422
f 391 390 422 423
f 392 391 423 424
f 393 392 424 425
f 394 393 425 426
f 395 394 426 427
f 396 395 427 428
f 397 396 428 429
f 398 397 429 430
f 399 398 430 431
f 400 399 431 432
f 401 400 432 433
f 402 401 433 434
f 403 402 434 435
f 404 403 435 436
f 405 404 436 437
f 406 405 437 438
f 407 406 438 439
f 408 407 439 440
f 409 408 440 441
f 410 409 441 442
f 411 410 442 443
f 412 411 443 444
f 413 412 444 445
f 414 413 445 446
f 415 414 446 447
f 416 415 447 448
f 418 417 449 450
f 419 418 450 451
f 420 419 451 452
f 421 420 452 453
f 422 421 453 454
f 423 422 454 455
f 424 423 455 456
f 425 424 456 457
f 426 425 457 458
f 427 426 458 459
f 428 427 459 460
f 429 428 460 461
f 430 429 461 462
f 431 430 462 463
f 432 431 463 464
f 433 432 464 465
f 434 433 465 466
f 435 434 466 467
f 436 435 467 468
f 437 436 468 469
f 438 437 469 470
f 439 438 470 471
f 440 439 471 472
f 441 440 472 473
f 442 441 473 474
f 443 442 474 475
f 444 443 475 476
f 445 444 476 477
f 446 445 477 478
f 447 446 478 479
f 448 447 479 480
f 450 449 481 482
f 451 450 482 483
f 452 451 483 484
f 453 452 484 485
f 454 453 485 486
f 455 454 486 487
f 456 455 487 488
f 457 456 488 489
f 458 457 489 490
f 459 458 490 491
f 460 459 491 492
f 461 460 492 493
f 462 461 493 494
f 463 462 494 495
f 464 463 495 496
f 465 464 496 497
f 466 465 497 498
f 467 466 498 499
f 468 467 499 500
f 469 468 500 501
f 470 469 501 502
f 471 470 502 503
f 472 471 503 504
f 473 472 504 505
f 474 473 505 506
f 475 474 506 507
f 476 475 507 508
f 477 476 508 509
f 478 477 509 510
f 479 478 510 511
f 480 479 511 512
f 482 481 513 514
f 483 482 514 515
f 484 483 515 516
f 485 484 516 517
f 486 485 517 518
f 487 486 518 519
f 488 487 519 520
f 489 488 520 521
f 490 489 521 522
f 491 490 522 523
f 492 491 523 524
f 493 492 524 525
f 494 493 525 526
f 495 494 526 527
f 496 495 527 528
f 497 496 528 529
f 498 497 529 530
f 499 498 530 531
f 500 499 531 532
f 501 500 532 533
f 502 501 533 534
f 503 502 534 535
f 504 503 535 536
f 505 504 536 537
f 506 505 537 538
f 507 506 538 539
f 508 507 539 540
f 509 508 540 541
f 510 509 541 542
f 511 510 542 543
f 512 511 543 544
f 514 513 545 546
f 515 514 546 547
f 516 515 547 548
f 517 516 548 549
f 518 517 549 550
f 519 518 550 551
f 520 519 551 552
f 521 520 552 553
f 522 521 553 554
f 523 522 554 555
f 524 523 555 556
f 525 524 556 557
f 526 525 557 558
f 527 526 558 559
f 528 527 559 560
f 529 528 560 561
f 530 529 561 562
f 531 530 562 563
f 532 531 563 564
f 533 532 564 565
f 534 533 565 566
f 535 534 566 567
f 536 535 567 568
f 537 536 568 569
f 538 537 569 570
f 539 538 570 571
f 540 539 571 572
f 541 540 572 573
f 542 541 573 574
f 543 542 574 575
f 544 543 575 576
f 546 545 577 578
f 547 546 578 579
f 548 547 579 580
f 549 548 580 581
f 550 549 581 582
f 551 550 582 583
f 552 551 583 584
f 553 552 584 585
f 554 553 585 586
f 555 554 586 587
f 556 555 587 588
f 557 556 588 589
f 558 557 589 590
f 559 558 590 591
f 560 559 591 592
f 561 560 592 593
f 562 561 593 594
f 563 562 594 595
f 564 563 595 596
f 565 564 596 597
f 566 565 597 598
f 567 566 598 599
f 568 567 599 600
f 569 568 600 601
f 570 569 601 602
f 571 570 602 603
f 572 571 603 604
f 573 572 604 605
f 574 573 605 606
f 575 574 606 607
f 576 575 607 608
f 578 577 609 610
f 579 578 610 611
f 580 579 611 612
f 581 580 612 613
f 582 581 613 614
f 583 582 614 615
f 584 583 615 616
f 585 584 616 617
f 586 585 617 618
f 587 586 618 619
f 588 587 619 620
f 589 588 620 621
f 590 589 621 622
f 591 590 622 623
f 592 591 623 624
f 593 592 624 625
f 594 593 625 626
f 595 594 626 627
f 596 595 627 628
f 597 596 628 629
f 598 597 629 630
f 599 598 630 631
f 600 599 631 632
f 601 600 632 633
f 602 601 633 634
f 603 602 634 635
f 604 603 635 636
f 605 604 636 637
f 606 605 637 638
f 607 606 638 639
f 608 607 639 640
f 610 609 641 642
f 611 610 642 643
f 612 611 643 644
f 613 612 644 645
f 614 613 645 646
f 615 614 646 647
f 616 615 647 648
f 617 616 648 649
f 618 617 649 650
f 619 618 650 651
f 620 619 651 652
f 621 620 652 653
f 622 621 653 654
f 623 622 654 655
f 624 623 655 656
f 625 624 656 657
f 626 625 657 658
f 627 626 658 659
f 628 627 659 660
f 629 628 660 661
f 630 629 661 662
f 631 630 662 663
f 632 631 663 664
f 633 632 664 665
f 634 633 665 666
f 635 634 666 667
f 636 635 667 668
f 637 636 668 669
f 638 637 669 670
f 639 638 670 671
f 640 639 671 672
f 642 641 673 674
f 643 642 674 675
f 644 643 675 676
f 645 644 676 677
f 646 645 677 678
f 647 646 678 679
f 648 647 679 680
f 649 648 680 681
f 650 649 681 682
f 651 650 682 683
f 652 651 683 684
f 653 652 684 685
f 654 653 685 686
f 655 654 686 687
f 656 655 687 688
f 657 656 688 689
f 658 657 689 690
f 659 658 690 691
f 660 659 691 692
f 661 660 692 693
f 662 661 693 694
f 663 662 694 695
f 664 663 695 696
f 665 664 696 697
f 666 665 697 698
f 667 666 698 699
f 668 667 699 700
f 669 668 700 701
f 670 669 701 702
f 671 670 702 703
f 672 671 703 704
f 674 673 705 706
f 675 674 706 707
f 676 675 707 708
f 677 676 708 709
f 678 677 709 710
f 679 678 710 711
f 680 679 711 712
f 681 680 712 713
f 682 681 713 714
f 683 682 714 715
f 684 683 715 716
f 685 684 716 717
f 686 685 717 718
f 687 686 718 719
f 688 687 719 720
f 689 688 720 721
f 690 689 721 722
f 691 690 722 723
f 692 691 723 724
f 693 692 724 725
f 694 693 725 726
f 695 694 726 727
f 696 695 727 728
f 697 696 728 729
f 698 697 729 730
f 699 698 730 731
f 700 699 731 732
f 701 700 732 733
f 702 701 733 734
f 703 702 734 735
f 704 703 735 736
f 706 705 737 738
f 707 706 738 739
f 708 707 739 740
f 709 708 740 741
f 710 709 741 742
f 711 710 742 743
f 712 711 743 744
f 713 712 744 745
f 714 713 745 746
f 715 714 746 747
f 716 715 747 748
f 717 716 748 749
f 718 717 749 750
f 719 718 750 751
f 720 719 751 752
f 721 720 752 753
f 722 721 753 754
f 723 722 754 755
f 724 723 755 756
f 725 724 756 757
f 726 725 757 758
f 727 726 758 759
f 728 727 759 760
f 729 728 760 761
f 730 729 761 762
f 731 730 762 763
f 732 731 763 764
f 733 732 764 765
f 734 733 765 766
f 735 734 766 767
f 736 735 767 768
f 738 737 769 770
f 739 738 770 771
f 740 739 771 772
f 741 740 772 773
f 742 741 773 774
f 743 742 774 775
f 744 743 775 776
f 745 744 776 777
f 746 745 777 778
f 747 746 778 779
f 748 747 779 780
f 749 748 780 781
f 750 749 781 782
f 751 750 782 783
f 752 751 783 784
f 753 752 784 785
f 754 753 785 786
f 755 754 786 787
f 756 755 787 788
f 757 756 788 789
f 758 757 789 790
f 759 758 790 791
f 760 759 791 792
f 761 760 792 793
f 762 761 793 794
f 763 762 794 795
f 764 763 795 796
f 765 764 796 797
f 766 765 797 798
f 767 766 798 799
f 768 767 799 800
f 770 769 801 802
f 771 770 802 803
f 772 771 803 804
f 773 772 804 805
f 774 773 805 806
f 775 774 806 807
f 776 775 807 808
f 777 776 808 809
f 778 777 809 810
f 779 778 810 811
f 780 779 811 812
f 781 780 812 813
f 782 781 813 814
f 783 782 814 815
f 784 783 815 816
f 785 784 816 817
f 786 785 817 818
f 787 786 818 819
f 788 787 819 820
f 789 788 820 821
f 790 789 821 822
f 791 790 822 823
f 792 791 823 824
f 793 792 824 825
f 794 793 825 826
f 795 794 826 827
f 796 795 827 828
f 797 796 828 829
f 798 797 829 830
f 799 798 830 831
f 800 799 831 832
f 802 801 833 834
f 803 802 834 835
f 804 803 835 836
f 805 804 836 837
f 806 805 837 838
f 807 806 838 839
f 808 807 839 840
f 809 808 840 841
f 810 809 841 842
f 811 810 842 843
f 812 811 843 844
f 813 812 844 845
f 814 813 845 846
f 815 814 846 847
f 816 815 847 848
f 817 816 848 849
f 818 817 849 850
f 819 818 850 851
f 820 819 851 852
f 821 820 852 853
f 822 821 853 854
f 823 822 854 855
f 824 823 855 856
f 825 824 856 857
f 826 825 857 858
f 827 826 858 859
f 828 827 859 860
f 829 828 860 861
f 830 829 861 862
f 831 830 862 863
f 832 831 863 864
f 834 833 865 866
f 835 834 866 867
f 836 835 867 868
f 837 836 868 869
f 838 837 869 870
f 839 838 870 871
f 840 839 871 872
f 841 840 872 873
f 842 841 873 874
f 843 842 874 875
f 844 843 875 876
f 845 844 876 877
f 846 845 877 878
f 847 846 878 879
f 848 847 879 880
f 849 848 880 881
f 850 849 881 882
f 851 850 882 883
f 852 851 883 884
f 853 852 884 885
f 854 853 885 886
f 855 854 886 887
f 856 855 887 888
f 857 856 888 889
f 858 857 889 890
f 859 858 890 891
f 860 859 891 892
f 861 860 892 893
f 862 861 893 894
f 863 862 894 895
f 864 863 895 896
f 866 865 897 898
f 867 866 898 899
f 868 867 899 900
f 869 868 900 901
f 870 869 901 902
f 871 870 902 903
f 872 871 903 904
f 873 872 904 905
f 874 873 905 906
f 875 874 906 907
f 876 875 907 908
f 877 876 908 909
f 878 877 909 910
f 879 878 910 911
f 880 879 911 912
f 881 880 912 913
f 882 881 913 914
f 883 882 914 915
f 884 883 915 916
f 885 884 916 917
f 886 885 917 918
f 887 886 918 919
f 888 887 919 920
f 889 888 920 921
f 890 889 921 922
f 891 890 922 923
f 892 891 923 924
f 893 892 924 925
f 894 893 925 926
f 895 894 926 927
f 896 895 927 928
f 898 897 929 930
f 899 898 930 931
f 900 899 931 932
f 901 900 932 933
f 902 901 933 934
f 903 902 934 935
f 904 903 935 936
f 905 904 936 937
f 906 905 937 938
f 907 906 938 939
f 908 907 939 940
f 909 908 940 941
f 910 909 941 942
f 911 910 942 943
f 912 911 943 944
f 913 912 944 945
f 914 913 945 946
f 915 914 946 947
f 916 915 947 948
f 917 916 948 949
f 918 917 949 950
f 919 918 950 951
f 920 919 951 952
f 921 920 952 953
f 922 921 953 954
f 923 922 954 955
f 924 923 955 956
f 925 924 956 957
f 926 925 957 958
f 927 926 958 959
f 928 927 959 960
f 930 929 961 962
f 931 930 962 963
f 932 931 963 964
f 933 932 964 965
f 934 933 965 966
f 935 934 966 967
f 936 935 967 968
f 937 936 968 969
f 938 937 969 970
f 939 938 970 971
f 940 939 971 972
f 941 940 972 973
f 942 941 973 974
f 943 942 974 975
f 944 943 975 976
f 945 944 976 977
f 946 945 977 978
f 947 946 978 979
f 948 947 979 980
f 949 948 980 981
f 950 949 981 982
f 951 950 982 983
f 952 951 983 984
f 953 952 984 985
f 954 953 985 986
f 955 954 986 987
f 956 955 987 988
f 957 956 988 989
f 958 957 989 990
f 959 958 990 991
f 960 959 991 992
f 962 961 993 994
f 963 962 994 995
f 964 963 995 996
f 965 964 996 997
f 966 965 997 998
f 967 966 998 999
f 968 967 999 1000
f 969 968 1000 1001
f 970 969 1001 1002
f 971 970 1002 1003
f 972 971 1003 1004
f 973 972 1004 1005
f 974 973 1005 1006
f 975 974 1006 1007
f 976 975 1007 1008
f 977 976 1008 1009
f 978 977 1009 1010
f 979 978 1010 1011
f 980 979 1011 1012
f 981 980 1012 1013
f 982 981 1013 1014
f 983 982 1014 1015
f 984 983 1015 1016
f 985 984 1016 1017
f 986 985 1017 1018
f 987 986 1018 1019
f 988 987 1019 1020
f 989 988 1020 1021
f 990 989 1021 1022
f 991 990 1022 1023
f 992 991 1023 1024
