# Blender v2.79 (sub 0) OBJ File: ''
# www.blender.org
v -5.000000 0.000000 5.000000
v -5.000000 0.000000 4.565217
v -5.000000 0.000000 4.130435
v -5.000000 0.000000 3.695652
v -5.000000 0.000000 3.260870
v -5.000000 0.000000 2.826087
v -5.000000 0.000000 2.391304
v -5.000000 0.000000 1.956522
v -5.000000 0.000000 1.521739
v -5.000000 0.000000 1.086957
v -5.000000 0.000000 0.652174
v -5.000000 0.000000 0.217391
v -5.000000 0.000000 -0.217391
v -5.000000 0.000000 -0.652174
v -5.000000 0.000000 -1.086957
v -5.000000 0.000000 -1.521739
v -5.000000 0.000000 -1.956522
v -5.000000 0.000000 -2.391304
v -5.000000 0.000000 -2.826087
v -5.000000 0.000000 -3.260870
v -5.000000 0.000000 -3.695652
v -5.000000 0.000000 -4.130435
v -5.000000 0.000000 -4.565217
v -5.000000 0.000000 -5.000000
v -4.565217 0.000000 5.000000
v -4.565217 0.000000 4.565217
v -4.565217 0.000000 4.130435
v -4.565217 0.000076 3.695652
v -4.565217 0.029753 3.260870
v -4.565217 0.080870 2.826087
v -4.565217 0.118134 2.391304
v -4.565217 0.134420 1.956522
v -4.565217 0.143017 1.521739
v -4.565217 0.150501 1.086957
v -4.565217 0.180021 0.652174
v -4.565217 0.193892 0.217391
v -4.565217 0.191622 -0.217391
v -4.565217 0.183263 -0.652174
v -4.565217 0.169372 -1.086957
v -4.565217 0.187160 -1.521739
v -4.565217 0.190195 -1.956522
v -4.565217 0.164343 -2.391304
v -4.565217 0.107970 -2.826087
v -4.565217 0.043176 -3.260870
v -4.565217 0.000121 -3.695652
v -4.565217 0.000000 -4.130435
v -4.565217 0.000000 -4.565217
v -4.565217 0.000000 -5.000000
v -4.130435 0.000000 5.000000
v -4.130435 0.000000 4.565217
v -4.130435 0.008474 4.130435
v -4.130435 0.109427 3.695652
v -4.130435 0.239889 3.260870
v -4.130435 0.397459 2.826087
v -4.130435 0.454198 2.391304
v -4.130435 0.476979 1.956522
v -4.130435 0.479287 1.521739
v -4.130435 0.480290 1.086957
v -4.130435 0.532423 0.652174
v -4.130435 0.583884 0.217391
v -4.130435 0.611442 -0.217391
v -4.130435 0.570253 -0.652174
v -4.130435 0.577747 -1.086957
v -4.130435 0.616782 -1.521739
v -4.130435 0.656687 -1.956522
v -4.130435 0.640868 -2.391304
v -4.130435 0.511335 -2.826087
v -4.130435 0.359007 -3.260870
v -4.130435 0.153575 -3.695652
v -4.130435 0.012012 -4.130435
v -4.130435 0.000000 -4.565217
v -4.130435 0.000000 -5.000000
v -3.695652 0.000000 5.000000
v -3.695652 0.000074 4.565217
v -3.695652 0.094149 4.130435
v -3.695652 0.310026 3.695652
v -3.695652 0.511957 3.260870
v -3.695652 0.703563 2.826087
v -3.695652 0.809671 2.391304
v -3.695652 0.838999 1.956522
v -3.695652 0.838696 1.521739
v -3.695652 0.843847 1.086957
v -3.695652 0.968057 0.652174
v -3.695652 1.062829 0.217391
v -3.695652 1.120551 -0.217391
v -3.695652 1.088285 -0.652174
v -3.695652 1.063629 -1.086957
v -3.695652 1.119469 -1.521739
v -3.695652 1.158080 -1.956522
v -3.695652 1.135762 -2.391304
v -3.695652 0.996930 -2.826087
v -3.695652 0.747884 -3.260870
v -3.695652 0.445613 -3.695652
v -3.695652 0.140211 -4.130435
v -3.695652 0.000110 -4.565217
v -3.695652 0.000000 -5.000000
v -3.260870 0.000000 5.000000
v -3.260870 0.026053 4.565217
v -3.260870 0.230419 4.130435
v -3.260870 0.492454 3.695652
v -3.260870 0.729215 3.260870
v -3.260870 0.911186 2.826087
v -3.260870 1.076706 2.391304
v -3.260870 1.171510 1.956522
v -3.260870 1.161623 1.521739
v -3.260870 1.232414 1.086957
v -3.260870 1.451747 0.652174
v -3.260870 1.519417 0.217391
v -3.260870 1.509405 -0.217391
v -3.260870 1.603882 -0.652174
v -3.260870 1.607054 -1.086957
v -3.260870 1.609596 -1.521739
v -3.260870 1.704511 -1.956522
v -3.260870 1.640311 -2.391304
v -3.260870 1.385090 -2.826087
v -3.260870 1.064057 -3.260870
v -3.260870 0.729859 -3.695652
v -3.260870 0.309766 -4.130435
v -3.260870 0.038479 -4.565217
v -3.260870 0.000000 -5.000000
v -2.826087 0.000000 5.000000
v -2.826087 0.071951 4.565217
v -2.826087 0.348663 4.130435
v -2.826087 0.648936 3.695652
v -2.826087 0.893263 3.260870
v -2.826087 1.081753 2.826087
v -2.826087 1.240458 2.391304
v -2.826087 1.437280 1.956522
v -2.826087 1.531026 1.521739
v -2.826087 1.570157 1.086957
v -2.826087 1.898063 0.652174
v -2.826087 1.964980 0.217391
v -2.826087 1.937527 -0.217391
v -2.826087 2.055131 -0.652174
v -2.826087 2.094136 -1.086957
v -2.826087 2.126864 -1.521739
v -2.826087 2.175024 -1.956522
v -2.826087 2.292921 -2.391304
v -2.826087 2.012847 -2.826087
v -2.826087 1.552432 -3.260870
v -2.826087 0.961525 -3.695652
v -2.826087 0.470821 -4.130435
v -2.826087 0.100827 -4.565217
v -2.826087 0.000000 -5.000000
v -2.391304 0.000000 5.000000
v -2.391304 0.117889 4.565217
v -2.391304 0.445839 4.130435
v -2.391304 0.766868 3.695652
v -2.391304 1.014413 3.260870
v -2.391304 1.246881 2.826087
v -2.391304 1.479617 2.391304
v -2.391304 1.813071 1.956522
v -2.391304 1.988451 1.521739
v -2.391304 2.133829 1.086957
v -2.391304 2.378757 0.652174
v -2.391304 2.583571 0.217391
v -2.391304 2.495644 -0.217391
v -2.391304 2.558573 -0.652174
v -2.391304 2.721948 -1.086957
v -2.391304 2.654754 -1.521739
v -2.391304 2.712283 -1.956522
v -2.391304 2.696362 -2.391304
v -2.391304 2.431551 -2.826087
v -2.391304 1.978069 -3.260870
v -2.391304 1.232498 -3.695652
v -2.391304 0.596325 -4.130435
v -2.391304 0.155616 -4.565217
v -2.391304 0.000000 -5.000000
v -1.956522 0.000000 5.000000
v -1.956522 0.148002 4.565217
v -1.956522 0.516178 4.130435
v -1.956522 0.903287 3.695652
v -1.956522 1.163321 3.260870
v -1.956522 1.456208 2.826087
v -1.956522 1.776138 2.391304
v -1.956522 2.127049 1.956522
v -1.956522 2.458528 1.521739
v -1.956522 2.769548 1.086957
v -1.956522 3.049470 0.652174
v -1.956522 3.167214 0.217391
v -1.956522 3.150124 -0.217391
v -1.956522 3.179234 -0.652174
v -1.956522 3.069434 -1.086957
v -1.956522 2.934961 -1.521739
v -1.956522 2.876960 -1.956522
v -1.956522 2.759203 -2.391304
v -1.956522 2.516804 -2.826087
v -1.956522 2.042045 -3.260870
v -1.956522 1.324627 -3.695652
v -1.956522 0.706710 -4.130435
v -1.956522 0.197592 -4.565217
v -1.956522 0.000000 -5.000000
v -1.521739 0.000000 5.000000
v -1.521739 0.179797 4.565217
v -1.521739 0.616279 4.130435
v -1.521739 1.127762 3.695652
v -1.521739 1.515825 3.260870
v -1.521739 1.802716 2.826087
v -1.521739 2.073755 2.391304
v -1.521739 2.640116 1.956522
v -1.521739 2.944224 1.521739
v -1.521739 3.393405 1.086957
v -1.521739 3.462077 0.652174
v -1.521739 3.537698 0.217391
v -1.521739 3.504924 -0.217391
v -1.521739 3.542751 -0.652174
v -1.521739 3.272125 -1.086957
v -1.521739 3.003619 -1.521739
v -1.521739 2.866324 -1.956522
v -1.521739 2.712620 -2.391304
v -1.521739 2.496396 -2.826087
v -1.521739 2.125166 -3.260870
v -1.521739 1.436240 -3.695652
v -1.521739 0.760586 -4.130435
v -1.521739 0.230467 -4.565217
v -1.521739 0.000000 -5.000000
v -1.086957 0.000000 5.000000
v -1.086957 0.205614 4.565217
v -1.086957 0.684378 4.130435
v -1.086957 1.226470 3.695652
v -1.086957 1.775202 3.260870
v -1.086957 2.297897 2.826087
v -1.086957 2.688677 2.391304
v -1.086957 3.251248 1.956522
v -1.086957 3.420167 1.521739
v -1.086957 3.907821 1.086957
v -1.086957 4.161915 0.652174
v -1.086957 4.084970 0.217391
v -1.086957 3.997552 -0.217391
v -1.086957 3.804441 -0.652174
v -1.086957 3.285887 -1.086957
v -1.086957 3.205917 -1.521739
v -1.086957 3.183064 -1.956522
v -1.086957 3.011714 -2.391304
v -1.086957 2.659848 -2.826087
v -1.086957 2.243616 -3.260870
v -1.086957 1.579028 -3.695652
v -1.086957 0.862274 -4.130435
v -1.086957 0.246242 -4.565217
v -1.086957 0.000000 -5.000000
v -0.652174 0.000000 5.000000
v -0.652174 0.204748 4.565217
v -0.652174 0.689150 4.130435
v -0.652174 1.248380 3.695652
v -0.652174 1.809769 3.260870
v -0.652174 2.389553 2.826087
v -0.652174 2.804929 2.391304
v -0.652174 3.475505 1.956522
v -0.652174 3.686897 1.521739
v -0.652174 4.216302 1.086957
v -0.652174 4.297730 0.652174
v -0.652174 4.340847 0.217391
v -0.652174 4.437953 -0.217391
v -0.652174 4.140593 -0.652174
v -0.652174 3.816560 -1.086957
v -0.652174 3.742871 -1.521739
v -0.652174 3.659132 -1.956522
v -0.652174 3.577322 -2.391304
v -0.652174 2.977422 -2.826087
v -0.652174 2.418605 -3.260870
v -0.652174 1.684646 -3.695652
v -0.652174 0.985262 -4.130435
v -0.652174 0.268381 -4.565217
v -0.652174 0.000000 -5.000000
v -0.217391 0.000000 5.000000
v -0.217391 0.199354 4.565217
v -0.217391 0.639574 4.130435
v -0.217391 1.170739 3.695652
v -0.217391 1.755534 3.260870
v -0.217391 2.423440 2.826087
v -0.217391 2.861582 2.391304
v -0.217391 3.429086 1.956522
v -0.217391 3.853388 1.521739
v -0.217391 4.183911 1.086957
v -0.217391 4.362063 0.652174
v -0.217391 4.240994 0.217391
v -0.217391 4.454827 -0.217391
v -0.217391 4.405175 -0.652174
v -0.217391 4.292509 -1.086957
v -0.217391 4.228361 -1.521739
v -0.217391 3.971924 -1.956522
v -0.217391 3.813893 -2.391304
v -0.217391 3.457582 -2.826087
v -0.217391 2.773627 -3.260870
v -0.217391 1.849979 -3.695652
v -0.217391 1.068910 -4.130435
v -0.217391 0.288938 -4.565217
v -0.217391 0.000000 -5.000000
v 0.217391 0.000000 5.000000
v 0.217391 0.200634 4.565217
v 0.217391 0.664457 4.130435
v 0.217391 1.291462 3.695652
v 0.217391 1.850073 3.260870
v 0.217391 2.479521 2.826087
v 0.217391 2.924661 2.391304
v 0.217391 3.612573 1.956522
v 0.217391 4.040173 1.521739
v 0.217391 4.178689 1.086957
v 0.217391 4.291196 0.652174
v 0.217391 4.321354 0.217391
v 0.217391 4.771364 -0.217391
v 0.217391 4.935493 -0.652174
v 0.217391 4.763739 -1.086957
v 0.217391 4.681159 -1.521739
v 0.217391 4.394269 -1.956522
v 0.217391 3.993312 -2.391304
v 0.217391 3.425292 -2.826087
v 0.217391 2.733158 -3.260870
v 0.217391 1.961601 -3.695652
v 0.217391 1.014381 -4.130435
v 0.217391 0.289419 -4.565217
v 0.217391 0.000000 -5.000000
v 0.652174 0.000000 5.000000
v 0.652174 0.215461 4.565217
v 0.652174 0.716789 4.130435
v 0.652174 1.333216 3.695652
v 0.652174 2.011339 3.260870
v 0.652174 2.460712 2.826087
v 0.652174 2.969240 2.391304
v 0.652174 3.632437 1.956522
v 0.652174 4.153964 1.521739
v 0.652174 4.553555 1.086957
v 0.652174 4.628125 0.652174
v 0.652174 4.582110 0.217391
v 0.652174 5.024964 -0.217391
v 0.652174 5.040746 -0.652174
v 0.652174 5.109983 -1.086957
v 0.652174 4.763149 -1.521739
v 0.652174 4.620367 -1.956522
v 0.652174 4.253548 -2.391304
v 0.652174 3.572877 -2.826087
v 0.652174 2.763070 -3.260870
v 0.652174 1.903548 -3.695652
v 0.652174 1.016858 -4.130435
v 0.652174 0.319778 -4.565217
v 0.652174 0.000000 -5.000000
v 1.086957 0.000000 5.000000
v 1.086957 0.235808 4.565217
v 1.086957 0.769822 4.130435
v 1.086957 1.375247 3.695652
v 1.086957 1.973297 3.260870
v 1.086957 2.459628 2.826087
v 1.086957 3.046841 2.391304
v 1.086957 3.690126 1.956522
v 1.086957 4.059856 1.521739
v 1.086957 4.813029 1.086957
v 1.086957 5.108898 0.652174
v 1.086957 5.019141 0.217391
v 1.086957 4.925711 -0.217391
v 1.086957 4.776391 -0.652174
v 1.086957 5.083126 -1.086957
v 1.086957 5.061226 -1.521739
v 1.086957 4.676579 -1.956522
v 1.086957 4.289228 -2.391304
v 1.086957 3.578026 -2.826087
v 1.086957 2.686428 -3.260870
v 1.086957 1.892041 -3.695652
v 1.086957 1.026965 -4.130435
v 1.086957 0.341671 -4.565217
v 1.086957 0.000000 -5.000000
v 1.521739 0.000000 5.000000
v 1.521739 0.238985 4.565217
v 1.521739 0.751348 4.130435
v 1.521739 1.268441 3.695652
v 1.521739 1.906778 3.260870
v 1.521739 2.462124 2.826087
v 1.521739 3.089339 2.391304
v 1.521739 3.771152 1.956522
v 1.521739 4.445177 1.521739
v 1.521739 4.976101 1.086957
v 1.521739 5.373748 0.652174
v 1.521739 5.550678 0.217391
v 1.521739 5.702239 -0.217391
v 1.521739 5.203208 -0.652174
v 1.521739 4.946195 -1.086957
v 1.521739 5.169071 -1.521739
v 1.521739 4.527372 -1.956522
v 1.521739 4.116911 -2.391304
v 1.521739 3.631382 -2.826087
v 1.521739 2.881028 -3.260870
v 1.521739 2.053511 -3.695652
v 1.521739 1.094776 -4.130435
v 1.521739 0.329486 -4.565217
v 1.521739 0.000000 -5.000000
v 1.956522 0.000000 5.000000
v 1.956522 0.211510 4.565217
v 1.956522 0.682905 4.130435
v 1.956522 1.276105 3.695652
v 1.956522 1.873486 3.260870
v 1.956522 2.566478 2.826087
v 1.956522 3.089129 2.391304
v 1.956522 3.830438 1.956522
v 1.956522 4.441831 1.521739
v 1.956522 4.945825 1.086957
v 1.956522 5.164279 0.652174
v 1.956522 5.475431 0.217391
v 1.956522 5.805749 -0.217391
v 1.956522 5.398807 -0.652174
v 1.956522 5.143440 -1.086957
v 1.956522 5.030571 -1.521739
v 1.956522 4.464008 -1.956522
v 1.956522 4.112042 -2.391304
v 1.956522 3.856273 -2.826087
v 1.956522 3.142019 -3.260870
v 1.956522 2.049800 -3.695652
v 1.956522 1.147019 -4.130435
v 1.956522 0.316361 -4.565217
v 1.956522 0.000000 -5.000000
v 2.391304 0.000000 5.000000
v 2.391304 0.174333 4.565217
v 2.391304 0.621899 4.130435
v 2.391304 1.213527 3.695652
v 2.391304 1.852689 3.260870
v 2.391304 2.469808 2.826087
v 2.391304 2.875679 2.391304
v 2.391304 3.401527 1.956522
v 2.391304 3.867019 1.521739
v 2.391304 4.618303 1.086957
v 2.391304 5.121294 0.652174
v 2.391304 5.237656 0.217391
v 2.391304 5.089516 -0.217391
v 2.391304 4.953889 -0.652174
v 2.391304 4.765301 -1.086957
v 2.391304 4.633203 -1.521739
v 2.391304 4.321156 -1.956522
v 2.391304 3.772931 -2.391304
v 2.391304 3.591626 -2.826087
v 2.391304 2.857635 -3.260870
v 2.391304 1.873077 -3.695652
v 2.391304 1.016789 -4.130435
v 2.391304 0.262557 -4.565217
v 2.391304 0.000000 -5.000000
v 2.826087 0.000000 5.000000
v 2.826087 0.118018 4.565217
v 2.826087 0.520257 4.130435
v 2.826087 0.993345 3.695652
v 2.826087 1.583394 3.260870
v 2.826087 2.159615 2.826087
v 2.826087 2.749819 2.391304
v 2.826087 3.104195 1.956522
v 2.826087 3.395516 1.521739
v 2.826087 4.036255 1.086957
v 2.826087 4.385544 0.652174
v 2.826087 4.614466 0.217391
v 2.826087 4.373646 -0.217391
v 2.826087 4.266017 -0.652174
v 2.826087 4.388062 -1.086957
v 2.826087 4.045221 -1.521739
v 2.826087 3.843395 -1.956522
v 2.826087 3.538557 -2.391304
v 2.826087 2.999160 -2.826087
v 2.826087 2.301709 -3.260870
v 2.826087 1.494340 -3.695652
v 2.826087 0.765504 -4.130435
v 2.826087 0.159595 -4.565217
v 2.826087 0.000000 -5.000000
v 3.260870 0.000000 5.000000
v 3.260870 0.048299 4.565217
v 3.260870 0.385953 4.130435
v 3.260870 0.846047 3.695652
v 3.260870 1.407172 3.260870
v 3.260870 1.856289 2.826087
v 3.260870 2.378352 2.391304
v 3.260870 2.714888 1.956522
v 3.260870 2.863507 1.521739
v 3.260870 3.209534 1.086957
v 3.260870 3.261752 0.652174
v 3.260870 3.354385 0.217391
v 3.260870 3.402779 -0.217391
v 3.260870 3.384885 -0.652174
v 3.260870 3.542536 -1.086957
v 3.260870 3.262889 -1.521739
v 3.260870 2.946236 -1.956522
v 3.260870 2.744195 -2.391304
v 3.260870 2.251365 -2.826087
v 3.260870 1.743252 -3.260870
v 3.260870 1.039787 -3.695652
v 3.260870 0.462477 -4.130435
v 3.260870 0.055933 -4.565217
v 3.260870 0.000000 -5.000000
v 3.695652 0.000000 5.000000
v 3.695652 0.000135 4.565217
v 3.695652 0.166347 4.130435
v 3.695652 0.521945 3.695652
v 3.695652 0.934738 3.260870
v 3.695652 1.464801 2.826087
v 3.695652 1.848567 2.391304
v 3.695652 1.923818 1.956522
v 3.695652 2.178071 1.521739
v 3.695652 2.325922 1.086957
v 3.695652 2.387712 0.652174
v 3.695652 2.443586 0.217391
v 3.695652 2.327021 -0.217391
v 3.695652 2.467957 -0.652174
v 3.695652 2.332902 -1.086957
v 3.695652 2.231248 -1.521739
v 3.695652 2.045843 -1.956522
v 3.695652 1.927015 -2.391304
v 3.695652 1.542380 -2.826087
v 3.695652 1.089758 -3.260870
v 3.695652 0.617882 -3.695652
v 3.695652 0.204319 -4.130435
v 3.695652 0.000152 -4.565217
v 3.695652 0.000000 -5.000000
v 4.130435 0.000000 5.000000
v 4.130435 0.000000 4.565217
v 4.130435 0.014669 4.130435
v 4.130435 0.172299 3.695652
v 4.130435 0.416373 3.260870
v 4.130435 0.714181 2.826087
v 4.130435 0.990448 2.391304
v 4.130435 1.076162 1.956522
v 4.130435 1.196167 1.521739
v 4.130435 1.288009 1.086957
v 4.130435 1.316452 0.652174
v 4.130435 1.339043 0.217391
v 4.130435 1.406557 -0.217391
v 4.130435 1.433988 -0.652174
v 4.130435 1.384338 -1.086957
v 4.130435 1.308776 -1.521739
v 4.130435 1.181924 -1.956522
v 4.130435 1.071968 -2.391304
v 4.130435 0.803053 -2.826087
v 4.130435 0.473860 -3.260870
v 4.130435 0.199399 -3.695652
v 4.130435 0.015715 -4.130435
v 4.130435 0.000000 -4.565217
v 4.130435 0.000000 -5.000000
v 4.565217 0.000000 5.000000
v 4.565217 0.000000 4.565217
v 4.565217 0.000000 4.130435
v 4.565217 0.000125 3.695652
v 4.565217 0.048179 3.260870
v 4.565217 0.145213 2.826087
v 4.565217 0.248463 2.391304
v 4.565217 0.308218 1.956522
v 4.565217 0.360444 1.521739
v 4.565217 0.407769 1.086957
v 4.565217 0.408289 0.652174
v 4.565217 0.405043 0.217391
v 4.565217 0.443411 -0.217391
v 4.565217 0.429748 -0.652174
v 4.565217 0.408883 -1.086957
v 4.565217 0.384926 -1.521739
v 4.565217 0.334736 -1.956522
v 4.565217 0.277816 -2.391304
v 4.565217 0.169699 -2.826087
v 4.565217 0.053649 -3.260870
v 4.565217 0.000139 -3.695652
v 4.565217 0.000000 -4.130435
v 4.565217 0.000000 -4.565217
v 4.565217 0.000000 -5.000000
v 5.000000 0.000000 5.000000
v 5.000000 0.000000 4.565217
v 5.000000 0.000000 4.130435
v 5.000000 0.000000 3.695652
v 5.000000 0.000000 3.260870
v 5.000000 0.000000 2.826087
v 5.000000 0.000000 2.391304
v 5.000000 0.000000 1.956522
v 5.000000 0.000000 1.521739
v 5.000000 0.000000 1.086957
v 5.000000 0.000000 0.652174
v 5.000000 0.000000 0.217391
v 5.000000 0.000000 -0.217391
v 5.000000 0.000000 -0.652174
v 5.000000 0.000000 -1.086957
v 5.000000 0.000000 -1.521739
v 5.000000 0.000000 -1.956522
v 5.000000 0.000000 -2.391304
v 5.000000 0.000000 -2.826087
v 5.000000 0.000000 -3.260870
v 5.000000 0.000000 -3.695652
v 5.000000 0.000000 -4.130435
v 5.000000 0.000000 -4.565217
v 5.000000 0.000000 -5.000000
s 1
f 2 1 25 26
f 3 2 26 27
f 4 3 27 28
f 5 4 28 29
f 6 5 29 30
f 7 6 30 31
f 8 7 31 32
f 9 8 32 33
f 10 9 33 34
f 11 10 34 35
f 12 11 35 36
f 13 12 36 37
f 14 13 37 38
f 15 14 38 39
f 16 15 39 40
f 17 16 40 41
f 18 17 41 42
f 19 18 42 43
f 20 19 43 44
f 21 20 44 45
f 22 21 45 46
f 23 22 46 47
f 24 23 47 48
f 26 25 49 50
f 27 26 50 51
f 28 27 51 52
f 29 28 52 53
f 30 29 53 54
f 31 30 54 55
f 32 31 55 56
f 33 32 56 57
f 34 33 57 58
f 35 34 58 59
f 36 35 59 60
f 37 36 60 61
f 38 37 61 62
f 39 38 62 63
f 40 39 63 64
f 41 40 64 65
f 42 41 65 66
f 43 42 66 67
f 44 43 67 68
f 45 44 68 69
f 46 45 69 70
f 47 46 70 71
f 48 47 71 72
f 50 49 73 74
f 51 50 74 75
f 52 51 75 76
f 53 52 76 77
f 54 53 77 78
f 55 54 78 79
f 56 55 79 80
f 57 56 80 81
f 58 57 81 82
f 59 58 82 83
f 60 59 83 84
f 61 60 84 85
f 62 61 85 86
f 63 62 86 87
f 64 63 87 88
f 65 64 88 89
f 66 65 89 90
f 67 66 90 91
f 68 67 91 92
f 69 68 92 93
f 70 69 93 94
f 71 70 94 95
f 72 71 95 96
f 74 73 97 98
f 75 74 98 99
f 76 75 99 100
f 77 76 100 101
f 78 77 101 102
f 79 78 102 103
f 80 79 103 104
f 81 80 104 105
f 82 81 105 106
f 83 82 106 107
f 84 83 107 108
f 85 84 108 109
f 86 85 109 110
f 87 86 110 111
f 88 87 111 112
f 89 88 112 113
f 90 89 113 114
f 91 90 114 115
f 92 91 115 116
f 93 92 116 117
f 94 93 117 118
f 95 94 118 119
f 96 95 119 120
f 98 97 121 122
f 99 98 122 123
f 100 99 123 124
f 101 100 124 125
f 102 101 125 126
f 103 102 126 127
f 104 103 127 128
f 105 104 128 129
f 106 105 129 130
f 107 106 130 131
f 108 107 131 132
f 109 108 132 133
f 110 109 133 134
f 111 110 134 135
f 112 111 135 136
f 113 112 136 137
f 114 113 137 138
f 115 114 138 139
f 116 115 139 140
f 117 116 140 141
f 118 117 141 142
f 119 118 142 143
f 120 119 143 144
f 122 121 145 146
f 123 122 146 147
f 124 123 147 148
f 125 124 148 149
f 126 125 149 150
f 127 126 150 151
f 128 127 151 152
f 129 128 152 153
f 130 129 153 154
f 131 130 154 155
f 132 131 155 156
f 133 132 156 157
f 134 133 157 158
f 135 134 158 159
f 136 135 159 160
f 137 136 160 161
f 138 137 161 162
f 139 138 162 163
f 140 139 163 164
f 141 140 164 165
f 142 141 165 166
f 143 142 166 167
f 144 143 167 168
f 146 145 169 170
f 147 146 170 171
f 148 147 171 172
f 149 148 172 173
f 150 149 173 174
f 151 150 174 175
f 152 151 175 176
f 153 152 176 177
f 154 153 177 178
f 155 154 178 179
f 156 155 179 180
f 157 156 180 181
f 158 157 181 182
f 159 158 182 183
f 160 159 183 184
f 161 160 184 185
f 162 161 185 186
f 163 162 186 187
f 164 163 187 188
f 165 164 188 189
f 166 165 189 190
f 167 166 190 191
f 168 167 191 192
f 170 169 193 194
f 171 170 194 195
f 172 171 195 196
f 173 172 196 197
f 174 173 197 198
f 175 174 198 199
f 176 175 199 200
f 177 176 200 201
f 178 177 201 202
f 179 178 202 203
f 180 179 203 204
f 181 180 204 205
f 182 181 205 206
f 183 182 206 207
f 184 183 207 208
f 185 184 208 209
f 186 185 209 210
f 187 186 210 211
f 188 187 211 212
f 189 188 212 213
f 190 189 213 214
f 191 190 214 215
f 192 191 215 216
f 194 193 217 218
f 195 194 218 219
f 196 195 219 220
f 197 196 220 221
f 198 197 221 222
f 199 198 222 223
f 200 199 223 224
f 201 200 224 225
f 202 201 225 226
f 203 202 226 227
f 204 203 227 228
f 205 204 228 229
f 206 205 229 230
f 207 206 230 231
f 208 207 231 232
f 209 208 232 233
f 210 209 233 234
f 211 210 234 235
f 212 211 235 236
f 213 212 236 237
f 214 213 237 238
f 215 214 238 239
f 216 215 239 240
f 218 217 241 242
f 219 218 242 243
f 220 219 243 244
f 221 220 244 245
f 222 221 245 246
f 223 222 246 247
f 224 223 247 248
f 225 224 248 249
f 226 225 249 250
f 227 226 250 251
f 228 227 251 252
f 229 228 252 253
f 230 229 253 254
f 231 230 254 255
f 232 231 255 256
f 233 232 256 257
f 234 233 257 258
f 235 234 258 259
f 236 235 259 260
f 237 236 260 261
f 238 237 261 262
f 239 238 262 263
f 240 239 263 264
f 242 241 265 266
f 243 242 266 267
f 244 243 267 268
f 245 244 268 269
f 246 245 269 270
f 247 246 270 271
f 248 247 271 272
f 249 248 272 273
f 250 249 273 274
f 251 250 274 275
f 252 251 275 276
f 253 252 276 277
f 254 253 277 278
f 255 254 278 279
f 256 255 279 280
f 257 256 280 281
f 258 257 281 282
f 259 258 282 283
f 260 259 283 284
f 261 260 284 285
f 262 261 285 286
f 263 262 286 287
f 264 263 287 288
f 266 265 289 290
f 267 266 290 291
f 268 267 291 292
f 269 268 292 293
f 270 269 293 294
f 271 270 294 295
f 272 271 295 296
f 273 272 296 297
f 274 273 297 298
f 275 274 298 299
f 276 275 299 300
f 277 276 300 301
f 278 277 301 302
f 279 278 302 303
f 280 279 303 304
f 281 280 304 305
f 282 281 305 306
f 283 282 306 307
f 284 283 307 308
f 285 284 308 309
f 286 285 309 310
f 287 286 310 311
f 288 287 311 312
f 290 289 313 314
f 291 290 314 315
f 292 291 315 316
f 293 292 316 317
f 294 293 317 318
f 295 294 318 319
f 296 295 319 320
f 297 296 320 321
f 298 297 321 322
f 299 298 322 323
f 300 299 323 324
f 301 300 324 325
f 302 301 325 326
f 303 302 326 327
f 304 303 327 328
f 305 304 328 329
f 306 305 329 330
f 307 306 330 331
f 308 307 331 332
f 309 308 332 333
f 310 309 333 334
f 311 310 334 335
f 312 311 335 336
f 314 313 337 338
f 315 314 338 339
f 316 315 339 340
f 317 316 340 341
f 318 317 341 342
f 319 318 342 343
f 320 319 343 344
f 321 320 344 345
f 322 321 345 346
f 323 322 346 347
f 324 323 347 348
f 325 324 348 349
f 326 325 349 350
f 327 326 350 351
f 328 327 351 352
f 329 328 352 353
f 330 329 353 354
f 331 330 354 355
f 332 331 355 356
f 333 332 356 357
f 334 333 357 358
f 335 334 358 359
f 336 335 359 360
f 338 337 361 362
f 339 338 362 363
f 340 339 363 364
f 341 340 364 365
f 342 341 365 366
f 343 342 366 367
f 344 343 367 368
f 345 344 368 369
f 346 345 369 370
f 347 346 370 371
f 348 347 371 372
f 349 348 372 373
f 350 349 373 374
f 351 350 374 375
f 352 351 375 376
f 353 352 376 377
f 354 353 377 378
f 355 354 378 379
f 356 355 379 380
f 357 356 380 381
f 358 357 381 382
f 359 358 382 383
f 360 359 383 384
f 362 361 385 386
f 363 362 386 387
f 364 363 387 388
f 365 364 388 389
f 366 365 389 390
f 367 366 390 391
f 368 367 391 392
f 369 368 392 393
f 370 369 393 394
f 371 370 394 395
f 372 371 395 396
f 373 372 396 397
f 374 373 397 398
f 375 374 398 399
f 376 375 399 400
f 377 376 400 401
f 378 377 401 402
f 379 378 402 403
f 380 379 403 404
f 381 380 404 405
f 382 381 405 406
f 383 382 406 407
f 384 383 407 408
f 386 385 409 410
f 387 386 410 411
f 388 387 411 412
f 389 388 412 413
f 390 389 413 414
f 391 390 414 415
f 392 391 415 416
f 393 392 416 417
f 394 393 417 418
f 395 394 418 419
f 396 395 419 420
f 397 396 420 421
f 398 397 421 422
f 399 398 422 423
f 400 399 423 424
f 401 400 424 425
f 402 401 425 426
f 403 402 426 427
f 404 403 427 428
f 405 404 428 429
f 406 405 429 430
f 407 406 430 431
f 408 407 431 432
f 410 409 433 434
f 411 410 434 435
f 412 411 435 436
f 413 412 436 437
f 414 413 437 438
f 415 414 438 439
f 416 415 439 440
f 417 416 440 441
f 418 417 441 442
f 419 418 442 443
f 420 419 443 444
f 421 420 444 445
f 422 421 445 446
f 423 422 446 447
f 424 423 447 448
f 425 424 448 449
f 426 425 449 450
f 427 426 450 451
f 428 427 451 452
f 429 428 452 453
f 430 429 453 454
f 431 430 454 455
f 432 431 455 456
f 434 433 457 458
f 435 434 458 459
f 436 435 459 460
f 437 436 460 461
f 438 437 461 462
f 439 438 462 463
f 440 439 463 464
f 441 440 464 465
f 442 441 465 466
f 443 442 466 467
f 444 443 467 468
f 445 444 468 469
f 446 445 469 470
f 447 446 470 471
f 448 447 471 472
f 449 448 472 473
f 450 449 473 474
f 451 450 474 475
f 452 451 475 476
f 453 452 476 477
f 454 453 477 478
f 455 454 478 479
f 456 455 479 480
f 458 457 481 482
f 459 458 482 483
f 460 459 483 484
f 461 460 484 485
f 462 461 485 486
f 463 462 486 487
f 464 463 487 488
f 465 464 488 489
f 466 465 489 490
f 467 466 490 491
f 468 467 491 492
f 469 468 492 493
f 470 469 493 494
f 471 470 494 495
f 472 471 495 496
f 473 472 496 497
f 474 473 497 498
f 475 474 498 499
f 476 475 499 500
f 477 476 500 501
f 478 477 501 502
f 479 478 502 503
f 480 479 503 504
f 482 481 505 506
f 483 482 506 507
f 484 483 507 508
f 485 484 508 509
f 486 485 509 510
f 487 486 510 511
f 488 487 511 512
f 489 488 512 513
f 490 489 513 514
f 491 490 514 515
f 492 491 515 516
f 493 492 516 517
f 494 493 517 518
f 495 494 518 519
f 496 495 519 520
f 497 496 520 521
f 498 497 521 522
f 499 498 522 523
f 500 499 523 524
f 501 500 524 525
f 502 501 525 526
f 503 502 526 527
f 504 503 527 528
f 506 505 529 530
f 507 506 530 531
f 508 507 531 532
f 509 508 532 533
f 510 509 533 534
f 511 510 534 535
f 512 511 535 536
f 513 512 536 537
f 514 513 537 538
f 515 514 538 539
f 516 515 539 540
f 517 516 540 541
f 518 517 541 542
f 519 518 542 543
f 520 519 543 544
f 521 520 544 545
f 522 521 545 546
f 523 522 546 547
f 524 523 547 548
f 525 524 548 549
f 526 525 549 550
f 527 526 550 551
f 528 527 551 552
f 530 529 553 554
f 531 530 554 555
f 532 531 555 556
f 533 532 556 557
f 534 533 557 558
f 535 534 558 559
f 536 535 559 560
f 537 536 560 561
f 538 537 561 562
f 539 538 562 563
f 540 539 563 564
f 541 540 564 565
f 542 541 565 566
f 543 542 566 567
f 544 543 567 568
f 545 544 568 569
f 546 545 569 570
f 547 546 570 571
f 548 547 571 572
f 549 548 572 573
f 550 549 573 574
f 551 550 574 575
f 552 551 575 576
