# Blender v2.79 (sub 0) OBJ File: ''
# www.blender.org
v -5.000000 0.000000 5.000000
v -5.000000 0.000000 4.743590
v -5.000000 0.000000 4.487180
v -5.000000 0.000000 4.230769
v -5.000000 0.000000 3.974359
v -5.000000 0.000000 3.717949
v -5.000000 0.000000 3.461539
v -5.000000 0.000000 3.205128
v -5.000000 0.000000 2.948718
v -5.000000 0.000000 2.692308
v -5.000000 0.000000 2.435897
v -5.000000 0.000000 2.179487
v -5.000000 0.000000 1.923077
v -5.000000 0.000000 1.666667
v -5.000000 0.000000 1.410257
v -5.000000 0.000000 1.153846
v -5.000000 0.000000 0.897436
v -5.000000 0.000000 0.641026
v -5.000000 0.000000 0.384615
v -5.000000 0.000000 0.128205
v -5.000000 0.000000 -0.128205
v -5.000000 0.000000 -0.384615
v -5.000000 0.000000 -0.641026
v -5.000000 0.000000 -0.897436
v -5.000000 0.000000 -1.153846
v -5.000000 0.000000 -1.410257
v -5.000000 0.000000 -1.666667
v -5.000000 0.000000 -1.923077
v -5.000000 0.000000 -2.179487
v -5.000000 0.000000 -2.435897
v -5.000000 0.000000 -2.692308
v -5.000000 0.000000 -2.948718
v -5.000000 0.000000 -3.205128
v -5.000000 0.000000 -3.461539
v -5.000000 0.000000 -3.717949
v -5.000000 0.000000 -3.974359
v -5.000000 0.000000 -4.230769
v -5.000000 0.000000 -4.487180
v -5.000000 0.000000 -4.743590
v -5.000000 0.000000 -5.000000
v -4.743590 0.000000 5.000000
v -4.743590 0.000000 4.743590
v -4.743590 0.000000 4.487180
v -4.743590 0.000000 4.230769
v -4.743590 0.000000 3.974359
v -4.743590 0.000000 3.717949
v -4.743590 0.000000 3.461539
v -4.743590 0.000837 3.205128
v -4.743590 0.009143 2.948718
v -4.743590 0.020852 2.692308
v -4.743590 0.032314 2.435897
v -4.743590 0.040029 2.179487
v -4.743590 0.047136 1.923077
v -4.743590 0.053559 1.666667
v -4.743590 0.055826 1.410257
v -4.743590 0.059424 1.153846
v -4.743590 0.065171 0.897436
v -4.743590 0.070552 0.641026
v -4.743590 0.071736 0.384615
v -4.743590 0.073274 0.128205
v -4.743590 0.073117 -0.128205
v -4.743590 0.074391 -0.384615
v -4.743590 0.074335 -0.641026
v -4.743590 0.069569 -0.897436
v -4.743590 0.066950 -1.153846
v -4.743590 0.069166 -1.410257
v -4.743590 0.066884 -1.666667
v -4.743590 0.064621 -1.923077
v -4.743590 0.055635 -2.179487
v -4.743590 0.042957 -2.435897
v -4.743590 0.027642 -2.692308
v -4.743590 0.012604 -2.948718
v -4.743590 0.001229 -3.205128
v -4.743590 0.000000 -3.461539
v -4.743590 0.000000 -3.717949
v -4.743590 0.000000 -3.974359
v -4.743590 0.000000 -4.230769
v -4.743590 0.000000 -4.487180
v -4.743590 0.000000 -4.743590
v -4.743590 0.000000 -5.000000
v -4.487180 0.000000 5.000000
v -4.487180 0.000000 4.743590
v -4.487180 0.000000 4.487180
v -4.487180 0.000000 4.230769
v -4.487180 0.000000 3.974359
v -4.487180 0.003789 3.717949
v -4.487180 0.027607 3.461539
v -4.487180 0.065517 3.205128
v -4.487180 0.106143 2.948718
v -4.487180 0.140545 2.692308
v -4.487180 0.164633 2.435897
v -4.487180 0.175832 2.179487
v -4.487180 0.187479 1.923077
v -4.487180 0.190989 1.666667
v -4.487180 0.190564 1.410257
v -4.487180 0.198319 1.153846
v -4.487180 0.209906 0.897436
v -4.487180 0.232183 0.641026
v -4.487180 0.245408 0.384615
v -4.487180 0.252367 0.128205
v -4.487180 0.257244 -0.128205
v -4.487180 0.250151 -0.384615
v -4.487180 0.240023 -0.641026
v -4.487180 0.237296 -0.897436
v -4.487180 0.223898 -1.153846
v -4.487180 0.239583 -1.410257
v -4.487180 0.259061 -1.666667
v -4.487180 0.257422 -1.923077
v -4.487180 0.247882 -2.179487
v -4.487180 0.228753 -2.435897
v -4.487180 0.191970 -2.692308
v -4.487180 0.143510 -2.948718
v -4.487180 0.093648 -3.205128
v -4.487180 0.042555 -3.461539
v -4.487180 0.005744 -3.717949
v -4.487180 0.000000 -3.974359
v -4.487180 0.000000 -4.230769
v -4.487180 0.000000 -4.487180
v -4.487180 0.000000 -4.743590
v -4.487180 0.000000 -5.000000
v -4.230769 0.000000 5.000000
v -4.230769 0.000000 4.743590
v -4.230769 0.000000 4.487180
v -4.230769 0.000000 4.230769
v -4.230769 0.014124 3.974359
v -4.230769 0.062846 3.717949
v -4.230769 0.126535 3.461539
v -4.230769 0.196600 3.205128
v -4.230769 0.270354 2.948718
v -4.230769 0.338721 2.692308
v -4.230769 0.370893 2.435897
v -4.230769 0.381683 2.179487
v -4.230769 0.386185 1.923077
v -4.230769 0.394575 1.666667
v -4.230769 0.383759 1.410257
v -4.230769 0.392447 1.153846
v -4.230769 0.394018 0.897436
v -4.230769 0.445563 0.641026
v -4.230769 0.470848 0.384615
v -4.230769 0.500317 0.128205
v -4.230769 0.510970 -0.128205
v -4.230769 0.480523 -0.384615
v -4.230769 0.466728 -0.641026
v -4.230769 0.471202 -0.897436
v -4.230769 0.467774 -1.153846
v -4.230769 0.476948 -1.410257
v -4.230769 0.528032 -1.666667
v -4.230769 0.533341 -1.923077
v -4.230769 0.528243 -2.179487
v -4.230769 0.508255 -2.435897
v -4.230769 0.440452 -2.692308
v -4.230769 0.368957 -2.948718
v -4.230769 0.286293 -3.205128
v -4.230769 0.189249 -3.461539
v -4.230769 0.090566 -3.717949
v -4.230769 0.020220 -3.974359
v -4.230769 0.000000 -4.230769
v -4.230769 0.000000 -4.487180
v -4.230769 0.000000 -4.743590
v -4.230769 0.000000 -5.000000
v -3.974359 0.000000 5.000000
v -3.974359 0.000000 4.743590
v -3.974359 0.000000 4.487180
v -3.974359 0.013963 4.230769
v -3.974359 0.073200 3.974359
v -3.974359 0.168319 3.717949
v -3.974359 0.267991 3.461539
v -3.974359 0.353126 3.205128
v -3.974359 0.463227 2.948718
v -3.974359 0.567653 2.692308
v -3.974359 0.600032 2.435897
v -3.974359 0.616009 2.179487
v -3.974359 0.616725 1.923077
v -3.974359 0.608983 1.666667
v -3.974359 0.602307 1.410257
v -3.974359 0.625597 1.153846
v -3.974359 0.624108 0.897436
v -3.974359 0.690598 0.641026
v -3.974359 0.719166 0.384615
v -3.974359 0.760835 0.128205
v -3.974359 0.813121 -0.128205
v -3.974359 0.766962 -0.384615
v -3.974359 0.755439 -0.641026
v -3.974359 0.763011 -0.897436
v -3.974359 0.760861 -1.153846
v -3.974359 0.792642 -1.410257
v -3.974359 0.837073 -1.666667
v -3.974359 0.854589 -1.923077
v -3.974359 0.830714 -2.179487
v -3.974359 0.801353 -2.435897
v -3.974359 0.728415 -2.692308
v -3.974359 0.633459 -2.948718
v -3.974359 0.526182 -3.205128
v -3.974359 0.393240 -3.461539
v -3.974359 0.241952 -3.717949
v -3.974359 0.105808 -3.974359
v -3.974359 0.019620 -4.230769
v -3.974359 0.000000 -4.487180
v -3.974359 0.000000 -4.743590
v -3.974359 0.000000 -5.000000
v -3.717949 0.000000 5.000000
v -3.717949 0.000000 4.743590
v -3.717949 0.003558 4.487180
v -3.717949 0.054883 4.230769
v -3.717949 0.153384 3.974359
v -3.717949 0.287658 3.717949
v -3.717949 0.409223 3.461539
v -3.717949 0.519206 3.205128
v -3.717949 0.647418 2.948718
v -3.717949 0.737716 2.692308
v -3.717949 0.784303 2.435897
v -3.717949 0.835184 2.179487
v -3.717949 0.819621 1.923077
v -3.717949 0.818838 1.666667
v -3.717949 0.810330 1.410257
v -3.717949 0.824127 1.153846
v -3.717949 0.891179 0.897436
v -3.717949 0.945682 0.641026
v -3.717949 1.008959 0.384615
v -3.717949 1.047126 0.128205
v -3.717949 1.093484 -0.128205
v -3.717949 1.074051 -0.384615
v -3.717949 1.067404 -0.641026
v -3.717949 1.018588 -0.897436
v -3.717949 1.040112 -1.153846
v -3.717949 1.055944 -1.410257
v -3.717949 1.098810 -1.666667
v -3.717949 1.120622 -1.923077
v -3.717949 1.154666 -2.179487
v -3.717949 1.096293 -2.435897
v -3.717949 1.023168 -2.692308
v -3.717949 0.912447 -2.948718
v -3.717949 0.762851 -3.205128
v -3.717949 0.583676 -3.461539
v -3.717949 0.413584 -3.717949
v -3.717949 0.222361 -3.974359
v -3.717949 0.082747 -4.230769
v -3.717949 0.005332 -4.487180
v -3.717949 0.000000 -4.743590
v -3.717949 0.000000 -5.000000
v -3.461539 0.000000 5.000000
v -3.461539 0.000000 4.743590
v -3.461539 0.024753 4.487180
v -3.461539 0.117976 4.230769
v -3.461539 0.254535 3.974359
v -3.461539 0.411018 3.717949
v -3.461539 0.555716 3.461539
v -3.461539 0.687131 3.205128
v -3.461539 0.790980 2.948718
v -3.461539 0.872468 2.692308
v -3.461539 0.942870 2.435897
v -3.461539 0.989701 2.179487
v -3.461539 1.040697 1.923077
v -3.461539 1.028159 1.666667
v -3.461539 0.984120 1.410257
v -3.461539 1.022804 1.153846
v -3.461539 1.131444 0.897436
v -3.461539 1.233567 0.641026
v -3.461539 1.267228 0.384615
v -3.461539 1.339753 0.128205
v -3.461539 1.365471 -0.128205
v -3.461539 1.377190 -0.384615
v -3.461539 1.386186 -0.641026
v -3.461539 1.353318 -0.897436
v -3.461539 1.361672 -1.153846
v -3.461539 1.383572 -1.410257
v -3.461539 1.387302 -1.666667
v -3.461539 1.421273 -1.923077
v -3.461539 1.483680 -2.179487
v -3.461539 1.382011 -2.435897
v -3.461539 1.269404 -2.692308
v -3.461539 1.114023 -2.948718
v -3.461539 0.965365 -3.205128
v -3.461539 0.785873 -3.461539
v -3.461539 0.576372 -3.717949
v -3.461539 0.350476 -3.974359
v -3.461539 0.168059 -4.230769
v -3.461539 0.037517 -4.487180
v -3.461539 0.000000 -4.743590
v -3.461539 0.000000 -5.000000
v -3.205128 0.000000 5.000000
v -3.205128 0.000715 4.743590
v -3.205128 0.057650 4.487180
v -3.205128 0.181671 4.230769
v -3.205128 0.346792 3.974359
v -3.205128 0.496891 3.717949
v -3.205128 0.648721 3.461539
v -3.205128 0.771781 3.205128
v -3.205128 0.878388 2.948718
v -3.205128 0.991678 2.692308
v -3.205128 1.088566 2.435897
v -3.205128 1.151116 2.179487
v -3.205128 1.214649 1.923077
v -3.205128 1.217516 1.666667
v -3.205128 1.178000 1.410257
v -3.205128 1.235176 1.153846
v -3.205128 1.384320 0.897436
v -3.205128 1.514724 0.641026
v -3.205128 1.578907 0.384615
v -3.205128 1.568177 0.128205
v -3.205128 1.512621 -0.128205
v -3.205128 1.604047 -0.384615
v -3.205128 1.661349 -0.641026
v -3.205128 1.721594 -0.897436
v -3.205128 1.644696 -1.153846
v -3.205128 1.676870 -1.410257
v -3.205128 1.708241 -1.666667
v -3.205128 1.793502 -1.923077
v -3.205128 1.797543 -2.179487
v -3.205128 1.667416 -2.435897
v -3.205128 1.537498 -2.692308
v -3.205128 1.396059 -2.948718
v -3.205128 1.160253 -3.205128
v -3.205128 0.954396 -3.461539
v -3.205128 0.748494 -3.717949
v -3.205128 0.470701 -3.974359
v -3.205128 0.248431 -4.230769
v -3.205128 0.084407 -4.487180
v -3.205128 0.001065 -4.743590
v -3.205128 0.000000 -5.000000
v -2.948718 0.000000 5.000000
v -2.948718 0.007645 4.743590
v -2.948718 0.091929 4.487180
v -2.948718 0.234021 4.230769
v -2.948718 0.425184 3.974359
v -2.948718 0.590505 3.717949
v -2.948718 0.721778 3.461539
v -2.948718 0.865627 3.205128
v -2.948718 0.968783 2.948718
v -2.948718 1.074923 2.692308
v -2.948718 1.157584 2.435897
v -2.948718 1.268488 2.179487
v -2.948718 1.369999 1.923077
v -2.948718 1.406372 1.666667
v -2.948718 1.344125 1.410257
v -2.948718 1.416648 1.153846
v -2.948718 1.572251 0.897436
v -2.948718 1.746260 0.641026
v -2.948718 1.818267 0.384615
v -2.948718 1.802338 0.128205
v -2.948718 1.752598 -0.128205
v -2.948718 1.781834 -0.384615
v -2.948718 1.899559 -0.641026
v -2.948718 2.013144 -0.897436
v -2.948718 1.941000 -1.153846
v -2.948718 2.001442 -1.410257
v -2.948718 1.982974 -1.666667
v -2.948718 2.059967 -1.923077
v -2.948718 2.117587 -2.179487
v -2.948718 2.081264 -2.435897
v -2.948718 1.869843 -2.692308
v -2.948718 1.732162 -2.948718
v -2.948718 1.474075 -3.205128
v -2.948718 1.169878 -3.461539
v -2.948718 0.890363 -3.717949
v -2.948718 0.587723 -3.974359
v -2.948718 0.333521 -4.230769
v -2.948718 0.132109 -4.487180
v -2.948718 0.011384 -4.743590
v -2.948718 0.000000 -5.000000
v -2.692308 0.000000 5.000000
v -2.692308 0.019199 4.743590
v -2.692308 0.130789 4.487180
v -2.692308 0.310866 4.230769
v -2.692308 0.507974 3.974359
v -2.692308 0.678869 3.717949
v -2.692308 0.796082 3.461539
v -2.692308 0.944259 3.205128
v -2.692308 1.061597 2.948718
v -2.692308 1.176831 2.692308
v -2.692308 1.256750 2.435897
v -2.692308 1.438252 2.179487
v -2.692308 1.577278 1.923077
v -2.692308 1.658623 1.666667
v -2.692308 1.641736 1.410257
v -2.692308 1.684527 1.153846
v -2.692308 1.868989 0.897436
v -2.692308 2.084739 0.641026
v -2.692308 2.192878 0.384615
v -2.692308 2.199033 0.128205
v -2.692308 2.190104 -0.128205
v -2.692308 2.123618 -0.384615
v -2.692308 2.205349 -0.641026
v -2.692308 2.312646 -0.897436
v -2.692308 2.242604 -1.153846
v -2.692308 2.224666 -1.410257
v -2.692308 2.241668 -1.666667
v -2.692308 2.338221 -1.923077
v -2.692308 2.432430 -2.179487
v -2.692308 2.512487 -2.435897
v -2.692308 2.299421 -2.692308
v -2.692308 2.088158 -2.948718
v -2.692308 1.771609 -3.205128
v -2.692308 1.362359 -3.461539
v -2.692308 1.000114 -3.717949
v -2.692308 0.689145 -3.974359
v -2.692308 0.403259 -4.230769
v -2.692308 0.175062 -4.487180
v -2.692308 0.026969 -4.743590
v -2.692308 0.000000 -5.000000
v -2.435897 0.000000 5.000000
v -2.435897 0.031536 4.743590
v -2.435897 0.162223 4.487180
v -2.435897 0.360723 4.230769
v -2.435897 0.550026 3.974359
v -2.435897 0.735835 3.717949
v -2.435897 0.892269 3.461539
v -2.435897 1.025558 3.205128
v -2.435897 1.190436 2.948718
v -2.435897 1.286436 2.692308
v -2.435897 1.433729 2.435897
v -2.435897 1.571953 2.179487
v -2.435897 1.799425 1.923077
v -2.435897 1.899759 1.666667
v -2.435897 1.937337 1.410257
v -2.435897 2.028222 1.153846
v -2.435897 2.191381 0.897436
v -2.435897 2.329371 0.641026
v -2.435897 2.545990 0.384615
v -2.435897 2.530110 0.128205
v -2.435897 2.491096 -0.128205
v -2.435897 2.466226 -0.384615
v -2.435897 2.500043 -0.641026
v -2.435897 2.615575 -0.897436
v -2.435897 2.646306 -1.153846
v -2.435897 2.575728 -1.410257
v -2.435897 2.554557 -1.666667
v -2.435897 2.681076 -1.923077
v -2.435897 2.669633 -2.179487
v -2.435897 2.666848 -2.435897
v -2.435897 2.507767 -2.692308
v -2.435897 2.283503 -2.948718
v -2.435897 2.009958 -3.205128
v -2.435897 1.600714 -3.461539
v -2.435897 1.172035 -3.717949
v -2.435897 0.772064 -3.974359
v -2.435897 0.475573 -4.230769
v -2.435897 0.212774 -4.487180
v -2.435897 0.041672 -4.743590
v -2.435897 0.000000 -5.000000
v -2.179487 0.000000 5.000000
v -2.179487 0.043906 4.743590
v -2.179487 0.185000 4.487180
v -2.179487 0.387388 4.230769
v -2.179487 0.607452 3.974359
v -2.179487 0.793058 3.717949
v -2.179487 0.949503 3.461539
v -2.179487 1.115678 3.205128
v -2.179487 1.264377 2.948718
v -2.179487 1.422975 2.692308
v -2.179487 1.573871 2.435897
v -2.179487 1.717867 2.179487
v -2.179487 1.954741 1.923077
v -2.179487 2.106605 1.666667
v -2.179487 2.313829 1.410257
v -2.179487 2.417474 1.153846
v -2.179487 2.539975 0.897436
v -2.179487 2.661334 0.641026
v -2.179487 2.812523 0.384615
v -2.179487 2.825417 0.128205
v -2.179487 2.835804 -0.128205
v -2.179487 2.679471 -0.384615
v -2.179487 2.766109 -0.641026
v -2.179487 2.952919 -0.897436
v -2.179487 2.939449 -1.153846
v -2.179487 2.926823 -1.410257
v -2.179487 2.840025 -1.666667
v -2.179487 2.851012 -1.923077
v -2.179487 2.847780 -2.179487
v -2.179487 2.765321 -2.435897
v -2.179487 2.624872 -2.692308
v -2.179487 2.331475 -2.948718
v -2.179487 2.109056 -3.205128
v -2.179487 1.697512 -3.461539
v -2.179487 1.252977 -3.717949
v -2.179487 0.880029 -3.974359
v -2.179487 0.524533 -4.230769
v -2.179487 0.251424 -4.487180
v -2.179487 0.056670 -4.743590
v -2.179487 0.000000 -5.000000
v -1.923077 0.000000 5.000000
v -1.923077 0.053866 4.743590
v -1.923077 0.201334 4.487180
v -1.923077 0.410532 4.230769
v -1.923077 0.684969 3.974359
v -1.923077 0.909820 3.717949
v -1.923077 1.063226 3.461539
v -1.923077 1.218100 3.205128
v -1.923077 1.408277 2.948718
v -1.923077 1.580858 2.692308
v -1.923077 1.764302 2.435897
v -1.923077 2.000855 2.179487
v -1.923077 2.196162 1.923077
v -1.923077 2.371660 1.666667
v -1.923077 2.646074 1.410257
v -1.923077 2.799078 1.153846
v -1.923077 2.854771 0.897436
v -1.923077 3.066759 0.641026
v -1.923077 3.182311 0.384615
v -1.923077 3.174831 0.128205
v -1.923077 3.211533 -0.128205
v -1.923077 3.192629 -0.384615
v -1.923077 3.216599 -0.641026
v -1.923077 3.178208 -0.897436
v -1.923077 3.044173 -1.153846
v -1.923077 3.018441 -1.410257
v -1.923077 2.803025 -1.666667
v -1.923077 2.882932 -1.923077
v -1.923077 2.915977 -2.179487
v -1.923077 2.757117 -2.435897
v -1.923077 2.717071 -2.692308
v -1.923077 2.406674 -2.948718
v -1.923077 2.129947 -3.205128
v -1.923077 1.758147 -3.461539
v -1.923077 1.295987 -3.717949
v -1.923077 0.945931 -3.974359
v -1.923077 0.580928 -4.230769
v -1.923077 0.277301 -4.487180
v -1.923077 0.068263 -4.743590
v -1.923077 0.000000 -5.000000
v -1.666667 0.000000 5.000000
v -1.666667 0.063894 4.743590
v -1.666667 0.228520 4.487180
v -1.666667 0.452440 4.230769
v -1.666667 0.768363 3.974359
v -1.666667 1.040322 3.717949
v -1.666667 1.243227 3.461539
v -1.666667 1.454217 3.205128
v -1.666667 1.603050 2.948718
v -1.666667 1.747780 2.692308
v -1.666667 1.913315 2.435897
v -1.666667 2.267545 2.179487
v -1.666667 2.565395 1.923077
v -1.666667 2.690696 1.666667
v -1.666667 2.876405 1.410257
v -1.666667 3.117303 1.153846
v -1.666667 3.219227 0.897436
v -1.666667 3.223871 0.641026
v -1.666667 3.352906 0.384615
v -1.666667 3.353659 0.128205
v -1.666667 3.366270 -0.128205
v -1.666667 3.381084 -0.384615
v -1.666667 3.444723 -0.641026
v -1.666667 3.262897 -0.897436
v -1.666667 3.223671 -1.153846
v -1.666667 3.034028 -1.410257
v -1.666667 2.878423 -1.666667
v -1.666667 2.928611 -1.923077
v -1.666667 2.792209 -2.179487
v -1.666667 2.668438 -2.435897
v -1.666667 2.638675 -2.692308
v -1.666667 2.381510 -2.948718
v -1.666667 2.166681 -3.205128
v -1.666667 1.752687 -3.461539
v -1.666667 1.342945 -3.717949
v -1.666667 0.984132 -3.974359
v -1.666667 0.611314 -4.230769
v -1.666667 0.296120 -4.487180
v -1.666667 0.074395 -4.743590
v -1.666667 0.000000 -5.000000
v -1.410257 0.000000 5.000000
v -1.410257 0.071619 4.743590
v -1.410257 0.255921 4.487180
v -1.410257 0.530209 4.230769
v -1.410257 0.815975 3.974359
v -1.410257 1.132336 3.717949
v -1.410257 1.421378 3.461539
v -1.410257 1.622154 3.205128
v -1.410257 1.845469 2.948718
v -1.410257 2.069180 2.692308
v -1.410257 2.224003 2.435897
v -1.410257 2.560959 2.179487
v -1.410257 2.833909 1.923077
v -1.410257 3.018651 1.666667
v -1.410257 3.232944 1.410257
v -1.410257 3.489722 1.153846
v -1.410257 3.552917 0.897436
v -1.410257 3.691842 0.641026
v -1.410257 3.748145 0.384615
v -1.410257 3.626242 0.128205
v -1.410257 3.604760 -0.128205
v -1.410257 3.546487 -0.384615
v -1.410257 3.573586 -0.641026
v -1.410257 3.443233 -0.897436
v -1.410257 3.219593 -1.153846
v -1.410257 3.064471 -1.410257
v -1.410257 2.935368 -1.666667
v -1.410257 2.835347 -1.923077
v -1.410257 2.734162 -2.179487
v -1.410257 2.727066 -2.435897
v -1.410257 2.620804 -2.692308
v -1.410257 2.434725 -2.948718
v -1.410257 2.225697 -3.205128
v -1.410257 1.824089 -3.461539
v -1.410257 1.435906 -3.717949
v -1.410257 1.011023 -3.974359
v -1.410257 0.651660 -4.230769
v -1.410257 0.324317 -4.487180
v -1.410257 0.083384 -4.743590
v -1.410257 0.000000 -5.000000
v -1.153846 0.000000 5.000000
v -1.153846 0.075068 4.743590
v -1.153846 0.277967 4.487180
v -1.153846 0.566743 4.230769
v -1.153846 0.861138 3.974359
v -1.153846 1.160938 3.717949
v -1.153846 1.480033 3.461539
v -1.153846 1.794157 3.205128
v -1.153846 2.105611 2.948718
v -1.153846 2.409369 2.692308
v -1.153846 2.562601 2.435897
v -1.153846 2.944267 2.179487
v -1.153846 3.222324 1.923077
v -1.153846 3.308484 1.666667
v -1.153846 3.450389 1.410257
v -1.153846 3.792525 1.153846
v -1.153846 3.941633 0.897436
v -1.153846 4.112041 0.641026
v -1.153846 4.123218 0.384615
v -1.153846 3.961909 0.128205
v -1.153846 3.934669 -0.128205
v -1.153846 3.857208 -0.384615
v -1.153846 3.737609 -0.641026
v -1.153846 3.459351 -0.897436
v -1.153846 3.226353 -1.153846
v -1.153846 3.185994 -1.410257
v -1.153846 3.126958 -1.666667
v -1.153846 3.143440 -1.923077
v -1.153846 2.998336 -2.179487
v -1.153846 2.940890 -2.435897
v -1.153846 2.799768 -2.692308
v -1.153846 2.546057 -2.948718
v -1.153846 2.276209 -3.205128
v -1.153846 1.978516 -3.461539
v -1.153846 1.512861 -3.717949
v -1.153846 1.065816 -3.974359
v -1.153846 0.702401 -4.230769
v -1.153846 0.333074 -4.487180
v -1.153846 0.087241 -4.743590
v -1.153846 0.000000 -5.000000
v -0.897436 0.000000 5.000000
v -0.897436 0.080113 4.743590
v -0.897436 0.287411 4.487180
v -0.897436 0.580396 4.230769
v -0.897436 0.892511 3.974359
v -0.897436 1.245641 3.717949
v -0.897436 1.591232 3.461539
v -0.897436 1.919145 3.205128
v -0.897436 2.197649 2.948718
v -0.897436 2.498338 2.692308
v -0.897436 2.858232 2.435897
v -0.897436 3.136301 2.179487
v -0.897436 3.369839 1.923077
v -0.897436 3.556208 1.666667
v -0.897436 3.622513 1.410257
v -0.897436 3.830589 1.153846
v -0.897436 4.238262 0.897436
v -0.897436 4.245694 0.641026
v -0.897436 4.284019 0.384615
v -0.897436 4.299074 0.128205
v -0.897436 4.360555 -0.128205
v -0.897436 4.208565 -0.384615
v -0.897436 4.209609 -0.641026
v -0.897436 3.752288 -0.897436
v -0.897436 3.491349 -1.153846
v -0.897436 3.423096 -1.410257
v -0.897436 3.400308 -1.666667
v -0.897436 3.326742 -1.923077
v -0.897436 3.331843 -2.179487
v -0.897436 3.255454 -2.435897
v -0.897436 3.036667 -2.692308
v -0.897436 2.565123 -2.948718
v -0.897436 2.390582 -3.205128
v -0.897436 2.027855 -3.461539
v -0.897436 1.622070 -3.717949
v -0.897436 1.178380 -3.974359
v -0.897436 0.726758 -4.230769
v -0.897436 0.332038 -4.487180
v -0.897436 0.091803 -4.743590
v -0.897436 0.000000 -5.000000
v -0.641026 0.000000 5.000000
v -0.641026 0.079459 4.743590
v -0.641026 0.276623 4.487180
v -0.641026 0.555318 4.230769
v -0.641026 0.876122 3.974359
v -0.641026 1.212249 3.717949
v -0.641026 1.572932 3.461539
v -0.641026 1.849622 3.205128
v -0.641026 2.242989 2.948718
v -0.641026 2.512218 2.692308
v -0.641026 2.745447 2.435897
v -0.641026 3.147906 2.179487
v -0.641026 3.499691 1.923077
v -0.641026 3.560191 1.666667
v -0.641026 3.702868 1.410257
v -0.641026 4.091213 1.153846
v -0.641026 4.483097 0.897436
v -0.641026 4.311231 0.641026
v -0.641026 4.309284 0.384615
v -0.641026 4.398860 0.128205
v -0.641026 4.515934 -0.128205
v -0.641026 4.464339 -0.384615
v -0.641026 4.157247 -0.641026
v -0.641026 3.981176 -0.897436
v -0.641026 3.788172 -1.153846
v -0.641026 3.711413 -1.410257
v -0.641026 3.688140 -1.666667
v -0.641026 3.661108 -1.923077
v -0.641026 3.668041 -2.179487
v -0.641026 3.494744 -2.435897
v -0.641026 3.094705 -2.692308
v -0.641026 2.867525 -2.948718
v -0.641026 2.518854 -3.205128
v -0.641026 2.123209 -3.461539
v -0.641026 1.656016 -3.717949
v -0.641026 1.315944 -3.974359
v -0.641026 0.794930 -4.230769
v -0.641026 0.367041 -4.487180
v -0.641026 0.099944 -4.743590
v -0.641026 0.000000 -5.000000
v -0.384615 0.000000 5.000000
v -0.384615 0.075677 4.743590
v -0.384615 0.266027 4.487180
v -0.384615 0.528333 4.230769
v -0.384615 0.813469 3.974359
v -0.384615 1.129693 3.717949
v -0.384615 1.522920 3.461539
v -0.384615 1.843691 3.205128
v -0.384615 2.240314 2.948718
v -0.384615 2.578276 2.692308
v -0.384615 2.789666 2.435897
v -0.384615 3.095428 2.179487
v -0.384615 3.495711 1.923077
v -0.384615 3.760926 1.666667
v -0.384615 3.909746 1.410257
v -0.384615 4.308908 1.153846
v -0.384615 4.425615 0.897436
v -0.384615 4.370536 0.641026
v -0.384615 4.286605 0.384615
v -0.384615 4.324896 0.128205
v -0.384615 4.510675 -0.128205
v -0.384615 4.428896 -0.384615
v -0.384615 4.301219 -0.641026
v -0.384615 4.014637 -0.897436
v -0.384615 3.943977 -1.153846
v -0.384615 3.951208 -1.410257
v -0.384615 3.981561 -1.666667
v -0.384615 3.972979 -1.923077
v -0.384615 3.896335 -2.179487
v -0.384615 3.727319 -2.435897
v -0.384615 3.424877 -2.692308
v -0.384615 3.104213 -2.948718
v -0.384615 2.721555 -3.205128
v -0.384615 2.241730 -3.461539
v -0.384615 1.788749 -3.717949
v -0.384615 1.340162 -3.974359
v -0.384615 0.851360 -4.230769
v -0.384615 0.386494 -4.487180
v -0.384615 0.104597 -4.743590
v -0.384615 0.000000 -5.000000
v -0.128205 0.000000 5.000000
v -0.128205 0.073094 4.743590
v -0.128205 0.263548 4.487180
v -0.128205 0.517961 4.230769
v -0.128205 0.839340 3.974359
v -0.128205 1.183342 3.717949
v -0.128205 1.495023 3.461539
v -0.128205 1.836852 3.205128
v -0.128205 2.309664 2.948718
v -0.128205 2.589212 2.692308
v -0.128205 2.866510 2.435897
v -0.128205 3.156009 2.179487
v -0.128205 3.473059 1.923077
v -0.128205 3.730863 1.666667
v -0.128205 4.006929 1.410257
v -0.128205 4.112348 1.153846
v -0.128205 4.238167 0.897436
v -0.128205 4.241549 0.641026
v -0.128205 4.299215 0.384615
v -0.128205 4.291436 0.128205
v -0.128205 4.470198 -0.128205
v -0.128205 4.523243 -0.384615
v -0.128205 4.517473 -0.641026
v -0.128205 4.530076 -0.897436
v -0.128205 4.414182 -1.153846
v -0.128205 4.491221 -1.410257
v -0.128205 4.315270 -1.666667
v -0.128205 4.031821 -1.923077
v -0.128205 4.082098 -2.179487
v -0.128205 3.862132 -2.435897
v -0.128205 3.667178 -2.692308
v -0.128205 3.231223 -2.948718
v -0.128205 2.831382 -3.205128
v -0.128205 2.356690 -3.461539
v -0.128205 1.826934 -3.717949
v -0.128205 1.363259 -3.974359
v -0.128205 0.880312 -4.230769
v -0.128205 0.404837 -4.487180
v -0.128205 0.103047 -4.743590
v -0.128205 0.000000 -5.000000
v 0.128205 0.000000 5.000000
v 0.128205 0.073524 4.743590
v 0.128205 0.268682 4.487180
v 0.128205 0.534662 4.230769
v 0.128205 0.864969 3.974359
v 0.128205 1.256516 3.717949
v 0.128205 1.559457 3.461539
v 0.128205 1.920772 3.205128
v 0.128205 2.366038 2.948718
v 0.128205 2.616081 2.692308
v 0.128205 2.887539 2.435897
v 0.128205 3.222339 2.179487
v 0.128205 3.619349 1.923077
v 0.128205 3.875447 1.666667
v 0.128205 4.017426 1.410257
v 0.128205 4.036916 1.153846
v 0.128205 4.229268 0.897436
v 0.128205 4.240147 0.641026
v 0.128205 4.220842 0.384615
v 0.128205 4.447173 0.128205
v 0.128205 4.537521 -0.128205
v 0.128205 4.682265 -0.384615
v 0.128205 4.823173 -0.641026
v 0.128205 4.730281 -0.897436
v 0.128205 4.724008 -1.153846
v 0.128205 4.750617 -1.410257
v 0.128205 4.484133 -1.666667
v 0.128205 4.296682 -1.923077
v 0.128205 4.191736 -2.179487
v 0.128205 3.951918 -2.435897
v 0.128205 3.681449 -2.692308
v 0.128205 3.281257 -2.948718
v 0.128205 2.864851 -3.205128
v 0.128205 2.420537 -3.461539
v 0.128205 1.916961 -3.717949
v 0.128205 1.333269 -3.974359
v 0.128205 0.841847 -4.230769
v 0.128205 0.394319 -4.487180
v 0.128205 0.107077 -4.743590
v 0.128205 0.000000 -5.000000
v 0.384615 0.000000 5.000000
v 0.384615 0.078396 4.743590
v 0.384615 0.282772 4.487180
v 0.384615 0.552882 4.230769
v 0.384615 0.887760 3.974359
v 0.384615 1.311555 3.717949
v 0.384615 1.642001 3.461539
v 0.384615 1.994895 3.205128
v 0.384615 2.348039 2.948718
v 0.384615 2.648793 2.692308
v 0.384615 2.882913 2.435897
v 0.384615 3.326752 2.179487
v 0.384615 3.727698 1.923077
v 0.384615 3.904710 1.666667
v 0.384615 4.155460 1.410257
v 0.384615 4.297381 1.153846
v 0.384615 4.370451 0.897436
v 0.384615 4.373197 0.641026
v 0.384615 4.339169 0.384615
v 0.384615 4.489607 0.128205
v 0.384615 4.904434 -0.128205
v 0.384615 4.999660 -0.384615
v 0.384615 4.970699 -0.641026
v 0.384615 4.948810 -0.897436
v 0.384615 4.746273 -1.153846
v 0.384615 4.770033 -1.410257
v 0.384615 4.593997 -1.666667
v 0.384615 4.455373 -1.923077
v 0.384615 4.192253 -2.179487
v 0.384615 4.077533 -2.435897
v 0.384615 3.729314 -2.692308
v 0.384615 3.222120 -2.948718
v 0.384615 2.811207 -3.205128
v 0.384615 2.347865 -3.461539
v 0.384615 1.877517 -3.717949
v 0.384615 1.298861 -3.974359
v 0.384615 0.822648 -4.230769
v 0.384615 0.397774 -4.487180
v 0.384615 0.113005 -4.743590
v 0.384615 0.000000 -5.000000
v 0.641026 0.000000 5.000000
v 0.641026 0.080855 4.743590
v 0.641026 0.294695 4.487180
v 0.641026 0.594238 4.230769
v 0.641026 0.929358 3.974359
v 0.641026 1.299297 3.717949
v 0.641026 1.724463 3.461539
v 0.641026 2.057507 3.205128
v 0.641026 2.334157 2.948718
v 0.641026 2.630084 2.692308
v 0.641026 2.935150 2.435897
v 0.641026 3.311579 2.179487
v 0.641026 3.645856 1.923077
v 0.641026 3.929647 1.666667
v 0.641026 4.365589 1.410257
v 0.641026 4.467995 1.153846
v 0.641026 4.579731 0.897436
v 0.641026 4.616541 0.641026
v 0.641026 4.631295 0.384615
v 0.641026 4.743305 0.128205
v 0.641026 5.004558 -0.128205
v 0.641026 5.130072 -0.384615
v 0.641026 5.060332 -0.641026
v 0.641026 5.068135 -0.897436
v 0.641026 5.095415 -1.153846
v 0.641026 4.906350 -1.410257
v 0.641026 4.508662 -1.666667
v 0.641026 4.605241 -1.923077
v 0.641026 4.378530 -2.179487
v 0.641026 4.225074 -2.435897
v 0.641026 3.842134 -2.692308
v 0.641026 3.351950 -2.948718
v 0.641026 2.879018 -3.205128
v 0.641026 2.308999 -3.461539
v 0.641026 1.849016 -3.717949
v 0.641026 1.284341 -3.974359
v 0.641026 0.828082 -4.230769
v 0.641026 0.424537 -4.487180
v 0.641026 0.120939 -4.743590
v 0.641026 0.000000 -5.000000
v 0.897436 0.000000 5.000000
v 0.897436 0.084383 4.743590
v 0.897436 0.308078 4.487180
v 0.897436 0.618136 4.230769
v 0.897436 0.981481 3.974359
v 0.897436 1.366796 3.717949
v 0.897436 1.779373 3.461539
v 0.897436 2.028142 3.205128
v 0.897436 2.337285 2.948718
v 0.897436 2.616405 2.692308
v 0.897436 2.920333 2.435897
v 0.897436 3.362403 2.179487
v 0.897436 3.698697 1.923077
v 0.897436 3.905817 1.666667
v 0.897436 4.120334 1.410257
v 0.897436 4.631589 1.153846
v 0.897436 4.924368 0.897436
v 0.897436 4.991519 0.641026
v 0.897436 4.800621 0.384615
v 0.897436 4.687236 0.128205
v 0.897436 4.910367 -0.128205
v 0.897436 4.837846 -0.384615
v 0.897436 4.863289 -0.641026
v 0.897436 5.077674 -0.897436
v 0.897436 5.138293 -1.153846
v 0.897436 5.125208 -1.410257
v 0.897436 4.891264 -1.666667
v 0.897436 4.774844 -1.923077
v 0.897436 4.571498 -2.179487
v 0.897436 4.294677 -2.435897
v 0.897436 3.870854 -2.692308
v 0.897436 3.427464 -2.948718
v 0.897436 2.885204 -3.205128
v 0.897436 2.339358 -3.461539
v 0.897436 1.861659 -3.717949
v 0.897436 1.318154 -3.974359
v 0.897436 0.829703 -4.230769
v 0.897436 0.450584 -4.487180
v 0.897436 0.125141 -4.743590
v 0.897436 0.000000 -5.000000
v 1.153846 0.000000 5.000000
v 1.153846 0.089992 4.743590
v 1.153846 0.319363 4.487180
v 1.153846 0.640836 4.230769
v 1.153846 1.001049 3.974359
v 1.153846 1.319719 3.717949
v 1.153846 1.736043 3.461539
v 1.153846 1.996655 3.205128
v 1.153846 2.288445 2.948718
v 1.153846 2.620678 2.692308
v 1.153846 3.002213 2.435897
v 1.153846 3.429101 2.179487
v 1.153846 3.762379 1.923077
v 1.153846 3.953300 1.666667
v 1.153846 4.389178 1.410257
v 1.153846 4.830089 1.153846
v 1.153846 4.997498 0.897436
v 1.153846 5.091706 0.641026
v 1.153846 5.202179 0.384615
v 1.153846 4.984863 0.128205
v 1.153846 5.106931 -0.128205
v 1.153846 4.918624 -0.384615
v 1.153846 4.777825 -0.641026
v 1.153846 4.983437 -0.897436
v 1.153846 5.093394 -1.153846
v 1.153846 5.015129 -1.410257
v 1.153846 5.090470 -1.666667
v 1.153846 4.785410 -1.923077
v 1.153846 4.374532 -2.179487
v 1.153846 4.132246 -2.435897
v 1.153846 3.675455 -2.692308
v 1.153846 3.306509 -2.948718
v 1.153846 2.772117 -3.205128
v 1.153846 2.310620 -3.461539
v 1.153846 1.875429 -3.717949
v 1.153846 1.296984 -3.974359
v 1.153846 0.865691 -4.230769
v 1.153846 0.462162 -4.487180
v 1.153846 0.119549 -4.743590
v 1.153846 0.000000 -5.000000
v 1.410257 0.000000 5.000000
v 1.410257 0.092144 4.743590
v 1.410257 0.324806 4.487180
v 1.410257 0.630891 4.230769
v 1.410257 0.943452 3.974359
v 1.410257 1.244706 3.717949
v 1.410257 1.642095 3.461539
v 1.410257 1.983807 3.205128
v 1.410257 2.327567 2.948718
v 1.410257 2.664525 2.692308
v 1.410257 3.019166 2.435897
v 1.410257 3.504531 2.179487
v 1.410257 3.839654 1.923077
v 1.410257 3.988553 1.666667
v 1.410257 4.527029 1.410257
v 1.410257 4.899338 1.153846
v 1.410257 5.030572 0.897436
v 1.410257 5.320756 0.641026
v 1.410257 5.453088 0.384615
v 1.410257 5.527184 0.128205
v 1.410257 5.551831 -0.128205
v 1.410257 5.431026 -0.384615
v 1.410257 5.176116 -0.641026
v 1.410257 5.142238 -0.897436
v 1.410257 5.012529 -1.153846
v 1.410257 5.085211 -1.410257
v 1.410257 5.171227 -1.666667
v 1.410257 4.746119 -1.923077
v 1.410257 4.352340 -2.179487
v 1.410257 4.042656 -2.435897
v 1.410257 3.652205 -2.692308
v 1.410257 3.379956 -2.948718
v 1.410257 2.845442 -3.205128
v 1.410257 2.391081 -3.461539
v 1.410257 1.974687 -3.717949
v 1.410257 1.353251 -3.974359
v 1.410257 0.878849 -4.230769
v 1.410257 0.461120 -4.487180
v 1.410257 0.119583 -4.743590
v 1.410257 0.000000 -5.000000
v 1.666667 0.000000 5.000000
v 1.666667 0.082659 4.743590
v 1.666667 0.306982 4.487180
v 1.666667 0.609986 4.230769
v 1.666667 0.907518 3.974359
v 1.666667 1.247205 3.717949
v 1.666667 1.629412 3.461539
v 1.666667 1.969869 3.205128
v 1.666667 2.361297 2.948718
v 1.666667 2.745296 2.692308
v 1.666667 3.050948 2.435897
v 1.666667 3.548824 2.179487
v 1.666667 3.974919 1.923077
v 1.666667 4.300538 1.666667
v 1.666667 4.686050 1.410257
v 1.666667 5.003252 1.153846
v 1.666667 5.161133 0.897436
v 1.666667 5.267385 0.641026
v 1.666667 5.521943 0.384615
v 1.666667 5.682112 0.128205
v 1.666667 5.836515 -0.128205
v 1.666667 5.665704 -0.384615
v 1.666667 5.152677 -0.641026
v 1.666667 5.016702 -0.897436
v 1.666667 5.035448 -1.153846
v 1.666667 5.118725 -1.410257
v 1.666667 5.057830 -1.666667
v 1.666667 4.611076 -1.923077
v 1.666667 4.221894 -2.179487
v 1.666667 4.048927 -2.435897
v 1.666667 3.826792 -2.692308
v 1.666667 3.539831 -2.948718
v 1.666667 3.078901 -3.205128
v 1.666667 2.598550 -3.461539
v 1.666667 1.989451 -3.717949
v 1.666667 1.441035 -3.974359
v 1.666667 0.926364 -4.230769
v 1.666667 0.437506 -4.487180
v 1.666667 0.112149 -4.743590
v 1.666667 0.000000 -5.000000
v 1.923077 0.000000 5.000000
v 1.923077 0.074199 4.743590
v 1.923077 0.288670 4.487180
v 1.923077 0.586791 4.230769
v 1.923077 0.873794 3.974359
v 1.923077 1.252112 3.717949
v 1.923077 1.577659 3.461539
v 1.923077 1.992308 3.205128
v 1.923077 2.500570 2.948718
v 1.923077 2.739848 2.692308
v 1.923077 3.044272 2.435897
v 1.923077 3.507020 2.179487
v 1.923077 3.917715 1.923077
v 1.923077 4.274053 1.666667
v 1.923077 4.584881 1.410257
v 1.923077 4.896862 1.153846
v 1.923077 5.058537 0.897436
v 1.923077 5.201800 0.641026
v 1.923077 5.382791 0.384615
v 1.923077 5.542219 0.128205
v 1.923077 5.828090 -0.128205
v 1.923077 5.777244 -0.384615
v 1.923077 5.467627 -0.641026
v 1.923077 5.106953 -0.897436
v 1.923077 5.174418 -1.153846
v 1.923077 5.214225 -1.410257
v 1.923077 4.977293 -1.666667
v 1.923077 4.526998 -1.923077
v 1.923077 4.161798 -2.179487
v 1.923077 4.130466 -2.435897
v 1.923077 3.976563 -2.692308
v 1.923077 3.619694 -2.948718
v 1.923077 3.289932 -3.205128
v 1.923077 2.587812 -3.461539
v 1.923077 1.986497 -3.717949
v 1.923077 1.462011 -3.974359
v 1.923077 0.952039 -4.230769
v 1.923077 0.446922 -4.487180
v 1.923077 0.103131 -4.743590
v 1.923077 0.000000 -5.000000
v 2.179487 0.000000 5.000000
v 2.179487 0.060433 4.743590
v 2.179487 0.270971 4.487180
v 2.179487 0.560417 4.230769
v 2.179487 0.881222 3.974359
v 2.179487 1.240453 3.717949
v 2.179487 1.587641 3.461539
v 2.179487 2.001358 3.205128
v 2.179487 2.359480 2.948718
v 2.179487 2.565648 2.692308
v 2.179487 2.953919 2.435897
v 2.179487 3.296351 2.179487
v 2.179487 3.618920 1.923077
v 2.179487 3.847101 1.666667
v 2.179487 4.339531 1.410257
v 2.179487 4.810838 1.153846
v 2.179487 4.979043 0.897436
v 2.179487 5.084535 0.641026
v 2.179487 5.302082 0.384615
v 2.179487 5.300602 0.128205
v 2.179487 5.359766 -0.128205
v 2.179487 5.439417 -0.384615
v 2.179487 5.286756 -0.641026
v 2.179487 5.051828 -0.897436
v 2.179487 4.965182 -1.153846
v 2.179487 4.881795 -1.410257
v 2.179487 4.702150 -1.666667
v 2.179487 4.350245 -1.923077
v 2.179487 4.008829 -2.179487
v 2.179487 4.007592 -2.435897
v 2.179487 3.855155 -2.692308
v 2.179487 3.811251 -2.948718
v 2.179487 3.230121 -3.205128
v 2.179487 2.574062 -3.461539
v 2.179487 1.932754 -3.717949
v 2.179487 1.406954 -3.974359
v 2.179487 0.912202 -4.230769
v 2.179487 0.408257 -4.487180
v 2.179487 0.090281 -4.743590
v 2.179487 0.000000 -5.000000
v 2.435897 0.000000 5.000000
v 2.435897 0.047755 4.743590
v 2.435897 0.237596 4.487180
v 2.435897 0.484763 4.230769
v 2.435897 0.811826 3.974359
v 2.435897 1.163912 3.717949
v 2.435897 1.502355 3.461539
v 2.435897 1.917745 3.205128
v 2.435897 2.277614 2.948718
v 2.435897 2.520606 2.692308
v 2.435897 2.798370 2.435897
v 2.435897 3.130998 2.179487
v 2.435897 3.368399 1.923077
v 2.435897 3.567798 1.666667
v 2.435897 4.098749 1.410257
v 2.435897 4.502833 1.153846
v 2.435897 4.767523 0.897436
v 2.435897 5.069097 0.641026
v 2.435897 5.171360 0.384615
v 2.435897 5.086389 0.128205
v 2.435897 4.932633 -0.128205
v 2.435897 5.166565 -0.384615
v 2.435897 4.932040 -0.641026
v 2.435897 4.675363 -0.897436
v 2.435897 4.803439 -1.153846
v 2.435897 4.587991 -1.410257
v 2.435897 4.515023 -1.666667
v 2.435897 4.420434 -1.923077
v 2.435897 3.931654 -2.179487
v 2.435897 3.741882 -2.435897
v 2.435897 3.641673 -2.692308
v 2.435897 3.491039 -2.948718
v 2.435897 2.929077 -3.205128
v 2.435897 2.393821 -3.461539
v 2.435897 1.809005 -3.717949
v 2.435897 1.278815 -3.974359
v 2.435897 0.821323 -4.230769
v 2.435897 0.367849 -4.487180
v 2.435897 0.072003 -4.743590
v 2.435897 0.000000 -5.000000
v 2.692308 0.000000 5.000000
v 2.692308 0.031838 4.743590
v 2.692308 0.198840 4.487180
v 2.692308 0.436290 4.230769
v 2.692308 0.737177 3.974359
v 2.692308 1.030680 3.717949
v 2.692308 1.330972 3.461539
v 2.692308 1.737081 3.205128
v 2.692308 2.059702 2.948718
v 2.692308 2.452988 2.692308
v 2.692308 2.759951 2.435897
v 2.692308 3.118708 2.179487
v 2.692308 3.286189 1.923077
v 2.692308 3.375010 1.666667
v 2.692308 3.711622 1.410257
v 2.692308 4.094001 1.153846
v 2.692308 4.417150 0.897436
v 2.692308 4.532111 0.641026
v 2.692308 4.939063 0.384615
v 2.692308 4.805971 0.128205
v 2.692308 4.670163 -0.128205
v 2.692308 4.567821 -0.384615
v 2.692308 4.475865 -0.641026
v 2.692308 4.421415 -0.897436
v 2.692308 4.587697 -1.153846
v 2.692308 4.381977 -1.410257
v 2.692308 4.267962 -1.666667
v 2.692308 4.173361 -1.923077
v 2.692308 3.897363 -2.179487
v 2.692308 3.634067 -2.435897
v 2.692308 3.510576 -2.692308
v 2.692308 3.071718 -2.948718
v 2.692308 2.542773 -3.205128
v 2.692308 2.096339 -3.461539
v 2.692308 1.554301 -3.717949
v 2.692308 1.116094 -3.974359
v 2.692308 0.699656 -4.230769
v 2.692308 0.293823 -4.487180
v 2.692308 0.044030 -4.743590
v 2.692308 0.000000 -5.000000
v 2.948718 0.000000 5.000000
v 2.948718 0.014352 4.743590
v 2.948718 0.154850 4.487180
v 2.948718 0.378253 4.230769
v 2.948718 0.633742 3.974359
v 2.948718 0.920921 3.717949
v 2.948718 1.251524 3.461539
v 2.948718 1.622560 3.205128
v 2.948718 1.931388 2.948718
v 2.948718 2.304004 2.692308
v 2.948718 2.649118 2.435897
v 2.948718 2.943654 2.179487
v 2.948718 3.061706 1.923077
v 2.948718 3.143351 1.666667
v 2.948718 3.392142 1.410257
v 2.948718 3.760273 1.153846
v 2.948718 3.994862 0.897436
v 2.948718 4.189800 0.641026
v 2.948718 4.336467 0.384615
v 2.948718 4.158986 0.128205
v 2.948718 4.189559 -0.128205
v 2.948718 4.089480 -0.384615
v 2.948718 4.074603 -0.641026
v 2.948718 4.169817 -0.897436
v 2.948718 4.264436 -1.153846
v 2.948718 4.011889 -1.410257
v 2.948718 3.781847 -1.666667
v 2.948718 3.615948 -1.923077
v 2.948718 3.512711 -2.179487
v 2.948718 3.209590 -2.435897
v 2.948718 2.916877 -2.692308
v 2.948718 2.620433 -2.948718
v 2.948718 2.219285 -3.205128
v 2.948718 1.790222 -3.461539
v 2.948718 1.347638 -3.717949
v 2.948718 0.931597 -3.974359
v 2.948718 0.538569 -4.230769
v 2.948718 0.201926 -4.487180
v 2.948718 0.017364 -4.743590
v 2.948718 0.000000 -5.000000
v 3.205128 0.000000 5.000000
v 3.205128 0.001394 4.743590
v 3.205128 0.101331 4.487180
v 3.205128 0.316073 4.230769
v 3.205128 0.549353 3.974359
v 3.205128 0.849766 3.717949
v 3.205128 1.174243 3.461539
v 3.205128 1.516162 3.205128
v 3.205128 1.781373 2.948718
v 3.205128 2.053087 2.692308
v 3.205128 2.358232 2.435897
v 3.205128 2.721911 2.179487
v 3.205128 2.807371 1.923077
v 3.205128 2.907154 1.666667
v 3.205128 2.921475 1.410257
v 3.205128 3.259697 1.153846
v 3.205128 3.441999 0.897436
v 3.205128 3.442494 0.641026
v 3.205128 3.601990 0.384615
v 3.205128 3.465531 0.128205
v 3.205128 3.508492 -0.128205
v 3.205128 3.462109 -0.384615
v 3.205128 3.462435 -0.641026
v 3.205128 3.605815 -0.897436
v 3.205128 3.697368 -1.153846
v 3.205128 3.462978 -1.410257
v 3.205128 3.312610 -1.666667
v 3.205128 3.060393 -1.923077
v 3.205128 2.960799 -2.179487
v 3.205128 2.764200 -2.435897
v 3.205128 2.498670 -2.692308
v 3.205128 2.250359 -2.948718
v 3.205128 1.910881 -3.205128
v 3.205128 1.463784 -3.461539
v 3.205128 1.079603 -3.717949
v 3.205128 0.716707 -3.974359
v 3.205128 0.383306 -4.230769
v 3.205128 0.122436 -4.487180
v 3.205128 0.001622 -4.743590
v 3.205128 0.000000 -5.000000
v 3.461539 0.000000 5.000000
v 3.461539 0.000000 4.743590
v 3.461539 0.045624 4.487180
v 3.461539 0.201407 4.230769
v 3.461539 0.406635 3.974359
v 3.461539 0.679187 3.717949
v 3.461539 0.952040 3.461539
v 3.461539 1.261416 3.205128
v 3.461539 1.583922 2.948718
v 3.461539 1.890870 2.692308
v 3.461539 2.131204 2.435897
v 3.461539 2.272953 2.179487
v 3.461539 2.395205 1.923077
v 3.461539 2.448577 1.666667
v 3.461539 2.617418 1.410257
v 3.461539 2.824788 1.153846
v 3.461539 2.834953 0.897436
v 3.461539 2.824595 0.641026
v 3.461539 2.928225 0.384615
v 3.461539 2.886297 0.128205
v 3.461539 2.851399 -0.128205
v 3.461539 2.909591 -0.384615
v 3.461539 3.026359 -0.641026
v 3.461539 2.960428 -0.897436
v 3.461539 2.969442 -1.153846
v 3.461539 2.897939 -1.410257
v 3.461539 2.656789 -1.666667
v 3.461539 2.477343 -1.923077
v 3.461539 2.455242 -2.179487
v 3.461539 2.269080 -2.435897
v 3.461539 1.990899 -2.692308
v 3.461539 1.823601 -2.948718
v 3.461539 1.509771 -3.205128
v 3.461539 1.154782 -3.461539
v 3.461539 0.808155 -3.717949
v 3.461539 0.504779 -3.974359
v 3.461539 0.241377 -4.230769
v 3.461539 0.052523 -4.487180
v 3.461539 0.000000 -4.743590
v 3.461539 0.000000 -5.000000
v 3.717949 0.000000 5.000000
v 3.717949 0.000000 4.743590
v 3.717949 0.006443 4.487180
v 3.717949 0.100277 4.230769
v 3.717949 0.261446 3.974359
v 3.717949 0.480634 3.717949
v 3.717949 0.725580 3.461539
v 3.717949 0.979139 3.205128
v 3.717949 1.296949 2.948718
v 3.717949 1.572092 2.692308
v 3.717949 1.784717 2.435897
v 3.717949 1.801381 2.179487
v 3.717949 1.884223 1.923077
v 3.717949 2.009079 1.666667
v 3.717949 2.162072 1.410257
v 3.717949 2.270624 1.153846
v 3.717949 2.311282 0.897436
v 3.717949 2.342472 0.641026
v 3.717949 2.385810 0.384615
v 3.717949 2.373348 0.128205
v 3.717949 2.254385 -0.128205
v 3.717949 2.364907 -0.384615
v 3.717949 2.420363 -0.641026
v 3.717949 2.382746 -0.897436
v 3.717949 2.248448 -1.153846
v 3.717949 2.266376 -1.410257
v 3.717949 2.059979 -1.666667
v 3.717949 2.035428 -1.923077
v 3.717949 1.915077 -2.179487
v 3.717949 1.867072 -2.435897
v 3.717949 1.650039 -2.692308
v 3.717949 1.378109 -2.948718
v 3.717949 1.105559 -3.205128
v 3.717949 0.830773 -3.461539
v 3.717949 0.573810 -3.717949
v 3.717949 0.314520 -3.974359
v 3.717949 0.121367 -4.230769
v 3.717949 0.007351 -4.487180
v 3.717949 0.000000 -4.743590
v 3.717949 0.000000 -5.000000
v 3.974359 0.000000 5.000000
v 3.974359 0.000000 4.743590
v 3.974359 0.000000 4.487180
v 3.974359 0.024476 4.230769
v 3.974359 0.124147 3.974359
v 3.974359 0.272176 3.717949
v 3.974359 0.446954 3.461539
v 3.974359 0.661252 3.205128
v 3.974359 0.898106 2.948718
v 3.974359 1.103183 2.692308
v 3.974359 1.327603 2.435897
v 3.974359 1.393604 2.179487
v 3.974359 1.385433 1.923077
v 3.974359 1.452680 1.666667
v 3.974359 1.549979 1.410257
v 3.974359 1.608900 1.153846
v 3.974359 1.679402 0.897436
v 3.974359 1.729853 0.641026
v 3.974359 1.706468 0.384615
v 3.974359 1.735434 0.128205
v 3.974359 1.704572 -0.128205
v 3.974359 1.784196 -0.384615
v 3.974359 1.807366 -0.641026
v 3.974359 1.741981 -0.897436
v 3.974359 1.736871 -1.153846
v 3.974359 1.677008 -1.410257
v 3.974359 1.611520 -1.666667
v 3.974359 1.520964 -1.923077
v 3.974359 1.475076 -2.179487
v 3.974359 1.368285 -2.435897
v 3.974359 1.184283 -2.692308
v 3.974359 0.940683 -2.948718
v 3.974359 0.736360 -3.205128
v 3.974359 0.530894 -3.461539
v 3.974359 0.319860 -3.717949
v 3.974359 0.143779 -3.974359
v 3.974359 0.027081 -4.230769
v 3.974359 0.000000 -4.487180
v 3.974359 0.000000 -4.743590
v 3.974359 0.000000 -5.000000
v 4.230769 0.000000 5.000000
v 4.230769 0.000000 4.743590
v 4.230769 0.000000 4.487180
v 4.230769 0.000000 4.230769
v 4.230769 0.023949 3.974359
v 4.230769 0.101835 3.717949
v 4.230769 0.203952 3.461539
v 4.230769 0.332800 3.205128
v 4.230769 0.480711 2.948718
v 4.230769 0.630743 2.692308
v 4.230769 0.765018 2.435897
v 4.230769 0.845842 2.179487
v 4.230769 0.882617 1.923077
v 4.230769 0.950588 1.666667
v 4.230769 0.996559 1.410257
v 4.230769 1.038022 1.153846
v 4.230769 1.077617 0.897436
v 4.230769 1.074303 0.641026
v 4.230769 1.044411 0.384615
v 4.230769 1.100301 0.128205
v 4.230769 1.165472 -0.128205
v 4.230769 1.169517 -0.384615
v 4.230769 1.132848 -0.641026
v 4.230769 1.142112 -0.897436
v 4.230769 1.126190 -1.153846
v 4.230769 1.085597 -1.410257
v 4.230769 1.045192 -1.666667
v 4.230769 0.969191 -1.923077
v 4.230769 0.928386 -2.179487
v 4.230769 0.868117 -2.435897
v 4.230769 0.737623 -2.692308
v 4.230769 0.553618 -2.948718
v 4.230769 0.383020 -3.205128
v 4.230769 0.238892 -3.461539
v 4.230769 0.111780 -3.717949
v 4.230769 0.025784 -3.974359
v 4.230769 0.000000 -4.230769
v 4.230769 0.000000 -4.487180
v 4.230769 0.000000 -4.743590
v 4.230769 0.000000 -5.000000
v 4.487180 0.000000 5.000000
v 4.487180 0.000000 4.743590
v 4.487180 0.000000 4.487180
v 4.487180 0.000000 4.230769
v 4.487180 0.000000 3.974359
v 4.487180 0.006201 3.717949
v 4.487180 0.044309 3.461539
v 4.487180 0.103811 3.205128
v 4.487180 0.179672 2.948718
v 4.487180 0.264706 2.692308
v 4.487180 0.341570 2.435897
v 4.487180 0.399485 2.179487
v 4.487180 0.425320 1.923077
v 4.487180 0.464834 1.666667
v 4.487180 0.507189 1.410257
v 4.487180 0.543131 1.153846
v 4.487180 0.556689 0.897436
v 4.487180 0.537089 0.641026
v 4.487180 0.518354 0.384615
v 4.487180 0.557164 0.128205
v 4.487180 0.579901 -0.128205
v 4.487180 0.581993 -0.384615
v 4.487180 0.575248 -0.641026
v 4.487180 0.560875 -0.897436
v 4.487180 0.546644 -1.153846
v 4.487180 0.529272 -1.410257
v 4.487180 0.490509 -1.666667
v 4.487180 0.455472 -1.923077
v 4.487180 0.433457 -2.179487
v 4.487180 0.385683 -2.435897
v 4.487180 0.309173 -2.692308
v 4.487180 0.210627 -2.948718
v 4.487180 0.119555 -3.205128
v 4.487180 0.049438 -3.461539
v 4.487180 0.006614 -3.717949
v 4.487180 0.000000 -3.974359
v 4.487180 0.000000 -4.230769
v 4.487180 0.000000 -4.487180
v 4.487180 0.000000 -4.743590
v 4.487180 0.000000 -5.000000
v 4.743590 0.000000 5.000000
v 4.743590 0.000000 4.743590
v 4.743590 0.000000 4.487180
v 4.743590 0.000000 4.230769
v 4.743590 0.000000 3.974359
v 4.743590 0.000000 3.717949
v 4.743590 0.000000 3.461539
v 4.743590 0.001392 3.205128
v 4.743590 0.015887 2.948718
v 4.743590 0.039767 2.692308
v 4.743590 0.065451 2.435897
v 4.743590 0.089235 2.179487
v 4.743590 0.107043 1.923077
v 4.743590 0.123494 1.666667
v 4.743590 0.140934 1.410257
v 4.743590 0.150242 1.153846
v 4.743590 0.160514 0.897436
v 4.743590 0.166050 0.641026
v 4.743590 0.161601 0.384615
v 4.743590 0.156016 0.128205
v 4.743590 0.166906 -0.128205
v 4.743590 0.166496 -0.384615
v 4.743590 0.166467 -0.641026
v 4.743590 0.155805 -0.897436
v 4.743590 0.154403 -1.153846
v 4.743590 0.141545 -1.410257
v 4.743590 0.129892 -1.666667
v 4.743590 0.115756 -1.923077
v 4.743590 0.099653 -2.179487
v 4.743590 0.075595 -2.435897
v 4.743590 0.044095 -2.692308
v 4.743590 0.018190 -2.948718
v 4.743590 0.001544 -3.205128
v 4.743590 0.000000 -3.461539
v 4.743590 0.000000 -3.717949
v 4.743590 0.000000 -3.974359
v 4.743590 0.000000 -4.230769
v 4.743590 0.000000 -4.487180
v 4.743590 0.000000 -4.743590
v 4.743590 0.000000 -5.000000
v 5.000000 0.000000 5.000000
v 5.000000 0.000000 4.743590
v 5.000000 0.000000 4.487180
v 5.000000 0.000000 4.230769
v 5.000000 0.000000 3.974359
v 5.000000 0.000000 3.717949
v 5.000000 0.000000 3.461539
v 5.000000 0.000000 3.205128
v 5.000000 0.000000 2.948718
v 5.000000 0.000000 2.692308
v 5.000000 0.000000 2.435897
v 5.000000 0.000000 2.179487
v 5.000000 0.000000 1.923077
v 5.000000 0.000000 1.666667
v 5.000000 0.000000 1.410257
v 5.000000 0.000000 1.153846
v 5.000000 0.000000 0.897436
v 5.000000 0.000000 0.641026
v 5.000000 0.000000 0.384615
v 5.000000 0.000000 0.128205
v 5.000000 0.000000 -0.128205
v 5.000000 0.000000 -0.384615
v 5.000000 0.000000 -0.641026
v 5.000000 0.000000 -0.897436
v 5.000000 0.000000 -1.153846
v 5.000000 0.000000 -1.410257
v 5.000000 0.000000 -1.666667
v 5.000000 0.000000 -1.923077
v 5.000000 0.000000 -2.179487
v 5.000000 0.000000 -2.435897
v 5.000000 0.000000 -2.692308
v 5.000000 0.000000 -2.948718
v 5.000000 0.000000 -3.205128
v 5.000000 0.000000 -3.461539
v 5.000000 0.000000 -3.717949
v 5.000000 0.000000 -3.974359
v 5.000000 0.000000 -4.230769
v 5.000000 0.000000 -4.487180
v 5.000000 0.000000 -4.743590
v 5.000000 0.000000 -5.000000
s 1
f 2 1 41 42
f 3 2 42 43
f 4 3 43 44
f 5 4 44 45
f 6 5 45 46
f 7 6 46 47
f 8 7 47 48
f 9 8 48 49
f 10 9 49 50
f 11 10 50 51
f 12 11 51 52
f 13 12 52 53
f 14 13 53 54
f 15 14 54 55
f 16 15 55 56
f 17 16 56 57
f 18 17 57 58
f 19 18 58 59
f 20 19 59 60
f 21 20 60 61
f 22 21 61 62
f 23 22 62 63
f 24 23 63 64
f 25 24 64 65
f 26 25 65 66
f 27 26 66 67
f 28 27 67 68
f 29 28 68 69
f 30 29 69 70
f 31 30 70 71
f 32 31 71 72
f 33 32 72 73
f 34 33 73 74
f 35 34 74 75
f 36 35 75 76
f 37 36 76 77
f 38 37 77 78
f 39 38 78 79
f 40 39 79 80
f 42 41 81 82
f 43 42 82 83
f 44 43 83 84
f 45 44 84 85
f 46 45 85 86
f 47 46 86 87
f 48 47 87 88
f 49 48 88 89
f 50 49 89 90
f 51 50 90 91
f 52 51 91 92
f 53 52 92 93
f 54 53 93 94
f 55 54 94 95
f 56 55 95 96
f 57 56 96 97
f 58 57 97 98
f 59 58 98 99
f 60 59 99 100
f 61 60 100 101
f 62 61 101 102
f 63 62 102 103
f 64 63 103 104
f 65 64 104 105
f 66 65 105 106
f 67 66 106 107
f 68 67 107 108
f 69 68 108 109
f 70 69 109 110
f 71 70 110 111
f 72 71 111 112
f 73 72 112 113
f 74 73 113 114
f 75 74 114 115
f 76 75 115 116
f 77 76 116 117
f 78 77 117 118
f 79 78 118 119
f 80 79 119 120
f 82 81 121 122
f 83 82 122 123
f 84 83 123 124
f 85 84 124 125
f 86 85 125 126
f 87 86 126 127
f 88 87 127 128
f 89 88 128 129
f 90 89 129 130
f 91 90 130 131
f 92 91 131 132
f 93 92 132 133
f 94 93 133 134
f 95 94 134 135
f 96 95 135 136
f 97 96 136 137
f 98 97 137 138
f 99 98 138 139
f 100 99 139 140
f 101 100 140 141
f 102 101 141 142
f 103 102 142 143
f 104 103 143 144
f 105 104 144 145
f 106 105 145 146
f 107 106 146 147
f 108 107 147 148
f 109 108 148 149
f 110 109 149 150
f 111 110 150 151
f 112 111 151 152
f 113 112 152 153
f 114 113 153 154
f 115 114 154 155
f 116 115 155 156
f 117 116 156 157
f 118 117 157 158
f 119 118 158 159
f 120 119 159 160
f 122 121 161 162
f 123 122 162 163
f 124 123 163 164
f 125 124 164 165
f 126 125 165 166
f 127 126 166 167
f 128 127 167 168
f 129 128 168 169
f 130 129 169 170
f 131 130 170 171
f 132 131 171 172
f 133 132 172 173
f 134 133 173 174
f 135 134 174 175
f 136 135 175 176
f 137 136 176 177
f 138 137 177 178
f 139 138 178 179
f 140 139 179 180
f 141 140 180 181
f 142 141 181 182
f 143 142 182 183
f 144 143 183 184
f 145 144 184 185
f 146 145 185 186
f 147 146 186 187
f 148 147 187 188
f 149 148 188 189
f 150 149 189 190
f 151 150 190 191
f 152 151 191 192
f 153 152 192 193
f 154 153 193 194
f 155 154 194 195
f 156 155 195 196
f 157 156 196 197
f 158 157 197 198
f 159 158 198 199
f 160 159 199 200
f 162 161 201 202
f 163 162 202 203
f 164 163 203 204
f 165 164 204 205
f 166 165 205 206
f 167 166 206 207
f 168 167 207 208
f 169 168 208 209
f 170 169 209 210
f 171 170 210 211
f 172 171 211 212
f 173 172 212 213
f 174 173 213 214
f 175 174 214 215
f 176 175 215 216
f 177 176 216 217
f 178 177 217 218
f 179 178 218 219
f 180 179 219 220
f 181 180 220 221
f 182 181 221 222
f 183 182 222 223
f 184 183 223 224
f 185 184 224 225
f 186 185 225 226
f 187 186 226 227
f 188 187 227 228
f 189 188 228 229
f 190 189 229 230
f 191 190 230 231
f 192 191 231 232
f 193 192 232 233
f 194 193 233 234
f 195 194 234 235
f 196 195 235 236
f 197 196 236 237
f 198 197 237 238
f 199 198 238 239
f 200 199 239 240
f 202 201 241 242
f 203 202 242 243
f 204 203 243 244
f 205 204 244 245
f 206 205 245 246
f 207 206 246 247
f 208 207 247 248
f 209 208 248 249
f 210 209 249 250
f 211 210 250 251
f 212 211 251 252
f 213 212 252 253
f 214 213 253 254
f 215 214 254 255
f 216 215 255 256
f 217 216 256 257
f 218 217 257 258
f 219 218 258 259
f 220 219 259 260
f 221 220 260 261
f 222 221 261 262
f 223 222 262 263
f 224 223 263 264
f 225 224 264 265
f 226 225 265 266
f 227 226 266 267
f 228 227 267 268
f 229 228 268 269
f 230 229 269 270
f 231 230 270 271
f 232 231 271 272
f 233 232 272 273
f 234 233 273 274
f 235 234 274 275
f 236 235 275 276
f 237 236 276 277
f 238 237 277 278
f 239 238 278 279
f 240 239 279 280
f 242 241 281 282
f 243 242 282 283
f 244 243 283 284
f 245 244 284 285
f 246 245 285 286
f 247 246 286 287
f 248 247 287 288
f 249 248 288 289
f 250 249 289 290
f 251 250 290 291
f 252 251 291 292
f 253 252 292 293
f 254 253 293 294
f 255 254 294 295
f 256 255 295 296
f 257 256 296 297
f 258 257 297 298
f 259 258 298 299
f 260 259 299 300
f 261 260 300 301
f 262 261 301 302
f 263 262 302 303
f 264 263 303 304
f 265 264 304 305
f 266 265 305 306
f 267 266 306 307
f 268 267 307 308
f 269 268 308 309
f 270 269 309 310
f 271 270 310 311
f 272 271 311 312
f 273 272 312 313
f 274 273 313 314
f 275 274 314 315
f 276 275 315 316
f 277 276 316 317
f 278 277 317 318
f 279 278 318 319
f 280 279 319 320
f 282 281 321 322
f 283 282 322 323
f 284 283 323 324
f 285 284 324 325
f 286 285 325 326
f 287 286 326 327
f 288 287 327 328
f 289 288 328 329
f 290 289 329 330
f 291 290 330 331
f 292 291 331 332
f 293 292 332 333
f 294 293 333 334
f 295 294 334 335
f 296 295 335 336
f 297 296 336 337
f 298 297 337 338
f 299 298 338 339
f 300 299 339 340
f 301 300 340 341
f 302 301 341 342
f 303 302 342 343
f 304 303 343 344
f 305 304 344 345
f 306 305 345 346
f 307 306 346 347
f 308 307 347 348
f 309 308 348 349
f 310 309 349 350
f 311 310 350 351
f 312 311 351 352
f 313 312 352 353
f 314 313 353 354
f 315 314 354 355
f 316 315 355 356
f 317 316 356 357
f 318 317 357 358
f 319 318 358 359
f 320 319 359 360
f 322 321 361 362
f 323 322 362 363
f 324 323 363 364
f 325 324 364 365
f 326 325 365 366
f 327 326 366 367
f 328 327 367 368
f 329 328 368 369
f 330 329 369 370
f 331 330 370 371
f 332 331 371 372
f 333 332 372 373
f 334 333 373 374
f 335 334 374 375
f 336 335 375 376
f 337 336 376 377
f 338 337 377 378
f 339 338 378 379
f 340 339 379 380
f 341 340 380 381
f 342 341 381 382
f 343 342 382 383
f 344 343 383 384
f 345 344 384 385
f 346 345 385 386
f 347 346 386 387
f 348 347 387 388
f 349 348 388 389
f 350 349 389 390
f 351 350 390 391
f 352 351 391 392
f 353 352 392 393
f 354 353 393 394
f 355 354 394 395
f 356 355 395 396
f 357 356 396 397
f 358 357 397 398
f 359 358 398 399
f 360 359 399 400
f 362 361 401 402
f 363 362 402 403
f 364 363 403 404
f 365 364 404 405
f 366 365 405 406
f 367 366 406 407
f 368 367 407 408
f 369 368 408 409
f 370 369 409 410
f 371 370 410 411
f 372 371 411 412
f 373 372 412 413
f 374 373 413 414
f 375 374 414 415
f 376 375 415 416
f 377 376 416 417
f 378 377 417 418
f 379 378 418 419
f 380 379 419 420
f 381 380 420 421
f 382 381 421 422
f 383 382 422 423
f 384 383 423 424
f 385 384 424 425
f 386 385 425 426
f 387 386 426 427
f 388 387 427 428
f 389 388 428 429
f 390 389 429 430
f 391 390 430 431
f 392 391 431 432
f 393 392 432 433
f 394 393 433 434
f 395 394 434 435
f 396 395 435 436
f 397 396 436 437
f 398 397 437 438
f 399 398 438 439
f 400 399 439 440
f 402 401 441 442
f 403 402 442 443
f 404 403 443 444
f 405 404 444 445
f 406 405 445 446
f 407 406 446 447
f 408 407 447 448
f 409 408 448 449
f 410 409 449 450
f 411 410 450 451
f 412 411 451 452
f 413 412 452 453
f 414 413 453 454
f 415 414 454 455
f 416 415 455 456
f 417 416 456 457
f 418 417 457 458
f 419 418 458 459
f 420 419 459 460
f 421 420 460 461
f 422 421 461 462
f 423 422 462 463
f 424 423 463 464
f 425 424 464 465
f 426 425 465 466
f 427 426 466 467
f 428 427 467 468
f 429 428 468 469
f 430 429 469 470
f 431 430 470 471
f 432 431 471 472
f 433 432 472 473
f 434 433 473 474
f 435 434 474 475
f 436 435 475 476
f 437 436 476 477
f 438 437 477 478
f 439 438 478 479
f 440 439 479 480
f 442 441 481 482
f 443 442 482 483
f 444 443 483 484
f 445 444 484 485
f 446 445 485 486
f 447 446 486 487
f 448 447 487 488
f 449 448 488 489
f 450 449 489 490
f 451 450 490 491
f 452 451 491 492
f 453 452 492 493
f 454 453 493 494
f 455 454 494 495
f 456 455 495 496
f 457 456 496 497
f 458 457 497 498
f 459 458 498 499
f 460 459 499 500
f 461 460 500 501
f 462 461 501 502
f 463 462 502 503
f 464 463 503 504
f 465 464 504 505
f 466 465 505 506
f 467 466 506 507
f 468 467 507 508
f 469 468 508 509
f 470 469 509 510
f 471 470 510 511
f 472 471 511 512
f 473 472 512 513
f 474 473 513 514
f 475 474 514 515
f 476 475 515 516
f 477 476 516 517
f 478 477 517 518
f 479 478 518 519
f 480 479 519 520
f 482 481 521 522
f 483 482 522 523
f 484 483 523 524
f 485 484 524 525
f 486 485 525 526
f 487 486 526 527
f 488 487 527 528
f 489 488 528 529
f 490 489 529 530
f 491 490 530 531
f 492 491 531 532
f 493 492 532 533
f 494 493 533 534
f 495 494 534 535
f 496 495 535 536
f 497 496 536 537
f 498 497 537 538
f 499 498 538 539
f 500 499 539 540
f 501 500 540 541
f 502 501 541 542
f 503 502 542 543
f 504 503 543 544
f 505 504 544 545
f 506 505 545 546
f 507 506 546 547
f 508 507 547 548
f 509 508 548 549
f 510 509 549 550
f 511 510 550 551
f 512 511 551 552
f 513 512 552 553
f 514 513 553 554
f 515 514 554 555
f 516 515 555 556
f 517 516 556 557
f 518 517 557 558
f 519 518 558 559
f 520 519 559 560
f 522 521 561 562
f 523 522 562 563
f 524 523 563 564
f 525 524 564 565
f 526 525 565 566
f 527 526 566 567
f 528 527 567 568
f 529 528 568 569
f 530 529 569 570
f 531 530 570 571
f 532 531 571 572
f 533 532 572 573
f 534 533 573 574
f 535 534 574 575
f 536 535 575 576
f 537 536 576 577
f 538 537 577 578
f 539 538 578 579
f 540 539 579 580
f 541 540 580 581
f 542 541 581 582
f 543 542 582 583
f 544 543 583 584
f 545 544 584 585
f 546 545 585 586
f 547 546 586 587
f 548 547 587 588
f 549 548 588 589
f 550 549 589 590
f 551 550 590 591
f 552 551 591 592
f 553 552 592 593
f 554 553 593 594
f 555 554 594 595
f 556 555 595 596
f 557 556 596 597
f 558 557 597 598
f 559 558 598 599
f 560 559 599 600
f 562 561 601 602
f 563 562 602 603
f 564 563 603 604
f 565 564 604 605
f 566 565 605 606
f 567 566 606 607
f 568 567 607 608
f 569 568 608 609
f 570 569 609 610
f 571 570 610 611
f 572 571 611 612
f 573 572 612 613
f 574 573 613 614
f 575 574 614 615
f 576 575 615 616
f 577 576 616 617
f 578 577 617 618
f 579 578 618 619
f 580 579 619 620
f 581 580 620 621
f 582 581 621 622
f 583 582 622 623
f 584 583 623 624
f 585 584 624 625
f 586 585 625 626
f 587 586 626 627
f 588 587 627 628
f 589 588 628 629
f 590 589 629 630
f 591 590 630 631
f 592 591 631 632
f 593 592 632 633
f 594 593 633 634
f 595 594 634 635
f 596 595 635 636
f 597 596 636 637
f 598 597 637 638
f 599 598 638 639
f 600 599 639 640
f 602 601 641 642
f 603 602 642 643
f 604 603 643 644
f 605 604 644 645
f 606 605 645 646
f 607 606 646 647
f 608 607 647 648
f 609 608 648 649
f 610 609 649 650
f 611 610 650 651
f 612 611 651 652
f 613 612 652 653
f 614 613 653 654
f 615 614 654 655
f 616 615 655 656
f 617 616 656 657
f 618 617 657 658
f 619 618 658 659
f 620 619 659 660
f 621 620 660 661
f 622 621 661 662
f 623 622 662 663
f 624 623 663 664
f 625 624 664 665
f 626 625 665 666
f 627 626 666 667
f 628 627 667 668
f 629 628 668 669
f 630 629 669 670
f 631 630 670 671
f 632 631 671 672
f 633 632 672 673
f 634 633 673 674
f 635 634 674 675
f 636 635 675 676
f 637 636 676 677
f 638 637 677 678
f 639 638 678 679
f 640 639 679 680
f 642 641 681 682
f 643 642 682 683
f 644 643 683 684
f 645 644 684 685
f 646 645 685 686
f 647 646 686 687
f 648 647 687 688
f 649 648 688 689
f 650 649 689 690
f 651 650 690 691
f 652 651 691 692
f 653 652 692 693
f 654 653 693 694
f 655 654 694 695
f 656 655 695 696
f 657 656 696 697
f 658 657 697 698
f 659 658 698 699
f 660 659 699 700
f 661 660 700 701
f 662 661 701 702
f 663 662 702 703
f 664 663 703 704
f 665 664 704 705
f 666 665 705 706
f 667 666 706 707
f 668 667 707 708
f 669 668 708 709
f 670 669 709 710
f 671 670 710 711
f 672 671 711 712
f 673 672 712 713
f 674 673 713 714
f 675 674 714 715
f 676 675 715 716
f 677 676 716 717
f 678 677 717 718
f 679 678 718 719
f 680 679 719 720
f 682 681 721 722
f 683 682 722 723
f 684 683 723 724
f 685 684 724 725
f 686 685 725 726
f 687 686 726 727
f 688 687 727 728
f 689 688 728 729
f 690 689 729 730
f 691 690 730 731
f 692 691 731 732
f 693 692 732 733
f 694 693 733 734
f 695 694 734 735
f 696 695 735 736
f 697 696 736 737
f 698 697 737 738
f 699 698 738 739
f 700 699 739 740
f 701 700 740 741
f 702 701 741 742
f 703 702 742 743
f 704 703 743 744
f 705 704 744 745
f 706 705 745 746
f 707 706 746 747
f 708 707 747 748
f 709 708 748 749
f 710 709 749 750
f 711 710 750 751
f 712 711 751 752
f 713 712 752 753
f 714 713 753 754
f 715 714 754 755
f 716 715 755 756
f 717 716 756 757
f 718 717 757 758
f 719 718 758 759
f 720 719 759 760
f 722 721 761 762
f 723 722 762 763
f 724 723 763 764
f 725 724 764 765
f 726 725 765 766
f 727 726 766 767
f 728 727 767 768
f 729 728 768 769
f 730 729 769 770
f 731 730 770 771
f 732 731 771 772
f 733 732 772 773
f 734 733 773 774
f 735 734 774 775
f 736 735 775 776
f 737 736 776 777
f 738 737 777 778
f 739 738 778 779
f 740 739 779 780
f 741 740 780 781
f 742 741 781 782
f 743 742 782 783
f 744 743 783 784
f 745 744 784 785
f 746 745 785 786
f 747 746 786 787
f 748 747 787 788
f 749 748 788 789
f 750 749 789 790
f 751 750 790 791
f 752 751 791 792
f 753 752 792 793
f 754 753 793 794
f 755 754 794 795
f 756 755 795 796
f 757 756 796 797
f 758 757 797 798
f 759 758 798 799
f 760 759 799 800
f 762 761 801 802
f 763 762 802 803
f 764 763 803 804
f 765 764 804 805
f 766 765 805 806
f 767 766 806 807
f 768 767 807 808
f 769 768 808 809
f 770 769 809 810
f 771 770 810 811
f 772 771 811 812
f 773 772 812 813
f 774 773 813 814
f 775 774 814 815
f 776 775 815 816
f 777 776 816 817
f 778 777 817 818
f 779 778 818 819
f 780 779 819 820
f 781 780 820 821
f 782 781 821 822
f 783 782 822 823
f 784 783 823 824
f 785 784 824 825
f 786 785 825 826
f 787 786 826 827
f 788 787 827 828
f 789 788 828 829
f 790 789 829 830
f 791 790 830 831
f 792 791 831 832
f 793 792 832 833
f 794 793 833 834
f 795 794 834 835
f 796 795 835 836
f 797 796 836 837
f 798 797 837 838
f 799 798 838 839
f 800 799 839 840
f 802 801 841 842
f 803 802 842 843
f 804 803 843 844
f 805 804 844 845
f 806 805 845 846
f 807 806 846 847
f 808 807 847 848
f 809 808 848 849
f 810 809 849 850
f 811 810 850 851
f 812 811 851 852
f 813 812 852 853
f 814 813 853 854
f 815 814 854 855
f 816 815 855 856
f 817 816 856 857
f 818 817 857 858
f 819 818 858 859
f 820 819 859 860
f 821 820 860 861
f 822 821 861 862
f 823 822 862 863
f 824 823 863 864
f 825 824 864 865
f 826 825 865 866
f 827 826 866 867
f 828 827 867 868
f 829 828 868 869
f 830 829 869 870
f 831 830 870 871
f 832 831 871 872
f 833 832 872 873
f 834 833 873 874
f 835 834 874 875
f 836 835 875 876
f 837 836 876 877
f 838 837 877 878
f 839 838 878 879
f 840 839 879 880
f 842 841 881 882
f 843 842 882 883
f 844 843 883 884
f 845 844 884 885
f 846 845 885 886
f 847 846 886 887
f 848 847 887 888
f 849 848 888 889
f 850 849 889 890
f 851 850 890 891
f 852 851 891 892
f 853 852 892 893
f 854 853 893 894
f 855 854 894 895
f 856 855 895 896
f 857 856 896 897
f 858 857 897 898
f 859 858 898 899
f 860 859 899 900
f 861 860 900 901
f 862 861 901 902
f 863 862 902 903
f 864 863 903 904
f 865 864 904 905
f 866 865 905 906
f 867 866 906 907
f 868 867 907 908
f 869 868 908 909
f 870 869 909 910
f 871 870 910 911
f 872 871 911 912
f 873 872 912 913
f 874 873 913 914
f 875 874 914 915
f 876 875 915 916
f 877 876 916 917
f 878 877 917 918
f 879 878 918 919
f 880 879 919 920
f 882 881 921 922
f 883 882 922 923
f 884 883 923 924
f 885 884 924 925
f 886 885 925 926
f 887 886 926 927
f 888 887 927 928
f 889 888 928 929
f 890 889 929 930
f 891 890 930 931
f 892 891 931 932
f 893 892 932 933
f 894 893 933 934
f 895 894 934 935
f 896 895 935 936
f 897 896 936 937
f 898 897 937 938
f 899 898 938 939
f 900 899 939 940
f 901 900 940 941
f 902 901 941 942
f 903 902 942 943
f 904 903 943 944
f 905 904 944 945
f 906 905 945 946
f 907 906 946 947
f 908 907 947 948
f 909 908 948 949
f 910 909 949 950
f 911 910 950 951
f 912 911 951 952
f 913 912 952 953
f 914 913 953 954
f 915 914 954 955
f 916 915 955 956
f 917 916 956 957
f 918 917 957 958
f 919 918 958 959
f 920 919 959 960
f 922 921 961 962
f 923 922 962 963
f 924 923 963 964
f 925 924 964 965
f 926 925 965 966
f 927 926 966 967
f 928 927 967 968
f 929 928 968 969
f 930 929 969 970
f 931 930 970 971
f 932 931 971 972
f 933 932 972 973
f 934 933 973 974
f 935 934 974 975
f 936 935 975 976
f 937 936 976 977
f 938 937 977 978
f 939 938 978 979
f 940 939 979 980
f 941 940 980 981
f 942 941 981 982
f 943 942 982 983
f 944 943 983 984
f 945 944 984 985
f 946 945 985 986
f 947 946 986 987
f 948 947 987 988
f 949 948 988 989
f 950 949 989 990
f 951 950 990 991
f 952 951 991 992
f 953 952 992 993
f 954 953 993 994
f 955 954 994 995
f 956 955 995 996
f 957 956 996 997
f 958 957 997 998
f 959 958 998 999
f 960 959 999 1000
f 962 961 1001 1002
f 963 962 1002 1003
f 964 963 1003 1004
f 965 964 1004 1005
f 966 965 1005 1006
f 967 966 1006 1007
f 968 967 1007 1008
f 969 968 1008 1009
f 970 969 1009 1010
f 971 970 1010 1011
f 972 971 1011 1012
f 973 972 1012 1013
f 974 973 1013 1014
f 975 974 1014 1015
f 976 975 1015 1016
f 977 976 1016 1017
f 978 977 1017 1018
f 979 978 1018 1019
f 980 979 1019 1020
f 981 980 1020 1021
f 982 981 1021 1022
f 983 982 1022 1023
f 984 983 1023 1024
f 985 984 1024 1025
f 986 985 1025 1026
f 987 986 1026 1027
f 988 987 1027 1028
f 989 988 1028 1029
f 990 989 1029 1030
f 991 990 1030 1031
f 992 991 1031 1032
f 993 992 1032 1033
f 994 993 1033 1034
f 995 994 1034 1035
f 996 995 1035 1036
f 997 996 1036 1037
f 998 997 1037 1038
f 999 998 1038 1039
f 1000 999 1039 1040
f 1002 1001 1041 1042
f 1003 1002 1042 1043
f 1004 1003 1043 1044
f 1005 1004 1044 1045
f 1006 1005 1045 1046
f 1007 1006 1046 1047
f 1008 1007 1047 1048
f 1009 1008 1048 1049
f 1010 1009 1049 1050
f 1011 1010 1050 1051
f 1012 1011 1051 1052
f 1013 1012 1052 1053
f 1014 1013 1053 1054
f 1015 1014 1054 1055
f 1016 1015 1055 1056
f 1017 1016 1056 1057
f 1018 1017 1057 1058
f 1019 1018 1058 1059
f 1020 1019 1059 1060
f 1021 1020 1060 1061
f 1022 1021 1061 1062
f 1023 1022 1062 1063
f 1024 1023 1063 1064
f 1025 1024 1064 1065
f 1026 1025 1065 1066
f 1027 1026 1066 1067
f 1028 1027 1067 1068
f 1029 1028 1068 1069
f 1030 1029 1069 1070
f 1031 1030 1070 1071
f 1032 1031 1071 1072
f 1033 1032 1072 1073
f 1034 1033 1073 1074
f 1035 1034 1074 1075
f 1036 1035 1075 1076
f 1037 1036 1076 1077
f 1038 1037 1077 1078
f 1039 1038 1078 1079
f 1040 1039 1079 1080
f 1042 1041 1081 1082
f 1043 1042 1082 1083
f 1044 1043 1083 1084
f 1045 1044 1084 1085
f 1046 1045 1085 1086
f 1047 1046 1086 1087
f 1048 1047 1087 1088
f 1049 1048 1088 1089
f 1050 1049 1089 1090
f 1051 1050 1090 1091
f 1052 1051 1091 1092
f 1053 1052 1092 1093
f 1054 1053 1093 1094
f 1055 1054 1094 1095
f 1056 1055 1095 1096
f 1057 1056 1096 1097
f 1058 1057 1097 1098
f 1059 1058 1098 1099
f 1060 1059 1099 1100
f 1061 1060 1100 1101
f 1062 1061 1101 1102
f 1063 1062 1102 1103
f 1064 1063 1103 1104
f 1065 1064 1104 1105
f 1066 1065 1105 1106
f 1067 1066 1106 1107
f 1068 1067 1107 1108
f 1069 1068 1108 1109
f 1070 1069 1109 1110
f 1071 1070 1110 1111
f 1072 1071 1111 1112
f 1073 1072 1112 1113
f 1074 1073 1113 1114
f 1075 1074 1114 1115
f 1076 1075 1115 1116
f 1077 1076 1116 1117
f 1078 1077 1117 1118
f 1079 1078 1118 1119
f 1080 1079 1119 1120
f 1082 1081 1121 1122
f 1083 1082 1122 1123
f 1084 1083 1123 1124
f 1085 1084 1124 1125
f 1086 1085 1125 1126
f 1087 1086 1126 1127
f 1088 1087 1127 1128
f 1089 1088 1128 1129
f 1090 1089 1129 1130
f 1091 1090 1130 1131
f 1092 1091 1131 1132
f 1093 1092 1132 1133
f 1094 1093 1133 1134
f 1095 1094 1134 1135
f 1096 1095 1135 1136
f 1097 1096 1136 1137
f 1098 1097 1137 1138
f 1099 1098 1138 1139
f 1100 1099 1139 1140
f 1101 1100 1140 1141
f 1102 1101 1141 1142
f 1103 1102 1142 1143
f 1104 1103 1143 1144
f 1105 1104 1144 1145
f 1106 1105 1145 1146
f 1107 1106 1146 1147
f 1108 1107 1147 1148
f 1109 1108 1148 1149
f 1110 1109 1149 1150
f 1111 1110 1150 1151
f 1112 1111 1151 1152
f 1113 1112 1152 1153
f 1114 1113 1153 1154
f 1115 1114 1154 1155
f 1116 1115 1155 1156
f 1117 1116 1156 1157
f 1118 1117 1157 1158
f 1119 1118 1158 1159
f 1120 1119 1159 1160
f 1122 1121 1161 1162
f 1123 1122 1162 1163
f 1124 1123 1163 1164
f 1125 1124 1164 1165
f 1126 1125 1165 1166
f 1127 1126 1166 1167
f 1128 1127 1167 1168
f 1129 1128 1168 1169
f 1130 1129 1169 1170
f 1131 1130 1170 1171
f 1132 1131 1171 1172
f 1133 1132 1172 1173
f 1134 1133 1173 1174
f 1135 1134 1174 1175
f 1136 1135 1175 1176
f 1137 1136 1176 1177
f 1138 1137 1177 1178
f 1139 1138 1178 1179
f 1140 1139 1179 1180
f 1141 1140 1180 1181
f 1142 1141 1181 1182
f 1143 1142 1182 1183
f 1144 1143 1183 1184
f 1145 1144 1184 1185
f 1146 1145 1185 1186
f 1147 1146 1186 1187
f 1148 1147 1187 1188
f 1149 1148 1188 1189
f 1150 1149 1189 1190
f 1151 1150 1190 1191
f 1152 1151 1191 1192
f 1153 1152 1192 1193
f 1154 1153 1193 1194
f 1155 1154 1194 1195
f 1156 1155 1195 1196
f 1157 1156 1196 1197
f 1158 1157 1197 1198
f 1159 1158 1198 1199
f 1160 1159 1199 1200
f 1162 1161 1201 1202
f 1163 1162 1202 1203
f 1164 1163 1203 1204
f 1165 1164 1204 1205
f 1166 1165 1205 1206
f 1167 1166 1206 1207
f 1168 1167 1207 1208
f 1169 1168 1208 1209
f 1170 1169 1209 1210
f 1171 1170 1210 1211
f 1172 1171 1211 1212
f 1173 1172 1212 1213
f 1174 1173 1213 1214
f 1175 1174 1214 1215
f 1176 1175 1215 1216
f 1177 1176 1216 1217
f 1178 1177 1217 1218
f 1179 1178 1218 1219
f 1180 1179 1219 1220
f 1181 1180 1220 1221
f 1182 1181 1221 1222
f 1183 1182 1222 1223
f 1184 1183 1223 1224
f 1185 1184 1224 1225
f 1186 1185 1225 1226
f 1187 1186 1226 1227
f 1188 1187 1227 1228
f 1189 1188 1228 1229
f 1190 1189 1229 1230
f 1191 1190 1230 1231
f 1192 1191 1231 1232
f 1193 1192 1232 1233
f 1194 1193 1233 1234
f 1195 1194 1234 1235
f 1196 1195 1235 1236
f 1197 1196 1236 1237
f 1198 1197 1237 1238
f 1199 1198 1238 1239
f 1200 1199 1239 1240
f 1202 1201 1241 1242
f 1203 1202 1242 1243
f 1204 1203 1243 1244
f 1205 1204 1244 1245
f 1206 1205 1245 1246
f 1207 1206 1246 1247
f 1208 1207 1247 1248
f 1209 1208 1248 1249
f 1210 1209 1249 1250
f 1211 1210 1250 1251
f 1212 1211 1251 1252
f 1213 1212 1252 1253
f 1214 1213 1253 1254
f 1215 1214 1254 1255
f 1216 1215 1255 1256
f 1217 1216 1256 1257
f 1218 1217 1257 1258
f 1219 1218 1258 1259
f 1220 1219 1259 1260
f 1221 1220 1260 1261
f 1222 1221 1261 1262
f 1223 1222 1262 1263
f 1224 1223 1263 1264
f 1225 1224 1264 1265
f 1226 1225 1265 1266
f 1227 1226 1266 1267
f 1228 1227 1267 1268
f 1229 1228 1268 1269
f 1230 1229 1269 1270
f 1231 1230 1270 1271
f 1232 1231 1271 1272
f 1233 1232 1272 1273
f 1234 1233 1273 1274
f 1235 1234 1274 1275
f 1236 1235 1275 1276
f 1237 1236 1276 1277
f 1238 1237 1277 1278
f 1239 1238 1278 1279
f 1240 1239 1279 1280
f 1242 1241 1281 1282
f 1243 1242 1282 1283
f 1244 1243 1283 1284
f 1245 1244 1284 1285
f 1246 1245 1285 1286
f 1247 1246 1286 1287
f 1248 1247 1287 1288
f 1249 1248 1288 1289
f 1250 1249 1289 1290
f 1251 1250 1290 1291
f 1252 1251 1291 1292
f 1253 1252 1292 1293
f 1254 1253 1293 1294
f 1255 1254 1294 1295
f 1256 1255 1295 1296
f 1257 1256 1296 1297
f 1258 1257 1297 1298
f 1259 1258 1298 1299
f 1260 1259 1299 1300
f 1261 1260 1300 1301
f 1262 1261 1301 1302
f 1263 1262 1302 1303
f 1264 1263 1303 1304
f 1265 1264 1304 1305
f 1266 1265 1305 1306
f 1267 1266 1306 1307
f 1268 1267 1307 1308
f 1269 1268 1308 1309
f 1270 1269 1309 1310
f 1271 1270 1310 1311
f 1272 1271 1311 1312
f 1273 1272 1312 1313
f 1274 1273 1313 1314
f 1275 1274 1314 1315
f 1276 1275 1315 1316
f 1277 1276 1316 1317
f 1278 1277 1317 1318
f 1279 1278 1318 1319
f 1280 1279 1319 1320
f 1282 1281 1321 1322
f 1283 1282 1322 1323
f 1284 1283 1323 1324
f 1285 1284 1324 1325
f 1286 1285 1325 1326
f 1287 1286 1326 1327
f 1288 1287 1327 1328
f 1289 1288 1328 1329
f 1290 1289 1329 1330
f 1291 1290 1330 1331
f 1292 1291 1331 1332
f 1293 1292 1332 1333
f 1294 1293 1333 1334
f 1295 1294 1334 1335
f 1296 1295 1335 1336
f 1297 1296 1336 1337
f 1298 1297 1337 1338
f 1299 1298 1338 1339
f 1300 1299 1339 1340
f 1301 1300 1340 1341
f 1302 1301 1341 1342
f 1303 1302 1342 1343
f 1304 1303 1343 1344
f 1305 1304 1344 1345
f 1306 1305 1345 1346
f 1307 1306 1346 1347
f 1308 1307 1347 1348
f 1309 1308 1348 1349
f 1310 1309 1349 1350
f 1311 1310 1350 1351
f 1312 1311 1351 1352
f 1313 1312 1352 1353
f 1314 1313 1353 1354
f 1315 1314 1354 1355
f 1316 1315 1355 1356
f 1317 1316 1356 1357
f 1318 1317 1357 1358
f 1319 1318 1358 1359
f 1320 1319 1359 1360
f 1322 1321 1361 1362
f 1323 1322 1362 1363
f 1324 1323 1363 1364
f 1325 1324 1364 1365
f 1326 1325 1365 1366
f 1327 1326 1366 1367
f 1328 1327 1367 1368
f 1329 1328 1368 1369
f 1330 1329 1369 1370
f 1331 1330 1370 1371
f 1332 1331 1371 1372
f 1333 1332 1372 1373
f 1334 1333 1373 1374
f 1335 1334 1374 1375
f 1336 1335 1375 1376
f 1337 1336 1376 1377
f 1338 1337 1377 1378
f 1339 1338 1378 1379
f 1340 1339 1379 1380
f 1341 1340 1380 1381
f 1342 1341 1381 1382
f 1343 1342 1382 1383
f 1344 1343 1383 1384
f 1345 1344 1384 1385
f 1346 1345 1385 1386
f 1347 1346 1386 1387
f 1348 1347 1387 1388
f 1349 1348 1388 1389
f 1350 1349 1389 1390
f 1351 1350 1390 1391
f 1352 1351 1391 1392
f 1353 1352 1392 1393
f 1354 1353 1393 1394
f 1355 1354 1394 1395
f 1356 1355 1395 1396
f 1357 1356 1396 1397
f 1358 1357 1397 1398
f 1359 1358 1398 1399
f 1360 1359 1399 1400
f 1362 1361 1401 1402
f 1363 1362 1402 1403
f 1364 1363 1403 1404
f 1365 1364 1404 1405
f 1366 1365 1405 1406
f 1367 1366 1406 1407
f 1368 1367 1407 1408
f 1369 1368 1408 1409
f 1370 1369 1409 1410
f 1371 1370 1410 1411
f 1372 1371 1411 1412
f 1373 1372 1412 1413
f 1374 1373 1413 1414
f 1375 1374 1414 1415
f 1376 1375 1415 1416
f 1377 1376 1416 1417
f 1378 1377 1417 1418
f 1379 1378 1418 1419
f 1380 1379 1419 1420
f 1381 1380 1420 1421
f 1382 1381 1421 1422
f 1383 1382 1422 1423
f 1384 1383 1423 1424
f 1385 1384 1424 1425
f 1386 1385 1425 1426
f 1387 1386 1426 1427
f 1388 1387 1427 1428
f 1389 1388 1428 1429
f 1390 1389 1429 1430
f 1391 1390 1430 1431
f 1392 1391 1431 1432
f 1393 1392 1432 1433
f 1394 1393 1433 1434
f 1395 1394 1434 1435
f 1396 1395 1435 1436
f 1397 1396 1436 1437
f 1398 1397 1437 1438
f 1399 1398 1438 1439
f 1400 1399 1439 1440
f 1402 1401 1441 1442
f 1403 1402 1442 1443
f 1404 1403 1443 1444
f 1405 1404 1444 1445
f 1406 1405 1445 1446
f 1407 1406 1446 1447
f 1408 1407 1447 1448
f 1409 1408 1448 1449
f 1410 1409 1449 1450
f 1411 1410 1450 1451
f 1412 1411 1451 1452
f 1413 1412 1452 1453
f 1414 1413 1453 1454
f 1415 1414 1454 1455
f 1416 1415 1455 1456
f 1417 1416 1456 1457
f 1418 1417 1457 1458
f 1419 1418 1458 1459
f 1420 1419 1459 1460
f 1421 1420 1460 1461
f 1422 1421 1461 1462
f 1423 1422 1462 1463
f 1424 1423 1463 1464
f 1425 1424 1464 1465
f 1426 1425 1465 1466
f 1427 1426 1466 1467
f 1428 1427 1467 1468
f 1429 1428 1468 1469
f 1430 1429 1469 1470
f 1431 1430 1470 1471
f 1432 1431 1471 1472
f 1433 1432 1472 1473
f 1434 1433 1473 1474
f 1435 1434 1474 1475
f 1436 1435 1475 1476
f 1437 1436 1476 1477
f 1438 1437 1477 1478
f 1439 1438 1478 1479
f 1440 1439 1479 1480
f 1442 1441 1481 1482
f 1443 1442 1482 1483
f 1444 1443 1483 1484
f 1445 1444 1484 1485
f 1446 1445 1485 1486
f 1447 1446 1486 1487
f 1448 1447 1487 1488
f 1449 1448 1488 1489
f 1450 1449 1489 1490
f 1451 1450 1490 1491
f 1452 1451 1491 1492
f 1453 1452 1492 1493
f 1454 1453 1493 1494
f 1455 1454 1494 1495
f 1456 1455 1495 1496
f 1457 1456 1496 1497
f 1458 1457 1497 1498
f 1459 1458 1498 1499
f 1460 1459 1499 1500
f 1461 1460 1500 1501
f 1462 1461 1501 1502
f 1463 1462 1502 1503
f 1464 1463 1503 1504
f 1465 1464 1504 1505
f 1466 1465 1505 1506
f 1467 1466 1506 1507
f 1468 1467 1507 1508
f 1469 1468 1508 1509
f 1470 1469 1509 1510
f 1471 1470 1510 1511
f 1472 1471 1511 1512
f 1473 1472 1512 1513
f 1474 1473 1513 1514
f 1475 1474 1514 1515
f 1476 1475 1515 1516
f 1477 1476 1516 1517
f 1478 1477 1517 1518
f 1479 1478 1518 1519
f 1480 1479 1519 1520
f 1482 1481 1521 1522
f 1483 1482 1522 1523
f 1484 1483 1523 1524
f 1485 1484 1524 1525
f 1486 1485 1525 1526
f 1487 1486 1526 1527
f 1488 1487 1527 1528
f 1489 1488 1528 1529
f 1490 1489 1529 1530
f 1491 1490 1530 1531
f 1492 1491 1531 1532
f 1493 1492 1532 1533
f 1494 1493 1533 1534
f 1495 1494 1534 1535
f 1496 1495 1535 1536
f 1497 1496 1536 1537
f 1498 1497 1537 1538
f 1499 1498 1538 1539
f 1500 1499 1539 1540
f 1501 1500 1540 1541
f 1502 1501 1541 1542
f 1503 1502 1542 1543
f 1504 1503 1543 1544
f 1505 1504 1544 1545
f 1506 1505 1545 1546
f 1507 1506 1546 1547
f 1508 1507 1547 1548
f 1509 1508 1548 1549
f 1510 1509 1549 1550
f 1511 1510 1550 1551
f 1512 1511 1551 1552
f 1513 1512 1552 1553
f 1514 1513 1553 1554
f 1515 1514 1554 1555
f 1516 1515 1555 1556
f 1517 1516 1556 1557
f 1518 1517 1557 1558
f 1519 1518 1558 1559
f 1520 1519 1559 1560
f 1522 1521 1561 1562
f 1523 1522 1562 1563
f 1524 1523 1563 1564
f 1525 1524 1564 1565
f 1526 1525 1565 1566
f 1527 1526 1566 1567
f 1528 1527 1567 1568
f 1529 1528 1568 1569
f 1530 1529 1569 1570
f 1531 1530 1570 1571
f 1532 1531 1571 1572
f 1533 1532 1572 1573
f 1534 1533 1573 1574
f 1535 1534 1574 1575
f 1536 1535 1575 1576
f 1537 1536 1576 1577
f 1538 1537 1577 1578
f 1539 1538 1578 1579
f 1540 1539 1579 1580
f 1541 1540 1580 1581
f 1542 1541 1581 1582
f 1543 1542 1582 1583
f 1544 1543 1583 1584
f 1545 1544 1584 1585
f 1546 1545 1585 1586
f 1547 1546 1586 1587
f 1548 1547 1587 1588
f 1549 1548 1588 1589
f 1550 1549 1589 1590
f 1551 1550 1590 1591
f 1552 1551 1591 1592
f 1553 1552 1592 1593
f 1554 1553 1593 1594
f 1555 1554 1594 1595
f 1556 1555 1595 1596
f 1557 1556 1596 1597
f 1558 1557 1597 1598
f 1559 1558 1598 1599
f 1560 1559 1599 1600
