# Blender v2.79 (sub 0) OBJ File: ''
# www.blender.org
v -5.000000 0.000000 5.000000
v -5.000000 0.000000 4.756097
v -5.000000 0.000000 4.512195
v -5.000000 0.000000 4.268293
v -5.000000 0.000000 4.024390
v -5.000000 0.000000 3.780488
v -5.000000 0.000000 3.536585
v -5.000000 0.000000 3.292683
v -5.000000 0.000000 3.048780
v -5.000000 0.000000 2.804878
v -5.000000 0.000000 2.560976
v -5.000000 0.000000 2.317073
v -5.000000 0.000000 2.073171
v -5.000000 0.000000 1.829268
v -5.000000 0.000000 1.585366
v -5.000000 0.000000 1.341463
v -5.000000 0.000000 1.097561
v -5.000000 0.000000 0.853659
v -5.000000 0.000000 0.609756
v -5.000000 0.000000 0.365854
v -5.000000 0.000000 0.121951
v -5.000000 0.000000 -0.121951
v -5.000000 0.000000 -0.365854
v -5.000000 0.000000 -0.609756
v -5.000000 0.000000 -0.853659
v -5.000000 0.000000 -1.097561
v -5.000000 0.000000 -1.341463
v -5.000000 0.000000 -1.585366
v -5.000000 0.000000 -1.829268
v -5.000000 0.000000 -2.073171
v -5.000000 0.000000 -2.317073
v -5.000000 0.000000 -2.560976
v -5.000000 0.000000 -2.804878
v -5.000000 0.000000 -3.048780
v -5.000000 0.000000 -3.292683
v -5.000000 0.000000 -3.536585
v -5.000000 0.000000 -3.780488
v -5.000000 0.000000 -4.024390
v -5.000000 0.000000 -4.268293
v -5.000000 0.000000 -4.512195
v -5.000000 0.000000 -4.756097
v -5.000000 0.000000 -5.000000
v -4.756097 0.000000 5.000000
v -4.756097 0.000000 4.756097
v -4.756097 0.000000 4.512195
v -4.756097 0.000000 4.268293
v -4.756097 0.000000 4.024390
v -4.756097 0.000000 3.780488
v -4.756097 0.000000 3.536585
v -4.756097 0.000000 3.292683
v -4.756097 0.003579 3.048780
v -4.756097 0.012835 2.804878
v -4.756097 0.023023 2.560976
v -4.756097 0.032375 2.317073
v -4.756097 0.038516 2.073171
v -4.756097 0.045360 1.829268
v -4.756097 0.049123 1.585366
v -4.756097 0.051686 1.341463
v -4.756097 0.055541 1.097561
v -4.756097 0.060337 0.853659
v -4.756097 0.064520 0.609756
v -4.756097 0.065501 0.365854
v -4.756097 0.066716 0.121951
v -4.756097 0.066622 -0.121951
v -4.756097 0.067532 -0.365854
v -4.756097 0.067877 -0.609756
v -4.756097 0.064679 -0.853659
v -4.756097 0.062036 -1.097561
v -4.756097 0.062321 -1.341463
v -4.756097 0.061138 -1.585366
v -4.756097 0.059557 -1.829268
v -4.756097 0.053269 -2.073171
v -4.756097 0.043198 -2.317073
v -4.756097 0.030359 -2.560976
v -4.756097 0.017081 -2.804878
v -4.756097 0.005045 -3.048780
v -4.756097 0.000000 -3.292683
v -4.756097 0.000000 -3.536585
v -4.756097 0.000000 -3.780488
v -4.756097 0.000000 -4.024390
v -4.756097 0.000000 -4.268293
v -4.756097 0.000000 -4.512195
v -4.756097 0.000000 -4.756097
v -4.756097 0.000000 -5.000000
v -4.512195 0.000000 5.000000
v -4.512195 0.000000 4.756097
v -4.512195 0.000000 4.512195
v -4.512195 0.000000 4.268293
v -4.512195 0.000000 4.024390
v -4.512195 0.000175 3.780488
v -4.512195 0.013725 3.536585
v -4.512195 0.042059 3.292683
v -4.512195 0.079746 3.048780
v -4.512195 0.112438 2.804878
v -4.512195 0.137991 2.560976
v -4.512195 0.155293 2.317073
v -4.512195 0.163169 2.073171
v -4.512195 0.174201 1.829268
v -4.512195 0.176483 1.585366
v -4.512195 0.177528 1.341463
v -4.512195 0.181783 1.097561
v -4.512195 0.196241 0.853659
v -4.512195 0.216834 0.609756
v -4.512195 0.227912 0.365854
v -4.512195 0.231971 0.121951
v -4.512195 0.235845 -0.121951
v -4.512195 0.230677 -0.365854
v -4.512195 0.221801 -0.609756
v -4.512195 0.219860 -0.853659
v -4.512195 0.207143 -1.097561
v -4.512195 0.213618 -1.341463
v -4.512195 0.233656 -1.585366
v -4.512195 0.238885 -1.829268
v -4.512195 0.230234 -2.073171
v -4.512195 0.217589 -2.317073
v -4.512195 0.191284 -2.560976
v -4.512195 0.150255 -2.804878
v -4.512195 0.107313 -3.048780
v -4.512195 0.062857 -3.292683
v -4.512195 0.021513 -3.536585
v -4.512195 0.000274 -3.780488
v -4.512195 0.000000 -4.024390
v -4.512195 0.000000 -4.268293
v -4.512195 0.000000 -4.512195
v -4.512195 0.000000 -4.756097
v -4.512195 0.000000 -5.000000
v -4.268293 0.000000 5.000000
v -4.268293 0.000000 4.756097
v -4.268293 0.000000 4.512195
v -4.268293 0.000000 4.268293
v -4.268293 0.004396 4.024390
v -4.268293 0.037969 3.780488
v -4.268293 0.092442 3.536585
v -4.268293 0.153702 3.292683
v -4.268293 0.219599 3.048780
v -4.268293 0.280104 2.804878
v -4.268293 0.331149 2.560976
v -4.268293 0.342231 2.317073
v -4.268293 0.356734 2.073171
v -4.268293 0.358521 1.829268
v -4.268293 0.361928 1.585366
v -4.268293 0.355080 1.341463
v -4.268293 0.357111 1.097561
v -4.268293 0.369775 0.853659
v -4.268293 0.414658 0.609756
v -4.268293 0.431920 0.365854
v -4.268293 0.461149 0.121951
v -4.268293 0.474335 -0.121951
v -4.268293 0.448226 -0.365854
v -4.268293 0.429983 -0.609756
v -4.268293 0.428575 -0.853659
v -4.268293 0.431583 -1.097561
v -4.268293 0.428284 -1.341463
v -4.268293 0.466298 -1.585366
v -4.268293 0.500107 -1.829268
v -4.268293 0.477115 -2.073171
v -4.268293 0.478784 -2.317073
v -4.268293 0.436742 -2.560976
v -4.268293 0.372562 -2.804878
v -4.268293 0.300366 -3.048780
v -4.268293 0.226166 -3.292683
v -4.268293 0.137495 -3.536585
v -4.268293 0.054899 -3.780488
v -4.268293 0.006202 -4.024390
v -4.268293 0.000000 -4.268293
v -4.268293 0.000000 -4.512195
v -4.268293 0.000000 -4.756097
v -4.268293 0.000000 -5.000000
v -4.024390 0.000000 5.000000
v -4.024390 0.000000 4.756097
v -4.024390 0.000000 4.512195
v -4.024390 0.004332 4.268293
v -4.024390 0.047064 4.024390
v -4.024390 0.121698 3.780488
v -4.024390 0.214654 3.536585
v -4.024390 0.296692 3.292683
v -4.024390 0.376174 3.048780
v -4.024390 0.498405 2.804878
v -4.024390 0.545772 2.560976
v -4.024390 0.559164 2.317073
v -4.024390 0.571301 2.073171
v -4.024390 0.571374 1.829268
v -4.024390 0.563891 1.585366
v -4.024390 0.562604 1.341463
v -4.024390 0.582915 1.097561
v -4.024390 0.584250 0.853659
v -4.024390 0.643441 0.609756
v -4.024390 0.671221 0.365854
v -4.024390 0.706815 0.121951
v -4.024390 0.751736 -0.121951
v -4.024390 0.714460 -0.365854
v -4.024390 0.686022 -0.609756
v -4.024390 0.705443 -0.853659
v -4.024390 0.693315 -1.097561
v -4.024390 0.718802 -1.341463
v -4.024390 0.756623 -1.585366
v -4.024390 0.786022 -1.829268
v -4.024390 0.784315 -2.073171
v -4.024390 0.772469 -2.317073
v -4.024390 0.721981 -2.560976
v -4.024390 0.638780 -2.804878
v -4.024390 0.544691 -3.048780
v -4.024390 0.441441 -3.292683
v -4.024390 0.304211 -3.536585
v -4.024390 0.177972 -3.780488
v -4.024390 0.066697 -4.024390
v -4.024390 0.006142 -4.268293
v -4.024390 0.000000 -4.512195
v -4.024390 0.000000 -4.756097
v -4.024390 0.000000 -5.000000
v -3.780488 0.000000 5.000000
v -3.780488 0.000000 4.756097
v -3.780488 0.000169 4.512195
v -3.780488 0.034054 4.268293
v -3.780488 0.111191 4.024390
v -3.780488 0.225294 3.780488
v -3.780488 0.341537 3.536585
v -3.780488 0.441811 3.292683
v -3.780488 0.553318 3.048780
v -3.780488 0.653936 2.804878
v -3.780488 0.747758 2.560976
v -3.780488 0.761720 2.317073
v -3.780488 0.785727 2.073171
v -3.780488 0.756811 1.829268
v -3.780488 0.763629 1.585366
v -3.780488 0.776434 1.341463
v -3.780488 0.781460 1.097561
v -3.780488 0.859155 0.853659
v -3.780488 0.888099 0.609756
v -3.780488 0.939775 0.365854
v -3.780488 0.973128 0.121951
v -3.780488 1.016041 -0.121951
v -3.780488 0.996760 -0.365854
v -3.780488 0.991293 -0.609756
v -3.780488 0.970666 -0.853659
v -3.780488 0.972891 -1.097561
v -3.780488 0.989266 -1.341463
v -3.780488 1.048724 -1.585366
v -3.780488 1.049873 -1.829268
v -3.780488 1.108163 -2.073171
v -3.780488 1.051044 -2.317073
v -3.780488 0.998421 -2.560976
v -3.780488 0.913932 -2.804878
v -3.780488 0.778098 -3.048780
v -3.780488 0.655097 -3.292683
v -3.780488 0.497279 -3.536585
v -3.780488 0.326863 -3.780488
v -3.780488 0.162862 -4.024390
v -3.780488 0.050715 -4.268293
v -3.780488 0.000246 -4.512195
v -3.780488 0.000000 -4.756097
v -3.780488 0.000000 -5.000000
v -3.536585 0.000000 5.000000
v -3.536585 0.000000 4.756097
v -3.536585 0.012702 4.512195
v -3.536585 0.083123 4.268293
v -3.536585 0.193683 4.024390
v -3.536585 0.335342 3.780488
v -3.536585 0.478893 3.536585
v -3.536585 0.591241 3.292683
v -3.536585 0.713802 3.048780
v -3.536585 0.795942 2.804878
v -3.536585 0.864125 2.560976
v -3.536585 0.924613 2.317073
v -3.536585 0.966493 2.073171
v -3.536585 0.980908 1.829268
v -3.536585 0.963815 1.585366
v -3.536585 0.915982 1.341463
v -3.536585 0.981909 1.097561
v -3.536585 1.078903 0.853659
v -3.536585 1.149028 0.609756
v -3.536585 1.201666 0.365854
v -3.536585 1.268511 0.121951
v -3.536585 1.299538 -0.121951
v -3.536585 1.299809 -0.365854
v -3.536585 1.302232 -0.609756
v -3.536585 1.249624 -0.853659
v -3.536585 1.242058 -1.097561
v -3.536585 1.289613 -1.341463
v -3.536585 1.318019 -1.585366
v -3.536585 1.323069 -1.829268
v -3.536585 1.376408 -2.073171
v -3.536585 1.342682 -2.317073
v -3.536585 1.257233 -2.560976
v -3.536585 1.145314 -2.804878
v -3.536585 1.017517 -3.048780
v -3.536585 0.844602 -3.292683
v -3.536585 0.675805 -3.536585
v -3.536585 0.474564 -3.780488
v -3.536585 0.273222 -4.024390
v -3.536585 0.123034 -4.268293
v -3.536585 0.019062 -4.512195
v -3.536585 0.000000 -4.756097
v -3.536585 0.000000 -5.000000
v -3.292683 0.000000 5.000000
v -3.292683 0.000000 4.756097
v -3.292683 0.037721 4.512195
v -3.292683 0.139563 4.268293
v -3.292683 0.288039 4.024390
v -3.292683 0.428036 3.780488
v -3.292683 0.585023 3.536585
v -3.292683 0.707020 3.292683
v -3.292683 0.829664 3.048780
v -3.292683 0.901678 2.804878
v -3.292683 0.996392 2.560976
v -3.292683 1.081692 2.317073
v -3.292683 1.122687 2.073171
v -3.292683 1.175042 1.829268
v -3.292683 1.147726 1.585366
v -3.292683 1.098915 1.341463
v -3.292683 1.191379 1.097561
v -3.292683 1.308077 0.853659
v -3.292683 1.433483 0.609756
v -3.292683 1.452873 0.365854
v -3.292683 1.495910 0.121951
v -3.292683 1.487641 -0.121951
v -3.292683 1.534190 -0.365854
v -3.292683 1.580357 -0.609756
v -3.292683 1.610197 -0.853659
v -3.292683 1.568420 -1.097561
v -3.292683 1.562000 -1.341463
v -3.292683 1.585614 -1.585366
v -3.292683 1.622222 -1.829268
v -3.292683 1.667591 -2.073171
v -3.292683 1.649570 -2.317073
v -3.292683 1.490809 -2.560976
v -3.292683 1.365669 -2.804878
v -3.292683 1.233232 -3.048780
v -3.292683 1.011785 -3.292683
v -3.292683 0.839109 -3.536585
v -3.292683 0.623528 -3.780488
v -3.292683 0.388407 -4.024390
v -3.292683 0.195168 -4.268293
v -3.292683 0.055064 -4.512195
v -3.292683 0.000000 -4.756097
v -3.292683 0.000000 -5.000000
v -3.048780 0.000000 5.000000
v -3.048780 0.002947 4.756097
v -3.048780 0.068361 4.512195
v -3.048780 0.188142 4.268293
v -3.048780 0.362099 4.024390
v -3.048780 0.515000 3.780488
v -3.048780 0.641044 3.536585
v -3.048780 0.781312 3.292683
v -3.048780 0.882471 3.048780
v -3.048780 0.994350 2.804878
v -3.048780 1.082895 2.560976
v -3.048780 1.190315 2.317073
v -3.048780 1.255413 2.073171
v -3.048780 1.305762 1.829268
v -3.048780 1.312686 1.585366
v -3.048780 1.277767 1.341463
v -3.048780 1.358991 1.097561
v -3.048780 1.494231 0.853659
v -3.048780 1.656349 0.609756
v -3.048780 1.705962 0.365854
v -3.048780 1.686196 0.121951
v -3.048780 1.629394 -0.121951
v -3.048780 1.720908 -0.365854
v -3.048780 1.795455 -0.609756
v -3.048780 1.894851 -0.853659
v -3.048780 1.878213 -1.097561
v -3.048780 1.858718 -1.341463
v -3.048780 1.888675 -1.585366
v -3.048780 1.933417 -1.829268
v -3.048780 1.989825 -2.073171
v -3.048780 1.949590 -2.317073
v -3.048780 1.780267 -2.560976
v -3.048780 1.649575 -2.804878
v -3.048780 1.482047 -3.048780
v -3.048780 1.268952 -3.292683
v -3.048780 1.015541 -3.536585
v -3.048780 0.762524 -3.780488
v -3.048780 0.493413 -4.024390
v -3.048780 0.264759 -4.268293
v -3.048780 0.096834 -4.512195
v -3.048780 0.004374 -4.756097
v -3.048780 0.000000 -5.000000
v -2.804878 0.000000 5.000000
v -2.804878 0.011286 4.756097
v -2.804878 0.099165 4.512195
v -2.804878 0.250035 4.268293
v -2.804878 0.436228 4.024390
v -2.804878 0.615952 3.780488
v -2.804878 0.727959 3.536585
v -2.804878 0.871875 3.292683
v -2.804878 0.981172 3.048780
v -2.804878 1.094239 2.804878
v -2.804878 1.169762 2.560976
v -2.804878 1.290025 2.317073
v -2.804878 1.386696 2.073171
v -2.804878 1.509866 1.829268
v -2.804878 1.555474 1.585366
v -2.804878 1.498726 1.341463
v -2.804878 1.588422 1.097561
v -2.804878 1.772720 0.853659
v -2.804878 1.960330 0.609756
v -2.804878 1.977349 0.365854
v -2.804878 2.003120 0.121951
v -2.804878 1.988114 -0.121951
v -2.804878 1.935225 -0.365854
v -2.804878 2.053807 -0.609756
v -2.804878 2.138134 -0.853659
v -2.804878 2.107250 -1.097561
v -2.804878 2.099125 -1.341463
v -2.804878 2.145913 -1.585366
v -2.804878 2.197068 -1.829268
v -2.804878 2.264156 -2.073171
v -2.804878 2.345957 -2.317073
v -2.804878 2.208182 -2.560976
v -2.804878 2.064587 -2.804878
v -2.804878 1.845032 -3.048780
v -2.804878 1.543015 -3.292683
v -2.804878 1.153997 -3.536585
v -2.804878 0.871282 -3.780488
v -2.804878 0.587896 -4.024390
v -2.804878 0.339170 -4.268293
v -2.804878 0.138245 -4.512195
v -2.804878 0.016436 -4.756097
v -2.804878 0.000000 -5.000000
v -2.560976 0.000000 5.000000
v -2.560976 0.022035 4.756097
v -2.560976 0.133285 4.512195
v -2.560976 0.305582 4.268293
v -2.560976 0.503548 4.024390
v -2.560976 0.671218 3.780488
v -2.560976 0.827019 3.536585
v -2.560976 0.942058 3.292683
v -2.560976 1.060352 3.048780
v -2.560976 1.200863 2.804878
v -2.560976 1.285525 2.560976
v -2.560976 1.429832 2.317073
v -2.560976 1.578941 2.073171
v -2.560976 1.736637 1.829268
v -2.560976 1.803904 1.585366
v -2.560976 1.802242 1.341463
v -2.560976 1.879694 1.097561
v -2.560976 2.053333 0.853659
v -2.560976 2.253854 0.609756
v -2.560976 2.406203 0.365854
v -2.560976 2.401064 0.121951
v -2.560976 2.350239 -0.121951
v -2.560976 2.320651 -0.365854
v -2.560976 2.332665 -0.609756
v -2.560976 2.473572 -0.853659
v -2.560976 2.500290 -1.097561
v -2.560976 2.418754 -1.341463
v -2.560976 2.374575 -1.585366
v -2.560976 2.520740 -1.829268
v -2.560976 2.546692 -2.073171
v -2.560976 2.625211 -2.317073
v -2.560976 2.479470 -2.560976
v -2.560976 2.310246 -2.804878
v -2.560976 2.052882 -3.048780
v -2.560976 1.801004 -3.292683
v -2.560976 1.361661 -3.536585
v -2.560976 0.987033 -3.780488
v -2.560976 0.678046 -4.024390
v -2.560976 0.401800 -4.268293
v -2.560976 0.175721 -4.512195
v -2.560976 0.029724 -4.756097
v -2.560976 0.000000 -5.000000
v -2.317073 0.000000 5.000000
v -2.317073 0.033105 4.756097
v -2.317073 0.157795 4.512195
v -2.317073 0.337309 4.268293
v -2.317073 0.547467 4.024390
v -2.317073 0.722745 3.780488
v -2.317073 0.871162 3.536585
v -2.317073 1.016320 3.292683
v -2.317073 1.170334 3.048780
v -2.317073 1.273280 2.804878
v -2.317073 1.401192 2.560976
v -2.317073 1.553654 2.317073
v -2.317073 1.724180 2.073171
v -2.317073 1.964857 1.829268
v -2.317073 2.037868 1.585366
v -2.317073 2.136795 1.341463
v -2.317073 2.234280 1.097561
v -2.317073 2.373737 0.853659
v -2.317073 2.487733 0.609756
v -2.317073 2.648553 0.365854
v -2.317073 2.691078 0.121951
v -2.317073 2.607243 -0.121951
v -2.317073 2.526044 -0.365854
v -2.317073 2.620610 -0.609756
v -2.317073 2.759119 -0.853659
v -2.317073 2.811867 -1.097561
v -2.317073 2.718987 -1.341463
v -2.317073 2.724442 -1.585366
v -2.317073 2.760722 -1.829268
v -2.317073 2.772857 -2.073171
v -2.317073 2.735555 -2.317073
v -2.317073 2.632782 -2.560976
v -2.317073 2.469321 -2.804878
v -2.317073 2.185740 -3.048780
v -2.317073 1.985665 -3.292683
v -2.317073 1.546912 -3.536585
v -2.317073 1.124594 -3.780488
v -2.317073 0.747903 -4.024390
v -2.317073 0.460430 -4.268293
v -2.317073 0.208476 -4.512195
v -2.317073 0.043588 -4.756097
v -2.317073 0.000000 -5.000000
v -2.073171 0.000000 5.000000
v -2.073171 0.042979 4.756097
v -2.073171 0.174404 4.512195
v -2.073171 0.368409 4.268293
v -2.073171 0.600603 4.024390
v -2.073171 0.788253 3.780488
v -2.073171 0.966855 3.536585
v -2.073171 1.106141 3.292683
v -2.073171 1.232895 3.048780
v -2.073171 1.380755 2.804878
v -2.073171 1.579167 2.560976
v -2.073171 1.737431 2.317073
v -2.073171 1.874256 2.073171
v -2.073171 2.091089 1.829268
v -2.073171 2.316656 1.585366
v -2.073171 2.530558 1.341463
v -2.073171 2.616999 1.097561
v -2.073171 2.729455 0.853659
v -2.073171 2.874085 0.609756
v -2.073171 2.937670 0.365854
v -2.073171 3.001665 0.121951
v -2.073171 3.043393 -0.121951
v -2.073171 2.940976 -0.365854
v -2.073171 2.954875 -0.609756
v -2.073171 3.062441 -0.853659
v -2.073171 3.050368 -1.097561
v -2.073171 2.992835 -1.341463
v -2.073171 2.888038 -1.585366
v -2.073171 2.842550 -1.829268
v -2.073171 2.846975 -2.073171
v -2.073171 2.795805 -2.317073
v -2.073171 2.682475 -2.560976
v -2.073171 2.575581 -2.804878
v -2.073171 2.336429 -3.048780
v -2.073171 1.996329 -3.292683
v -2.073171 1.587983 -3.536585
v -2.073171 1.178255 -3.780488
v -2.073171 0.832829 -4.024390
v -2.073171 0.506488 -4.268293
v -2.073171 0.240586 -4.512195
v -2.073171 0.055586 -4.756097
v -2.073171 0.000000 -5.000000
v -1.829268 0.000000 5.000000
v -1.829268 0.051539 4.756097
v -1.829268 0.192693 4.512195
v -1.829268 0.384712 4.268293
v -1.829268 0.662017 4.024390
v -1.829268 0.891937 3.780488
v -1.829268 1.089577 3.536585
v -1.829268 1.221926 3.292683
v -1.829268 1.418061 3.048780
v -1.829268 1.589510 2.804878
v -1.829268 1.741223 2.560976
v -1.829268 1.961088 2.317073
v -1.829268 2.198241 2.073171
v -1.829268 2.395190 1.829268
v -1.829268 2.556467 1.585366
v -1.829268 2.781017 1.341463
v -1.829268 2.929209 1.097561
v -1.829268 3.031351 0.853659
v -1.829268 3.087251 0.609756
v -1.829268 3.297254 0.365854
v -1.829268 3.314736 0.121951
v -1.829268 3.268816 -0.121951
v -1.829268 3.245490 -0.365854
v -1.829268 3.320858 -0.609756
v -1.829268 3.237169 -0.853659
v -1.829268 3.076453 -1.097561
v -1.829268 3.110424 -1.341463
v -1.829268 2.865065 -1.585366
v -1.829268 2.893528 -1.829268
v -1.829268 2.899129 -2.073171
v -1.829268 2.817540 -2.317073
v -1.829268 2.720510 -2.560976
v -1.829268 2.563761 -2.804878
v -1.829268 2.312831 -3.048780
v -1.829268 1.973859 -3.292683
v -1.829268 1.607666 -3.536585
v -1.829268 1.223316 -3.780488
v -1.829268 0.879476 -4.024390
v -1.829268 0.544439 -4.268293
v -1.829268 0.253921 -4.512195
v -1.829268 0.063132 -4.756097
v -1.829268 0.000000 -5.000000
v -1.585366 0.000000 5.000000
v -1.585366 0.060807 4.756097
v -1.585366 0.215779 4.512195
v -1.585366 0.439000 4.268293
v -1.585366 0.721819 4.024390
v -1.585366 1.018161 3.780488
v -1.585366 1.241630 3.536585
v -1.585366 1.462021 3.292683
v -1.585366 1.619048 3.048780
v -1.585366 1.729961 2.804878
v -1.585366 1.883482 2.560976
v -1.585366 2.119889 2.317073
v -1.585366 2.513117 2.073171
v -1.585366 2.737507 1.829268
v -1.585366 2.823787 1.585366
v -1.585366 3.039765 1.341463
v -1.585366 3.279372 1.097561
v -1.585366 3.330766 0.853659
v -1.585366 3.402131 0.609756
v -1.585366 3.472152 0.365854
v -1.585366 3.443610 0.121951
v -1.585366 3.419282 -0.121951
v -1.585366 3.433798 -0.365854
v -1.585366 3.550283 -0.609756
v -1.585366 3.381442 -0.853659
v -1.585366 3.298507 -1.097561
v -1.585366 3.104183 -1.341463
v -1.585366 2.966905 -1.585366
v -1.585366 2.892453 -1.829268
v -1.585366 2.814269 -2.073171
v -1.585366 2.757458 -2.317073
v -1.585366 2.626491 -2.560976
v -1.585366 2.542513 -2.804878
v -1.585366 2.337202 -3.048780
v -1.585366 2.070000 -3.292683
v -1.585366 1.633179 -3.536585
v -1.585366 1.271460 -3.780488
v -1.585366 0.911119 -4.024390
v -1.585366 0.576567 -4.268293
v -1.585366 0.281004 -4.512195
v -1.585366 0.069608 -4.756097
v -1.585366 0.000000 -5.000000
v -1.341463 0.000000 5.000000
v -1.341463 0.065916 4.756097
v -1.341463 0.239901 4.512195
v -1.341463 0.509759 4.268293
v -1.341463 0.782844 4.024390
v -1.341463 1.045505 3.780488
v -1.341463 1.328624 3.536585
v -1.341463 1.594561 3.292683
v -1.341463 1.867908 3.048780
v -1.341463 2.074961 2.804878
v -1.341463 2.273508 2.560976
v -1.341463 2.450201 2.317073
v -1.341463 2.807703 2.073171
v -1.341463 3.037033 1.829268
v -1.341463 3.160823 1.585366
v -1.341463 3.419152 1.341463
v -1.341463 3.636001 1.097561
v -1.341463 3.633643 0.853659
v -1.341463 3.881164 0.609756
v -1.341463 3.837579 0.365854
v -1.341463 3.687738 0.121951
v -1.341463 3.565221 -0.121951
v -1.341463 3.597667 -0.365854
v -1.341463 3.622944 -0.609756
v -1.341463 3.486936 -0.853659
v -1.341463 3.286571 -1.097561
v -1.341463 3.084290 -1.341463
v -1.341463 3.034942 -1.585366
v -1.341463 2.940576 -1.829268
v -1.341463 2.798315 -2.073171
v -1.341463 2.827997 -2.317073
v -1.341463 2.743729 -2.560976
v -1.341463 2.604771 -2.804878
v -1.341463 2.379853 -3.048780
v -1.341463 2.093486 -3.292683
v -1.341463 1.735069 -3.536585
v -1.341463 1.334057 -3.780488
v -1.341463 0.956554 -4.024390
v -1.341463 0.612465 -4.268293
v -1.341463 0.297997 -4.512195
v -1.341463 0.077151 -4.756097
v -1.341463 0.000000 -5.000000
v -1.097561 0.000000 5.000000
v -1.097561 0.069228 4.756097
v -1.097561 0.256331 4.512195
v -1.097561 0.525394 4.268293
v -1.097561 0.807315 4.024390
v -1.097561 1.105104 3.780488
v -1.097561 1.419302 3.536585
v -1.097561 1.729314 3.292683
v -1.097561 2.041430 3.048780
v -1.097561 2.315201 2.804878
v -1.097561 2.537640 2.560976
v -1.097561 2.834058 2.317073
v -1.097561 3.147242 2.073171
v -1.097561 3.333427 1.829268
v -1.097561 3.417988 1.585366
v -1.097561 3.522623 1.341463
v -1.097561 3.897730 1.097561
v -1.097561 4.085428 0.853659
v -1.097561 4.196734 0.609756
v -1.097561 4.172118 0.365854
v -1.097561 4.091973 0.121951
v -1.097561 4.011702 -0.121951
v -1.097561 3.923383 -0.365854
v -1.097561 3.860597 -0.609756
v -1.097561 3.597393 -0.853659
v -1.097561 3.264933 -1.097561
v -1.097561 3.195496 -1.341463
v -1.097561 3.208707 -1.585366
v -1.097561 3.230508 -1.829268
v -1.097561 3.044736 -2.073171
v -1.097561 3.051178 -2.317073
v -1.097561 2.913800 -2.560976
v -1.097561 2.687824 -2.804878
v -1.097561 2.405708 -3.048780
v -1.097561 2.220380 -3.292683
v -1.097561 1.871507 -3.536585
v -1.097561 1.423491 -3.780488
v -1.097561 1.001594 -4.024390
v -1.097561 0.649122 -4.268293
v -1.097561 0.305392 -4.512195
v -1.097561 0.080239 -4.756097
v -1.097561 0.000000 -5.000000
v -0.853659 0.000000 5.000000
v -0.853659 0.073543 4.756097
v -0.853659 0.260262 4.512195
v -0.853659 0.531776 4.268293
v -0.853659 0.840543 4.024390
v -0.853659 1.144125 3.780488
v -0.853659 1.500263 3.536585
v -0.853659 1.803215 3.292683
v -0.853659 2.093460 3.048780
v -0.853659 2.399406 2.804878
v -0.853659 2.697068 2.560976
v -0.853659 2.983618 2.317073
v -0.853659 3.203006 2.073171
v -0.853659 3.425306 1.829268
v -0.853659 3.623704 1.585366
v -0.853659 3.681889 1.341463
v -0.853659 3.971448 1.097561
v -0.853659 4.302385 0.853659
v -0.853659 4.256050 0.609756
v -0.853659 4.300377 0.365854
v -0.853659 4.363337 0.121951
v -0.853659 4.430589 -0.121951
v -0.853659 4.307759 -0.365854
v -0.853659 4.256343 -0.609756
v -0.853659 3.900555 -0.853659
v -0.853659 3.553380 -1.097561
v -0.853659 3.500862 -1.341463
v -0.853659 3.452621 -1.585366
v -0.853659 3.445125 -1.829268
v -0.853659 3.454994 -2.073171
v -0.853659 3.418032 -2.317073
v -0.853659 3.196866 -2.560976
v -0.853659 2.848569 -2.804878
v -0.853659 2.479279 -3.048780
v -0.853659 2.287650 -3.292683
v -0.853659 1.919525 -3.536585
v -0.853659 1.550404 -3.780488
v -0.853659 1.088356 -4.024390
v -0.853659 0.675332 -4.268293
v -0.853659 0.307328 -4.512195
v -0.853659 0.085117 -4.756097
v -0.853659 0.000000 -5.000000
v -0.609756 0.000000 5.000000
v -0.609756 0.072286 4.756097
v -0.609756 0.250986 4.512195
v -0.609756 0.510323 4.268293
v -0.609756 0.807661 4.024390
v -0.609756 1.107860 3.780488
v -0.609756 1.477982 3.536585
v -0.609756 1.768080 3.292683
v -0.609756 2.070914 3.048780
v -0.609756 2.412150 2.804878
v -0.609756 2.636610 2.560976
v -0.609756 2.918276 2.317073
v -0.609756 3.342111 2.073171
v -0.609756 3.513043 1.829268
v -0.609756 3.645081 1.585366
v -0.609756 3.771354 1.341463
v -0.609756 4.237046 1.097561
v -0.609756 4.476921 0.853659
v -0.609756 4.298433 0.609756
v -0.609756 4.307106 0.365854
v -0.609756 4.418519 0.121951
v -0.609756 4.488112 -0.121951
v -0.609756 4.482023 -0.365854
v -0.609756 4.229473 -0.609756
v -0.609756 4.061237 -0.853659
v -0.609756 3.838270 -1.097561
v -0.609756 3.727143 -1.341463
v -0.609756 3.774368 -1.585366
v -0.609756 3.735362 -1.829268
v -0.609756 3.712290 -2.073171
v -0.609756 3.655535 -2.317073
v -0.609756 3.295935 -2.560976
v -0.609756 3.029533 -2.804878
v -0.609756 2.810819 -3.048780
v -0.609756 2.421105 -3.292683
v -0.609756 1.995928 -3.536585
v -0.609756 1.595170 -3.780488
v -0.609756 1.227321 -4.024390
v -0.609756 0.727638 -4.268293
v -0.609756 0.335940 -4.512195
v -0.609756 0.091050 -4.756097
v -0.609756 0.000000 -5.000000
v -0.365854 0.000000 5.000000
v -0.365854 0.068876 4.756097
v -0.365854 0.242739 4.512195
v -0.365854 0.489979 4.268293
v -0.365854 0.757916 4.024390
v -0.365854 1.045037 3.780488
v -0.365854 1.396339 3.536585
v -0.365854 1.736852 3.292683
v -0.365854 2.045703 3.048780
v -0.365854 2.440849 2.804878
v -0.365854 2.698632 2.560976
v -0.365854 2.912560 2.317073
v -0.365854 3.252883 2.073171
v -0.365854 3.601022 1.829268
v -0.365854 3.816746 1.585366
v -0.365854 4.047949 1.341463
v -0.365854 4.341326 1.097561
v -0.365854 4.437590 0.853659
v -0.365854 4.411604 0.609756
v -0.365854 4.275301 0.365854
v -0.365854 4.327546 0.121951
v -0.365854 4.519760 -0.121951
v -0.365854 4.417898 -0.365854
v -0.365854 4.387890 -0.609756
v -0.365854 4.027863 -0.853659
v -0.365854 4.027968 -1.097561
v -0.365854 3.940897 -1.341463
v -0.365854 4.039134 -1.585366
v -0.365854 4.017794 -1.829268
v -0.365854 3.918820 -2.073171
v -0.365854 3.830550 -2.317073
v -0.365854 3.559044 -2.560976
v -0.365854 3.375840 -2.804878
v -0.365854 3.002511 -3.048780
v -0.365854 2.607264 -3.292683
v -0.365854 2.121076 -3.536585
v -0.365854 1.696574 -3.780488
v -0.365854 1.242510 -4.024390
v -0.365854 0.784179 -4.268293
v -0.365854 0.352438 -4.512195
v -0.365854 0.094597 -4.756097
v -0.365854 0.000000 -5.000000
v -0.121951 0.000000 5.000000
v -0.121951 0.066152 4.756097
v -0.121951 0.242149 4.512195
v -0.121951 0.474689 4.268293
v -0.121951 0.769746 4.024390
v -0.121951 1.106896 3.780488
v -0.121951 1.393160 3.536585
v -0.121951 1.712346 3.292683
v -0.121951 2.100289 3.048780
v -0.121951 2.472095 2.804878
v -0.121951 2.750330 2.560976
v -0.121951 3.020602 2.317073
v -0.121951 3.307616 2.073171
v -0.121951 3.586966 1.829268
v -0.121951 3.811161 1.585366
v -0.121951 4.088801 1.341463
v -0.121951 4.140660 1.097561
v -0.121951 4.216729 0.853659
v -0.121951 4.288306 0.609756
v -0.121951 4.318220 0.365854
v -0.121951 4.300781 0.121951
v -0.121951 4.463357 -0.121951
v -0.121951 4.525166 -0.365854
v -0.121951 4.554832 -0.609756
v -0.121951 4.524899 -0.853659
v -0.121951 4.374893 -1.097561
v -0.121951 4.488710 -1.341463
v -0.121951 4.381869 -1.585366
v -0.121951 4.087714 -1.829268
v -0.121951 4.038368 -2.073171
v -0.121951 3.956363 -2.317073
v -0.121951 3.767263 -2.560976
v -0.121951 3.536222 -2.804878
v -0.121951 3.093518 -3.048780
v -0.121951 2.707920 -3.292683
v -0.121951 2.203840 -3.536585
v -0.121951 1.693766 -3.780488
v -0.121951 1.266691 -4.024390
v -0.121951 0.806466 -4.268293
v -0.121951 0.366819 -4.512195
v -0.121951 0.093758 -4.756097
v -0.121951 0.000000 -5.000000
v 0.121951 0.000000 5.000000
v 0.121951 0.066791 4.756097
v 0.121951 0.245547 4.512195
v 0.121951 0.488591 4.268293
v 0.121951 0.798898 4.024390
v 0.121951 1.173129 3.780488
v 0.121951 1.459849 3.536585
v 0.121951 1.791311 3.292683
v 0.121951 2.200482 3.048780
v 0.121951 2.495677 2.804878
v 0.121951 2.709157 2.560976
v 0.121951 3.082607 2.317073
v 0.121951 3.357516 2.073171
v 0.121951 3.715629 1.829268
v 0.121951 3.951474 1.585366
v 0.121951 4.047278 1.341463
v 0.121951 4.118358 1.097561
v 0.121951 4.184938 0.853659
v 0.121951 4.226856 0.609756
v 0.121951 4.218568 0.365854
v 0.121951 4.452691 0.121951
v 0.121951 4.516294 -0.121951
v 0.121951 4.667386 -0.365854
v 0.121951 4.804451 -0.609756
v 0.121951 4.749155 -0.853659
v 0.121951 4.702950 -1.097561
v 0.121951 4.810318 -1.341463
v 0.121951 4.539329 -1.585366
v 0.121951 4.359831 -1.829268
v 0.121951 4.259579 -2.073171
v 0.121951 4.065977 -2.317073
v 0.121951 3.826025 -2.560976
v 0.121951 3.521223 -2.804878
v 0.121951 3.169148 -3.048780
v 0.121951 2.692824 -3.292683
v 0.121951 2.287560 -3.536585
v 0.121951 1.777067 -3.780488
v 0.121951 1.226115 -4.024390
v 0.121951 0.769919 -4.268293
v 0.121951 0.360021 -4.512195
v 0.121951 0.096848 -4.756097
v 0.121951 0.000000 -5.000000
v 0.365854 0.000000 5.000000
v 0.365854 0.071224 4.756097
v 0.365854 0.255754 4.512195
v 0.365854 0.510044 4.268293
v 0.365854 0.814510 4.024390
v 0.365854 1.196624 3.780488
v 0.365854 1.522837 3.536585
v 0.365854 1.859819 3.292683
v 0.365854 2.233977 3.048780
v 0.365854 2.524359 2.804878
v 0.365854 2.703302 2.560976
v 0.365854 3.087251 2.317073
v 0.365854 3.449207 2.073171
v 0.365854 3.784656 1.829268
v 0.365854 3.955409 1.585366
v 0.365854 4.190660 1.341463
v 0.365854 4.272302 1.097561
v 0.365854 4.370574 0.853659
v 0.365854 4.359285 0.609756
v 0.365854 4.327573 0.365854
v 0.365854 4.521894 0.121951
v 0.365854 4.895271 -0.121951
v 0.365854 5.011766 -0.365854
v 0.365854 4.990589 -0.609756
v 0.365854 4.919607 -0.853659
v 0.365854 4.785769 -1.097561
v 0.365854 4.824676 -1.341463
v 0.365854 4.664635 -1.585366
v 0.365854 4.526775 -1.829268
v 0.365854 4.216156 -2.073171
v 0.365854 4.124570 -2.317073
v 0.365854 3.912985 -2.560976
v 0.365854 3.478649 -2.804878
v 0.365854 3.062538 -3.048780
v 0.365854 2.653316 -3.292683
v 0.365854 2.240243 -3.536585
v 0.365854 1.732858 -3.780488
v 0.365854 1.208544 -4.024390
v 0.365854 0.759062 -4.268293
v 0.365854 0.362469 -4.512195
v 0.365854 0.102521 -4.756097
v 0.365854 0.000000 -5.000000
v 0.609756 0.000000 5.000000
v 0.609756 0.072882 4.756097
v 0.609756 0.267598 4.512195
v 0.609756 0.549181 4.268293
v 0.609756 0.854683 4.024390
v 0.609756 1.209890 3.780488
v 0.609756 1.596315 3.536585
v 0.609756 1.983489 3.292683
v 0.609756 2.214666 3.048780
v 0.609756 2.491165 2.804878
v 0.609756 2.756868 2.560976
v 0.609756 3.096343 2.317073
v 0.609756 3.487568 2.073171
v 0.609756 3.744484 1.829268
v 0.609756 4.040406 1.585366
v 0.609756 4.405874 1.341463
v 0.609756 4.540692 1.097561
v 0.609756 4.565922 0.853659
v 0.609756 4.609806 0.609756
v 0.609756 4.601903 0.365854
v 0.609756 4.741849 0.121951
v 0.609756 4.987396 -0.121951
v 0.609756 5.080326 -0.365854
v 0.609756 5.122563 -0.609756
v 0.609756 5.109198 -0.853659
v 0.609756 5.068121 -1.097561
v 0.609756 4.894420 -1.341463
v 0.609756 4.606747 -1.585366
v 0.609756 4.602847 -1.829268
v 0.609756 4.459403 -2.073171
v 0.609756 4.259188 -2.317073
v 0.609756 4.007372 -2.560976
v 0.609756 3.576048 -2.804878
v 0.609756 3.113101 -3.048780
v 0.609756 2.700800 -3.292683
v 0.609756 2.197197 -3.536585
v 0.609756 1.666660 -3.780488
v 0.609756 1.182137 -4.024390
v 0.609756 0.752331 -4.268293
v 0.609756 0.391022 -4.512195
v 0.609756 0.109576 -4.756097
v 0.609756 0.000000 -5.000000
v 0.853659 0.000000 5.000000
v 0.853659 0.076233 4.756097
v 0.853659 0.277984 4.512195
v 0.853659 0.566087 4.268293
v 0.853659 0.910774 4.024390
v 0.853659 1.276379 3.780488
v 0.853659 1.641684 3.536585
v 0.853659 1.947078 3.292683
v 0.853659 2.205731 3.048780
v 0.853659 2.480206 2.804878
v 0.853659 2.762050 2.560976
v 0.853659 3.063518 2.317073
v 0.853659 3.488534 2.073171
v 0.853659 3.810229 1.829268
v 0.853659 4.020508 1.585366
v 0.853659 4.211816 1.341463
v 0.853659 4.681828 1.097561
v 0.853659 4.885810 0.853659
v 0.853659 4.901493 0.609756
v 0.853659 4.711664 0.365854
v 0.853659 4.714639 0.121951
v 0.853659 4.928955 -0.121951
v 0.853659 4.878387 -0.365854
v 0.853659 4.928005 -0.609756
v 0.853659 5.035339 -0.853659
v 0.853659 5.113492 -1.097561
v 0.853659 5.145583 -1.341463
v 0.853659 4.991541 -1.585366
v 0.853659 4.772087 -1.829268
v 0.853659 4.575274 -2.073171
v 0.853659 4.510558 -2.317073
v 0.853659 4.135403 -2.560976
v 0.853659 3.750981 -2.804878
v 0.853659 3.244256 -3.048780
v 0.853659 2.685927 -3.292683
v 0.853659 2.233045 -3.536585
v 0.853659 1.731863 -3.780488
v 0.853659 1.215401 -4.024390
v 0.853659 0.773925 -4.268293
v 0.853659 0.409017 -4.512195
v 0.853659 0.112836 -4.756097
v 0.853659 0.000000 -5.000000
v 1.097561 0.000000 5.000000
v 1.097561 0.080546 4.756097
v 1.097561 0.288820 4.512195
v 1.097561 0.580093 4.268293
v 1.097561 0.937093 4.024390
v 1.097561 1.262987 3.780488
v 1.097561 1.627241 3.536585
v 1.097561 1.948346 3.292683
v 1.097561 2.201285 3.048780
v 1.097561 2.475460 2.804878
v 1.097561 2.833433 2.560976
v 1.097561 3.190598 2.317073
v 1.097561 3.599234 2.073171
v 1.097561 3.798132 1.829268
v 1.097561 3.987128 1.585366
v 1.097561 4.532665 1.341463
v 1.097561 4.802864 1.097561
v 1.097561 4.993134 0.853659
v 1.097561 5.092317 0.609756
v 1.097561 5.117818 0.365854
v 1.097561 4.939204 0.121951
v 1.097561 4.992741 -0.121951
v 1.097561 4.846506 -0.365854
v 1.097561 4.742781 -0.609756
v 1.097561 4.959721 -0.853659
v 1.097561 5.086658 -1.097561
v 1.097561 5.095104 -1.341463
v 1.097561 5.074539 -1.585366
v 1.097561 4.919641 -1.829268
v 1.097561 4.565412 -2.073171
v 1.097561 4.385617 -2.317073
v 1.097561 3.911045 -2.560976
v 1.097561 3.598874 -2.804878
v 1.097561 3.081645 -3.048780
v 1.097561 2.634490 -3.292683
v 1.097561 2.186086 -3.536585
v 1.097561 1.718634 -3.780488
v 1.097561 1.212839 -4.024390
v 1.097561 0.809072 -4.268293
v 1.097561 0.422104 -4.512195
v 1.097561 0.110512 -4.756097
v 1.097561 0.000000 -5.000000
v 1.341463 0.000000 5.000000
v 1.341463 0.084158 4.756097
v 1.341463 0.299056 4.512195
v 1.341463 0.583971 4.268293
v 1.341463 0.907891 4.024390
v 1.341463 1.188922 3.780488
v 1.341463 1.570542 3.536585
v 1.341463 1.879481 3.292683
v 1.341463 2.179829 3.048780
v 1.341463 2.516500 2.804878
v 1.341463 2.797894 2.560976
v 1.341463 3.260233 2.317073
v 1.341463 3.628477 2.073171
v 1.341463 3.832664 1.829268
v 1.341463 4.078863 1.585366
v 1.341463 4.747337 1.341463
v 1.341463 4.911708 1.097561
v 1.341463 5.066679 0.853659
v 1.341463 5.228804 0.609756
v 1.341463 5.387575 0.365854
v 1.341463 5.346780 0.121951
v 1.341463 5.415375 -0.121951
v 1.341463 5.288073 -0.365854
v 1.341463 5.072446 -0.609756
v 1.341463 5.050304 -0.853659
v 1.341463 5.169874 -1.097561
v 1.341463 5.045591 -1.341463
v 1.341463 5.178391 -1.585366
v 1.341463 4.987517 -1.829268
v 1.341463 4.580245 -2.073171
v 1.341463 4.230217 -2.317073
v 1.341463 3.820378 -2.560976
v 1.341463 3.563354 -2.804878
v 1.341463 3.155432 -3.048780
v 1.341463 2.708890 -3.292683
v 1.341463 2.235381 -3.536585
v 1.341463 1.774762 -3.780488
v 1.341463 1.224399 -4.024390
v 1.341463 0.820243 -4.268293
v 1.341463 0.426007 -4.512195
v 1.341463 0.107092 -4.756097
v 1.341463 0.000000 -5.000000
v 1.585366 0.000000 5.000000
v 1.585366 0.077476 4.756097
v 1.585366 0.287832 4.512195
v 1.585366 0.580558 4.268293
v 1.585366 0.865315 4.024390
v 1.585366 1.140645 3.780488
v 1.585366 1.515297 3.536585
v 1.585366 1.835713 3.292683
v 1.585366 2.191406 3.048780
v 1.585366 2.525828 2.804878
v 1.585366 2.907679 2.560976
v 1.585366 3.252833 2.317073
v 1.585366 3.717449 2.073171
v 1.585366 4.020109 1.829268
v 1.585366 4.317062 1.585366
v 1.585366 4.648021 1.341463
v 1.585366 4.989755 1.097561
v 1.585366 5.189062 0.853659
v 1.585366 5.418058 0.609756
v 1.585366 5.540235 0.365854
v 1.585366 5.595230 0.121951
v 1.585366 5.778351 -0.121951
v 1.585366 5.631333 -0.365854
v 1.585366 5.250893 -0.609756
v 1.585366 5.123230 -0.853659
v 1.585366 4.924359 -1.097561
v 1.585366 5.174928 -1.341463
v 1.585366 5.146934 -1.585366
v 1.585366 4.888060 -1.829268
v 1.585366 4.358522 -2.073171
v 1.585366 4.165973 -2.317073
v 1.585366 3.802805 -2.560976
v 1.585366 3.728966 -2.804878
v 1.585366 3.252597 -3.048780
v 1.585366 2.886336 -3.292683
v 1.585366 2.396922 -3.536585
v 1.585366 1.863136 -3.780488
v 1.585366 1.326514 -4.024390
v 1.585366 0.833515 -4.268293
v 1.585366 0.404732 -4.512195
v 1.585366 0.103962 -4.756097
v 1.585366 0.000000 -5.000000
v 1.829268 0.000000 5.000000
v 1.829268 0.070289 4.756097
v 1.829268 0.267027 4.512195
v 1.829268 0.556012 4.268293
v 1.829268 0.814556 4.024390
v 1.829268 1.154598 3.780488
v 1.829268 1.518552 3.536585
v 1.829268 1.828928 3.292683
v 1.829268 2.295828 3.048780
v 1.829268 2.642523 2.804878
v 1.829268 2.927544 2.560976
v 1.829268 3.242121 2.317073
v 1.829268 3.715815 2.073171
v 1.829268 4.120776 1.829268
v 1.829268 4.435091 1.585366
v 1.829268 4.679165 1.341463
v 1.829268 4.920879 1.097561
v 1.829268 5.035278 0.853659
v 1.829268 5.199365 0.609756
v 1.829268 5.403071 0.365854
v 1.829268 5.639091 0.121951
v 1.829268 5.873037 -0.121951
v 1.829268 5.815208 -0.365854
v 1.829268 5.463529 -0.609756
v 1.829268 5.022910 -0.853659
v 1.829268 5.088621 -1.097561
v 1.829268 5.167417 -1.341463
v 1.829268 5.103481 -1.585366
v 1.829268 4.796730 -1.829268
v 1.829268 4.345355 -2.073171
v 1.829268 4.180943 -2.317073
v 1.829268 3.981292 -2.560976
v 1.829268 3.814227 -2.804878
v 1.829268 3.461151 -3.048780
v 1.829268 3.050823 -3.292683
v 1.829268 2.429720 -3.536585
v 1.829268 1.854855 -3.780488
v 1.829268 1.366571 -4.024390
v 1.829268 0.865926 -4.268293
v 1.829268 0.398792 -4.512195
v 1.829268 0.096342 -4.756097
v 1.829268 0.000000 -5.000000
v 2.073171 0.000000 5.000000
v 2.073171 0.059651 4.756097
v 2.073171 0.251842 4.512195
v 2.073171 0.532419 4.268293
v 2.073171 0.823677 4.024390
v 2.073171 1.150781 3.780488
v 2.073171 1.474384 3.536585
v 2.073171 1.825316 3.292683
v 2.073171 2.289306 3.048780
v 2.073171 2.515518 2.804878
v 2.073171 2.797320 2.560976
v 2.073171 3.209151 2.317073
v 2.073171 3.567009 2.073171
v 2.073171 3.845463 1.829268
v 2.073171 4.103306 1.585366
v 2.073171 4.453494 1.341463
v 2.073171 4.902987 1.097561
v 2.073171 5.001683 0.853659
v 2.073171 5.130713 0.609756
v 2.073171 5.307922 0.365854
v 2.073171 5.352592 0.121951
v 2.073171 5.612585 -0.121951
v 2.073171 5.726103 -0.365854
v 2.073171 5.375529 -0.609756
v 2.073171 5.234560 -0.853659
v 2.073171 5.095049 -1.097561
v 2.073171 5.064468 -1.341463
v 2.073171 4.883398 -1.585366
v 2.073171 4.508858 -1.829268
v 2.073171 4.111147 -2.073171
v 2.073171 4.135005 -2.317073
v 2.073171 4.064077 -2.560976
v 2.073171 3.947969 -2.804878
v 2.073171 3.577450 -3.048780
v 2.073171 3.021460 -3.292683
v 2.073171 2.399048 -3.536585
v 2.073171 1.831887 -3.780488
v 2.073171 1.353487 -4.024390
v 2.073171 0.852646 -4.268293
v 2.073171 0.382523 -4.512195
v 2.073171 0.087993 -4.756097
v 2.073171 0.000000 -5.000000
v 2.317073 0.000000 5.000000
v 2.317073 0.047895 4.756097
v 2.317073 0.231968 4.512195
v 2.317073 0.479983 4.268293
v 2.317073 0.793450 4.024390
v 2.317073 1.124787 3.780488
v 2.317073 1.439140 3.536585
v 2.317073 1.823004 3.292683
v 2.317073 2.200766 3.048780
v 2.317073 2.465556 2.804878
v 2.317073 2.653031 2.560976
v 2.317073 2.980720 2.317073
v 2.317073 3.318472 2.073171
v 2.317073 3.519198 1.829268
v 2.317073 3.773155 1.585366
v 2.317073 4.351308 1.341463
v 2.317073 4.715511 1.097561
v 2.317073 4.943176 0.853659
v 2.317073 5.196429 0.609756
v 2.317073 5.308887 0.365854
v 2.317073 5.128202 0.121951
v 2.317073 5.030528 -0.121951
v 2.317073 5.258268 -0.365854
v 2.317073 5.126920 -0.609756
v 2.317073 4.884309 -0.853659
v 2.317073 4.858624 -1.097561
v 2.317073 4.803343 -1.341463
v 2.317073 4.691383 -1.585366
v 2.317073 4.429152 -1.829268
v 2.317073 4.146248 -2.073171
v 2.317073 3.881626 -2.317073
v 2.317073 3.728806 -2.560976
v 2.317073 3.686931 -2.804878
v 2.317073 3.438077 -3.048780
v 2.317073 2.870521 -3.292683
v 2.317073 2.312340 -3.536585
v 2.317073 1.728013 -3.780488
v 2.317073 1.246951 -4.024390
v 2.317073 0.793726 -4.268293
v 2.317073 0.349507 -4.512195
v 2.317073 0.070281 -4.756097
v 2.317073 0.000000 -5.000000
v 2.560976 0.000000 5.000000
v 2.560976 0.034764 4.756097
v 2.560976 0.194845 4.512195
v 2.560976 0.421198 4.268293
v 2.560976 0.693954 4.024390
v 2.560976 1.037929 3.780488
v 2.560976 1.297117 3.536585
v 2.560976 1.708471 3.292683
v 2.560976 2.047606 3.048780
v 2.560976 2.376317 2.804878
v 2.560976 2.635685 2.560976
v 2.560976 3.037990 2.317073
v 2.560976 3.231023 2.073171
v 2.560976 3.326834 1.829268
v 2.560976 3.591365 1.585366
v 2.560976 4.108662 1.341463
v 2.560976 4.341927 1.097561
v 2.560976 4.565427 0.853659
v 2.560976 4.867489 0.609756
v 2.560976 5.074291 0.365854
v 2.560976 5.013638 0.121951
v 2.560976 4.769391 -0.121951
v 2.560976 4.903212 -0.365854
v 2.560976 4.751541 -0.609756
v 2.560976 4.636182 -0.853659
v 2.560976 4.728869 -1.097561
v 2.560976 4.604837 -1.341463
v 2.560976 4.452780 -1.585366
v 2.560976 4.410594 -1.829268
v 2.560976 4.091168 -2.073171
v 2.560976 3.793093 -2.317073
v 2.560976 3.684224 -2.560976
v 2.560976 3.477583 -2.804878
v 2.560976 3.040462 -3.048780
v 2.560976 2.547300 -3.292683
v 2.560976 2.093901 -3.536585
v 2.560976 1.556267 -3.780488
v 2.560976 1.118084 -4.024390
v 2.560976 0.698411 -4.268293
v 2.560976 0.299023 -4.512195
v 2.560976 0.051460 -4.756097
v 2.560976 0.000000 -5.000000
v 2.804878 0.000000 5.000000
v 2.804878 0.020075 4.756097
v 2.804878 0.158477 4.512195
v 2.804878 0.371079 4.268293
v 2.804878 0.646669 4.024390
v 2.804878 0.913129 3.780488
v 2.804878 1.194347 3.536585
v 2.804878 1.541574 3.292683
v 2.804878 1.900122 3.048780
v 2.804878 2.196532 2.804878
v 2.804878 2.577978 2.560976
v 2.804878 2.904514 2.317073
v 2.804878 3.120296 2.073171
v 2.804878 3.198357 1.829268
v 2.804878 3.350358 1.585366
v 2.804878 3.692744 1.341463
v 2.804878 4.035922 1.097561
v 2.804878 4.243062 0.853659
v 2.804878 4.490571 0.609756
v 2.804878 4.724191 0.365854
v 2.804878 4.548432 0.121951
v 2.804878 4.470152 -0.121951
v 2.804878 4.355050 -0.365854
v 2.804878 4.289773 -0.609756
v 2.804878 4.263176 -0.853659
v 2.804878 4.403726 -1.097561
v 2.804878 4.225900 -1.341463
v 2.804878 4.084056 -1.585366
v 2.804878 3.941227 -1.829268
v 2.804878 3.804923 -2.073171
v 2.804878 3.650478 -2.317073
v 2.804878 3.412843 -2.560976
v 2.804878 3.076741 -2.804878
v 2.804878 2.684088 -3.048780
v 2.804878 2.274091 -3.292683
v 2.804878 1.810612 -3.536585
v 2.804878 1.347722 -3.780488
v 2.804878 0.949287 -4.024390
v 2.804878 0.577439 -4.268293
v 2.804878 0.223377 -4.512195
v 2.804878 0.025479 -4.756097
v 2.804878 0.000000 -5.000000
v 3.048780 0.000000 5.000000
v 3.048780 0.005712 4.756097
v 3.048780 0.118626 4.512195
v 3.048780 0.324418 4.268293
v 3.048780 0.555456 4.024390
v 3.048780 0.826873 3.780488
v 3.048780 1.112042 3.536585
v 3.048780 1.454980 3.292683
v 3.048780 1.779284 3.048780
v 3.048780 2.030703 2.804878
v 3.048780 2.399059 2.560976
v 3.048780 2.683396 2.317073
v 3.048780 2.933294 2.073171
v 3.048780 3.042330 1.829268
v 3.048780 3.051113 1.585366
v 3.048780 3.301981 1.341463
v 3.048780 3.614542 1.097561
v 3.048780 3.829782 0.853659
v 3.048780 3.967157 0.609756
v 3.048780 4.053847 0.365854
v 3.048780 3.910100 0.121951
v 3.048780 3.943811 -0.121951
v 3.048780 3.920045 -0.365854
v 3.048780 3.847761 -0.609756
v 3.048780 3.899935 -0.853659
v 3.048780 4.091951 -1.097561
v 3.048780 3.939519 -1.341463
v 3.048780 3.655969 -1.585366
v 3.048780 3.390383 -1.829268
v 3.048780 3.295260 -2.073171
v 3.048780 3.154978 -2.317073
v 3.048780 2.892666 -2.560976
v 3.048780 2.604450 -2.804878
v 3.048780 2.351079 -3.048780
v 3.048780 1.964702 -3.292683
v 3.048780 1.565461 -3.536585
v 3.048780 1.158247 -3.780488
v 3.048780 0.774656 -4.024390
v 3.048780 0.429236 -4.268293
v 3.048780 0.146899 -4.512195
v 3.048780 0.006746 -4.756097
v 3.048780 0.000000 -5.000000
v 3.292683 0.000000 5.000000
v 3.292683 0.000000 4.756097
v 3.292683 0.069389 4.512195
v 3.292683 0.245140 4.268293
v 3.292683 0.462068 4.024390
v 3.292683 0.726205 3.780488
v 3.292683 1.008861 3.536585
v 3.292683 1.339329 3.292683
v 3.292683 1.579901 3.048780
v 3.292683 1.857654 2.804878
v 3.292683 2.142038 2.560976
v 3.292683 2.441415 2.317073
v 3.292683 2.644528 2.073171
v 3.292683 2.714507 1.829268
v 3.292683 2.835077 1.585366
v 3.292683 2.883950 1.341463
v 3.292683 3.157682 1.097561
v 3.292683 3.222936 0.853659
v 3.292683 3.219658 0.609756
v 3.292683 3.382132 0.365854
v 3.292683 3.299280 0.121951
v 3.292683 3.335307 -0.121951
v 3.292683 3.254834 -0.365854
v 3.292683 3.314399 -0.609756
v 3.292683 3.363398 -0.853659
v 3.292683 3.465333 -1.097561
v 3.292683 3.346835 -1.341463
v 3.292683 3.151706 -1.585366
v 3.292683 2.920494 -1.829268
v 3.292683 2.840957 -2.073171
v 3.292683 2.739423 -2.317073
v 3.292683 2.468899 -2.560976
v 3.292683 2.211745 -2.804878
v 3.292683 1.993416 -3.048780
v 3.292683 1.642548 -3.292683
v 3.292683 1.239077 -3.536585
v 3.292683 0.889131 -3.780488
v 3.292683 0.576550 -4.024390
v 3.292683 0.290315 -4.268293
v 3.292683 0.079746 -4.512195
v 3.292683 0.000000 -4.756097
v 3.292683 0.000000 -5.000000
v 3.536585 0.000000 5.000000
v 3.536585 0.000000 4.756097
v 3.536585 0.023135 4.512195
v 3.536585 0.143269 4.268293
v 3.536585 0.322779 4.024390
v 3.536585 0.541613 3.780488
v 3.536585 0.807015 3.536585
v 3.536585 1.089239 3.292683
v 3.536585 1.413419 3.048780
v 3.536585 1.671784 2.804878
v 3.536585 1.923111 2.560976
v 3.536585 2.154057 2.317073
v 3.536585 2.184056 2.073171
v 3.536585 2.263140 1.829268
v 3.536585 2.420382 1.585366
v 3.536585 2.568523 1.341463
v 3.536585 2.710415 1.097561
v 3.536585 2.698653 0.853659
v 3.536585 2.681892 0.609756
v 3.536585 2.776081 0.365854
v 3.536585 2.743512 0.121951
v 3.536585 2.704925 -0.121951
v 3.536585 2.753640 -0.365854
v 3.536585 2.843699 -0.609756
v 3.536585 2.816598 -0.853659
v 3.536585 2.785066 -1.097561
v 3.536585 2.761553 -1.341463
v 3.536585 2.565610 -1.585366
v 3.536585 2.369234 -1.829268
v 3.536585 2.281982 -2.073171
v 3.536585 2.218438 -2.317073
v 3.536585 2.026171 -2.560976
v 3.536585 1.821486 -2.804878
v 3.536585 1.580556 -3.048780
v 3.536585 1.291561 -3.292683
v 3.536585 0.988799 -3.536585
v 3.536585 0.668616 -3.780488
v 3.536585 0.399629 -4.024390
v 3.536585 0.173964 -4.268293
v 3.536585 0.026809 -4.512195
v 3.536585 0.000000 -4.756097
v 3.536585 0.000000 -5.000000
v 3.780488 0.000000 5.000000
v 3.780488 0.000000 4.756097
v 3.780488 0.000311 4.512195
v 3.780488 0.062062 4.268293
v 3.780488 0.194487 4.024390
v 3.780488 0.373962 3.780488
v 3.780488 0.585834 3.536585
v 3.780488 0.783932 3.292683
v 3.780488 1.082872 3.048780
v 3.780488 1.372740 2.804878
v 3.780488 1.590079 2.560976
v 3.780488 1.735051 2.317073
v 3.780488 1.722710 2.073171
v 3.780488 1.792377 1.829268
v 3.780488 1.945217 1.585366
v 3.780488 2.047470 1.341463
v 3.780488 2.117024 1.097561
v 3.780488 2.198967 0.853659
v 3.780488 2.212711 0.609756
v 3.780488 2.197838 0.365854
v 3.780488 2.206044 0.121951
v 3.780488 2.124774 -0.121951
v 3.780488 2.239271 -0.365854
v 3.780488 2.284461 -0.609756
v 3.780488 2.260474 -0.853659
v 3.780488 2.109675 -1.097561
v 3.780488 2.125633 -1.341463
v 3.780488 1.991974 -1.585366
v 3.780488 1.945994 -1.829268
v 3.780488 1.840154 -2.073171
v 3.780488 1.814516 -2.317073
v 3.780488 1.674922 -2.560976
v 3.780488 1.418284 -2.804878
v 3.780488 1.171390 -3.048780
v 3.780488 0.939401 -3.292683
v 3.780488 0.681723 -3.536585
v 3.780488 0.446091 -3.780488
v 3.780488 0.230032 -4.024390
v 3.780488 0.074262 -4.268293
v 3.780488 0.000345 -4.512195
v 3.780488 0.000000 -4.756097
v 3.780488 0.000000 -5.000000
v 4.024390 0.000000 5.000000
v 4.024390 0.000000 4.756097
v 4.024390 0.000000 4.512195
v 4.024390 0.007750 4.268293
v 4.024390 0.080056 4.024390
v 4.024390 0.201453 3.780488
v 4.024390 0.346470 3.536585
v 4.024390 0.525561 3.292683
v 4.024390 0.727586 3.048780
v 4.024390 0.919507 2.804878
v 4.024390 1.115068 2.560976
v 4.024390 1.233112 2.317073
v 4.024390 1.299925 2.073171
v 4.024390 1.298826 1.829268
v 4.024390 1.391523 1.585366
v 4.024390 1.440035 1.341463
v 4.024390 1.529096 1.097561
v 4.024390 1.552274 0.853659
v 4.024390 1.604274 0.609756
v 4.024390 1.591988 0.365854
v 4.024390 1.617526 0.121951
v 4.024390 1.614077 -0.121951
v 4.024390 1.644528 -0.365854
v 4.024390 1.688093 -0.609756
v 4.024390 1.630298 -0.853659
v 4.024390 1.630421 -1.097561
v 4.024390 1.605710 -1.341463
v 4.024390 1.539803 -1.585366
v 4.024390 1.465109 -1.829268
v 4.024390 1.402657 -2.073171
v 4.024390 1.333960 -2.317073
v 4.024390 1.193712 -2.560976
v 4.024390 0.995677 -2.804878
v 4.024390 0.780378 -3.048780
v 4.024390 0.600729 -3.292683
v 4.024390 0.407079 -3.536585
v 4.024390 0.231554 -3.780488
v 4.024390 0.090647 -4.024390
v 4.024390 0.008213 -4.268293
v 4.024390 0.000000 -4.512195
v 4.024390 0.000000 -4.756097
v 4.024390 0.000000 -5.000000
v 4.268293 0.000000 5.000000
v 4.268293 0.000000 4.756097
v 4.268293 0.000000 4.512195
v 4.268293 0.000000 4.268293
v 4.268293 0.007440 4.024390
v 4.268293 0.062120 3.780488
v 4.268293 0.146425 3.536585
v 4.268293 0.251041 3.292683
v 4.268293 0.375124 3.048780
v 4.268293 0.513852 2.804878
v 4.268293 0.642692 2.560976
v 4.268293 0.729283 2.317073
v 4.268293 0.792013 2.073171
v 4.268293 0.809771 1.829268
v 4.268293 0.879968 1.585366
v 4.268293 0.926667 1.341463
v 4.268293 0.977763 1.097561
v 4.268293 1.000436 0.853659
v 4.268293 0.979443 0.609756
v 4.268293 0.955025 0.365854
v 4.268293 1.013401 0.121951
v 4.268293 1.068940 -0.121951
v 4.268293 1.081259 -0.365854
v 4.268293 1.048605 -0.609756
v 4.268293 1.054190 -0.853659
v 4.268293 1.043076 -1.097561
v 4.268293 1.005903 -1.341463
v 4.268293 0.968937 -1.585366
v 4.268293 0.911150 -1.829268
v 4.268293 0.875595 -2.073171
v 4.268293 0.829053 -2.317073
v 4.268293 0.749709 -2.560976
v 4.268293 0.595989 -2.804878
v 4.268293 0.438504 -3.048780
v 4.268293 0.286263 -3.292683
v 4.268293 0.164745 -3.536585
v 4.268293 0.065720 -3.780488
v 4.268293 0.007931 -4.024390
v 4.268293 0.000000 -4.268293
v 4.268293 0.000000 -4.512195
v 4.268293 0.000000 -4.756097
v 4.268293 0.000000 -5.000000
v 4.512195 0.000000 5.000000
v 4.512195 0.000000 4.756097
v 4.512195 0.000000 4.512195
v 4.512195 0.000000 4.268293
v 4.512195 0.000000 4.024390
v 4.512195 0.000293 3.780488
v 4.512195 0.022252 3.536585
v 4.512195 0.067828 3.292683
v 4.512195 0.128662 3.048780
v 4.512195 0.202949 2.804878
v 4.512195 0.277442 2.560976
v 4.512195 0.330174 2.317073
v 4.512195 0.377366 2.073171
v 4.512195 0.397068 1.829268
v 4.512195 0.435197 1.585366
v 4.512195 0.475365 1.341463
v 4.512195 0.502215 1.097561
v 4.512195 0.510157 0.853659
v 4.512195 0.495627 0.609756
v 4.512195 0.477089 0.365854
v 4.512195 0.513414 0.121951
v 4.512195 0.530590 -0.121951
v 4.512195 0.536884 -0.365854
v 4.512195 0.524369 -0.609756
v 4.512195 0.511751 -0.853659
v 4.512195 0.505482 -1.097561
v 4.512195 0.484599 -1.341463
v 4.512195 0.466937 -1.585366
v 4.512195 0.429020 -1.829268
v 4.512195 0.406703 -2.073171
v 4.512195 0.368295 -2.317073
v 4.512195 0.317502 -2.560976
v 4.512195 0.236174 -2.804878
v 4.512195 0.147161 -3.048780
v 4.512195 0.077983 -3.292683
v 4.512195 0.024743 -3.536585
v 4.512195 0.000308 -3.780488
v 4.512195 0.000000 -4.024390
v 4.512195 0.000000 -4.268293
v 4.512195 0.000000 -4.512195
v 4.512195 0.000000 -4.756097
v 4.512195 0.000000 -5.000000
v 4.756097 0.000000 5.000000
v 4.756097 0.000000 4.756097
v 4.756097 0.000000 4.512195
v 4.756097 0.000000 4.268293
v 4.756097 0.000000 4.024390
v 4.756097 0.000000 3.780488
v 4.756097 0.000000 3.536585
v 4.756097 0.000000 3.292683
v 4.756097 0.005848 3.048780
v 4.756097 0.023459 2.804878
v 4.756097 0.045234 2.560976
v 4.756097 0.067016 2.317073
v 4.756097 0.086831 2.073171
v 4.756097 0.101721 1.829268
v 4.756097 0.116146 1.585366
v 4.756097 0.130930 1.341463
v 4.756097 0.139514 1.097561
v 4.756097 0.147244 0.853659
v 4.756097 0.151951 0.609756
v 4.756097 0.146400 0.365854
v 4.756097 0.142284 0.121951
v 4.756097 0.151746 -0.121951
v 4.756097 0.151704 -0.365854
v 4.756097 0.152951 -0.609756
v 4.756097 0.143328 -0.853659
v 4.756097 0.142438 -1.097561
v 4.756097 0.133079 -1.341463
v 4.756097 0.121340 -1.585366
v 4.756097 0.106527 -1.829268
v 4.756097 0.096126 -2.073171
v 4.756097 0.077377 -2.317073
v 4.756097 0.051571 -2.560976
v 4.756097 0.026422 -2.804878
v 4.756097 0.006875 -3.048780
v 4.756097 0.000000 -3.292683
v 4.756097 0.000000 -3.536585
v 4.756097 0.000000 -3.780488
v 4.756097 0.000000 -4.024390
v 4.756097 0.000000 -4.268293
v 4.756097 0.000000 -4.512195
v 4.756097 0.000000 -4.756097
v 4.756097 0.000000 -5.000000
v 5.000000 0.000000 5.000000
v 5.000000 0.000000 4.756097
v 5.000000 0.000000 4.512195
v 5.000000 0.000000 4.268293
v 5.000000 0.000000 4.024390
v 5.000000 0.000000 3.780488
v 5.000000 0.000000 3.536585
v 5.000000 0.000000 3.292683
v 5.000000 0.000000 3.048780
v 5.000000 0.000000 2.804878
v 5.000000 0.000000 2.560976
v 5.000000 0.000000 2.317073
v 5.000000 0.000000 2.073171
v 5.000000 0.000000 1.829268
v 5.000000 0.000000 1.585366
v 5.000000 0.000000 1.341463
v 5.000000 0.000000 1.097561
v 5.000000 0.000000 0.853659
v 5.000000 0.000000 0.609756
v 5.000000 0.000000 0.365854
v 5.000000 0.000000 0.121951
v 5.000000 0.000000 -0.121951
v 5.000000 0.000000 -0.365854
v 5.000000 0.000000 -0.609756
v 5.000000 0.000000 -0.853659
v 5.000000 0.000000 -1.097561
v 5.000000 0.000000 -1.341463
v 5.000000 0.000000 -1.585366
v 5.000000 0.000000 -1.829268
v 5.000000 0.000000 -2.073171
v 5.000000 0.000000 -2.317073
v 5.000000 0.000000 -2.560976
v 5.000000 0.000000 -2.804878
v 5.000000 0.000000 -3.048780
v 5.000000 0.000000 -3.292683
v 5.000000 0.000000 -3.536585
v 5.000000 0.000000 -3.780488
v 5.000000 0.000000 -4.024390
v 5.000000 0.000000 -4.268293
v 5.000000 0.000000 -4.512195
v 5.000000 0.000000 -4.756097
v 5.000000 0.000000 -5.000000
s 1
f 2 1 43 44
f 3 2 44 45
f 4 3 45 46
f 5 4 46 47
f 6 5 47 48
f 7 6 48 49
f 8 7 49 50
f 9 8 50 51
f 10 9 51 52
f 11 10 52 53
f 12 11 53 54
f 13 12 54 55
f 14 13 55 56
f 15 14 56 57
f 16 15 57 58
f 17 16 58 59
f 18 17 59 60
f 19 18 60 61
f 20 19 61 62
f 21 20 62 63
f 22 21 63 64
f 23 22 64 65
f 24 23 65 66
f 25 24 66 67
f 26 25 67 68
f 27 26 68 69
f 28 27 69 70
f 29 28 70 71
f 30 29 71 72
f 31 30 72 73
f 32 31 73 74
f 33 32 74 75
f 34 33 75 76
f 35 34 76 77
f 36 35 77 78
f 37 36 78 79
f 38 37 79 80
f 39 38 80 81
f 40 39 81 82
f 41 40 82 83
f 42 41 83 84
f 44 43 85 86
f 45 44 86 87
f 46 45 87 88
f 47 46 88 89
f 48 47 89 90
f 49 48 90 91
f 50 49 91 92
f 51 50 92 93
f 52 51 93 94
f 53 52 94 95
f 54 53 95 96
f 55 54 96 97
f 56 55 97 98
f 57 56 98 99
f 58 57 99 100
f 59 58 100 101
f 60 59 101 102
f 61 60 102 103
f 62 61 103 104
f 63 62 104 105
f 64 63 105 106
f 65 64 106 107
f 66 65 107 108
f 67 66 108 109
f 68 67 109 110
f 69 68 110 111
f 70 69 111 112
f 71 70 112 113
f 72 71 113 114
f 73 72 114 115
f 74 73 115 116
f 75 74 116 117
f 76 75 117 118
f 77 76 118 119
f 78 77 119 120
f 79 78 120 121
f 80 79 121 122
f 81 80 122 123
f 82 81 123 124
f 83 82 124 125
f 84 83 125 126
f 86 85 127 128
f 87 86 128 129
f 88 87 129 130
f 89 88 130 131
f 90 89 131 132
f 91 90 132 133
f 92 91 133 134
f 93 92 134 135
f 94 93 135 136
f 95 94 136 137
f 96 95 137 138
f 97 96 138 139
f 98 97 139 140
f 99 98 140 141
f 100 99 141 142
f 101 100 142 143
f 102 101 143 144
f 103 102 144 145
f 104 103 145 146
f 105 104 146 147
f 106 105 147 148
f 107 106 148 149
f 108 107 149 150
f 109 108 150 151
f 110 109 151 152
f 111 110 152 153
f 112 111 153 154
f 113 112 154 155
f 114 113 155 156
f 115 114 156 157
f 116 115 157 158
f 117 116 158 159
f 118 117 159 160
f 119 118 160 161
f 120 119 161 162
f 121 120 162 163
f 122 121 163 164
f 123 122 164 165
f 124 123 165 166
f 125 124 166 167
f 126 125 167 168
f 128 127 169 170
f 129 128 170 171
f 130 129 171 172
f 131 130 172 173
f 132 131 173 174
f 133 132 174 175
f 134 133 175 176
f 135 134 176 177
f 136 135 177 178
f 137 136 178 179
f 138 137 179 180
f 139 138 180 181
f 140 139 181 182
f 141 140 182 183
f 142 141 183 184
f 143 142 184 185
f 144 143 185 186
f 145 144 186 187
f 146 145 187 188
f 147 146 188 189
f 148 147 189 190
f 149 148 190 191
f 150 149 191 192
f 151 150 192 193
f 152 151 193 194
f 153 152 194 195
f 154 153 195 196
f 155 154 196 197
f 156 155 197 198
f 157 156 198 199
f 158 157 199 200
f 159 158 200 201
f 160 159 201 202
f 161 160 202 203
f 162 161 203 204
f 163 162 204 205
f 164 163 205 206
f 165 164 206 207
f 166 165 207 208
f 167 166 208 209
f 168 167 209 210
f 170 169 211 212
f 171 170 212 213
f 172 171 213 214
f 173 172 214 215
f 174 173 215 216
f 175 174 216 217
f 176 175 217 218
f 177 176 218 219
f 178 177 219 220
f 179 178 220 221
f 180 179 221 222
f 181 180 222 223
f 182 181 223 224
f 183 182 224 225
f 184 183 225 226
f 185 184 226 227
f 186 185 227 228
f 187 186 228 229
f 188 187 229 230
f 189 188 230 231
f 190 189 231 232
f 191 190 232 233
f 192 191 233 234
f 193 192 234 235
f 194 193 235 236
f 195 194 236 237
f 196 195 237 238
f 197 196 238 239
f 198 197 239 240
f 199 198 240 241
f 200 199 241 242
f 201 200 242 243
f 202 201 243 244
f 203 202 244 245
f 204 203 245 246
f 205 204 246 247
f 206 205 247 248
f 207 206 248 249
f 208 207 249 250
f 209 208 250 251
f 210 209 251 252
f 212 211 253 254
f 213 212 254 255
f 214 213 255 256
f 215 214 256 257
f 216 215 257 258
f 217 216 258 259
f 218 217 259 260
f 219 218 260 261
f 220 219 261 262
f 221 220 262 263
f 222 221 263 264
f 223 222 264 265
f 224 223 265 266
f 225 224 266 267
f 226 225 267 268
f 227 226 268 269
f 228 227 269 270
f 229 228 270 271
f 230 229 271 272
f 231 230 272 273
f 232 231 273 274
f 233 232 274 275
f 234 233 275 276
f 235 234 276 277
f 236 235 277 278
f 237 236 278 279
f 238 237 279 280
f 239 238 280 281
f 240 239 281 282
f 241 240 282 283
f 242 241 283 284
f 243 242 284 285
f 244 243 285 286
f 245 244 286 287
f 246 245 287 288
f 247 246 288 289
f 248 247 289 290
f 249 248 290 291
f 250 249 291 292
f 251 250 292 293
f 252 251 293 294
f 254 253 295 296
f 255 254 296 297
f 256 255 297 298
f 257 256 298 299
f 258 257 299 300
f 259 258 300 301
f 260 259 301 302
f 261 260 302 303
f 262 261 303 304
f 263 262 304 305
f 264 263 305 306
f 265 264 306 307
f 266 265 307 308
f 267 266 308 309
f 268 267 309 310
f 269 268 310 311
f 270 269 311 312
f 271 270 312 313
f 272 271 313 314
f 273 272 314 315
f 274 273 315 316
f 275 274 316 317
f 276 275 317 318
f 277 276 318 319
f 278 277 319 320
f 279 278 320 321
f 280 279 321 322
f 281 280 322 323
f 282 281 323 324
f 283 282 324 325
f 284 283 325 326
f 285 284 326 327
f 286 285 327 328
f 287 286 328 329
f 288 287 329 330
f 289 288 330 331
f 290 289 331 332
f 291 290 332 333
f 292 291 333 334
f 293 292 334 335
f 294 293 335 336
f 296 295 337 338
f 297 296 338 339
f 298 297 339 340
f 299 298 340 341
f 300 299 341 342
f 301 300 342 343
f 302 301 343 344
f 303 302 344 345
f 304 303 345 346
f 305 304 346 347
f 306 305 347 348
f 307 306 348 349
f 308 307 349 350
f 309 308 350 351
f 310 309 351 352
f 311 310 352 353
f 312 311 353 354
f 313 312 354 355
f 314 313 355 356
f 315 314 356 357
f 316 315 357 358
f 317 316 358 359
f 318 317 359 360
f 319 318 360 361
f 320 319 361 362
f 321 320 362 363
f 322 321 363 364
f 323 322 364 365
f 324 323 365 366
f 325 324 366 367
f 326 325 367 368
f 327 326 368 369
f 328 327 369 370
f 329 328 370 371
f 330 329 371 372
f 331 330 372 373
f 332 331 373 374
f 333 332 374 375
f 334 333 375 376
f 335 334 376 377
f 336 335 377 378
f 338 337 379 380
f 339 338 380 381
f 340 339 381 382
f 341 340 382 383
f 342 341 383 384
f 343 342 384 385
f 344 343 385 386
f 345 344 386 387
f 346 345 387 388
f 347 346 388 389
f 348 347 389 390
f 349 348 390 391
f 350 349 391 392
f 351 350 392 393
f 352 351 393 394
f 353 352 394 395
f 354 353 395 396
f 355 354 396 397
f 356 355 397 398
f 357 356 398 399
f 358 357 399 400
f 359 358 400 401
f 360 359 401 402
f 361 360 402 403
f 362 361 403 404
f 363 362 404 405
f 364 363 405 406
f 365 364 406 407
f 366 365 407 408
f 367 366 408 409
f 368 367 409 410
f 369 368 410 411
f 370 369 411 412
f 371 370 412 413
f 372 371 413 414
f 373 372 414 415
f 374 373 415 416
f 375 374 416 417
f 376 375 417 418
f 377 376 418 419
f 378 377 419 420
f 380 379 421 422
f 381 380 422 423
f 382 381 423 424
f 383 382 424 425
f 384 383 425 426
f 385 384 426 427
f 386 385 427 428
f 387 386 428 429
f 388 387 429 430
f 389 388 430 431
f 390 389 431 432
f 391 390 432 433
f 392 391 433 434
f 393 392 434 435
f 394 393 435 436
f 395 394 436 437
f 396 395 437 438
f 397 396 438 439
f 398 397 439 440
f 399 398 440 441
f 400 399 441 442
f 401 400 442 443
f 402 401 443 444
f 403 402 444 445
f 404 403 445 446
f 405 404 446 447
f 406 405 447 448
f 407 406 448 449
f 408 407 449 450
f 409 408 450 451
f 410 409 451 452
f 411 410 452 453
f 412 411 453 454
f 413 412 454 455
f 414 413 455 456
f 415 414 456 457
f 416 415 457 458
f 417 416 458 459
f 418 417 459 460
f 419 418 460 461
f 420 419 461 462
f 422 421 463 464
f 423 422 464 465
f 424 423 465 466
f 425 424 466 467
f 426 425 467 468
f 427 426 468 469
f 428 427 469 470
f 429 428 470 471
f 430 429 471 472
f 431 430 472 473
f 432 431 473 474
f 433 432 474 475
f 434 433 475 476
f 435 434 476 477
f 436 435 477 478
f 437 436 478 479
f 438 437 479 480
f 439 438 480 481
f 440 439 481 482
f 441 440 482 483
f 442 441 483 484
f 443 442 484 485
f 444 443 485 486
f 445 444 486 487
f 446 445 487 488
f 447 446 488 489
f 448 447 489 490
f 449 448 490 491
f 450 449 491 492
f 451 450 492 493
f 452 451 493 494
f 453 452 494 495
f 454 453 495 496
f 455 454 496 497
f 456 455 497 498
f 457 456 498 499
f 458 457 499 500
f 459 458 500 501
f 460 459 501 502
f 461 460 502 503
f 462 461 503 504
f 464 463 505 506
f 465 464 506 507
f 466 465 507 508
f 467 466 508 509
f 468 467 509 510
f 469 468 510 511
f 470 469 511 512
f 471 470 512 513
f 472 471 513 514
f 473 472 514 515
f 474 473 515 516
f 475 474 516 517
f 476 475 517 518
f 477 476 518 519
f 478 477 519 520
f 479 478 520 521
f 480 479 521 522
f 481 480 522 523
f 482 481 523 524
f 483 482 524 525
f 484 483 525 526
f 485 484 526 527
f 486 485 527 528
f 487 486 528 529
f 488 487 529 530
f 489 488 530 531
f 490 489 531 532
f 491 490 532 533
f 492 491 533 534
f 493 492 534 535
f 494 493 535 536
f 495 494 536 537
f 496 495 537 538
f 497 496 538 539
f 498 497 539 540
f 499 498 540 541
f 500 499 541 542
f 501 500 542 543
f 502 501 543 544
f 503 502 544 545
f 504 503 545 546
f 506 505 547 548
f 507 506 548 549
f 508 507 549 550
f 509 508 550 551
f 510 509 551 552
f 511 510 552 553
f 512 511 553 554
f 513 512 554 555
f 514 513 555 556
f 515 514 556 557
f 516 515 557 558
f 517 516 558 559
f 518 517 559 560
f 519 518 560 561
f 520 519 561 562
f 521 520 562 563
f 522 521 563 564
f 523 522 564 565
f 524 523 565 566
f 525 524 566 567
f 526 525 567 568
f 527 526 568 569
f 528 527 569 570
f 529 528 570 571
f 530 529 571 572
f 531 530 572 573
f 532 531 573 574
f 533 532 574 575
f 534 533 575 576
f 535 534 576 577
f 536 535 577 578
f 537 536 578 579
f 538 537 579 580
f 539 538 580 581
f 540 539 581 582
f 541 540 582 583
f 542 541 583 584
f 543 542 584 585
f 544 543 585 586
f 545 544 586 587
f 546 545 587 588
f 548 547 589 590
f 549 548 590 591
f 550 549 591 592
f 551 550 592 593
f 552 551 593 594
f 553 552 594 595
f 554 553 595 596
f 555 554 596 597
f 556 555 597 598
f 557 556 598 599
f 558 557 599 600
f 559 558 600 601
f 560 559 601 602
f 561 560 602 603
f 562 561 603 604
f 563 562 604 605
f 564 563 605 606
f 565 564 606 607
f 566 565 607 608
f 567 566 608 609
f 568 567 609 610
f 569 568 610 611
f 570 569 611 612
f 571 570 612 613
f 572 571 613 614
f 573 572 614 615
f 574 573 615 616
f 575 574 616 617
f 576 575 617 618
f 577 576 618 619
f 578 577 619 620
f 579 578 620 621
f 580 579 621 622
f 581 580 622 623
f 582 581 623 624
f 583 582 624 625
f 584 583 625 626
f 585 584 626 627
f 586 585 627 628
f 587 586 628 629
f 588 587 629 630
f 590 589 631 632
f 591 590 632 633
f 592 591 633 634
f 593 592 634 635
f 594 593 635 636
f 595 594 636 637
f 596 595 637 638
f 597 596 638 639
f 598 597 639 640
f 599 598 640 641
f 600 599 641 642
f 601 600 642 643
f 602 601 643 644
f 603 602 644 645
f 604 603 645 646
f 605 604 646 647
f 606 605 647 648
f 607 606 648 649
f 608 607 649 650
f 609 608 650 651
f 610 609 651 652
f 611 610 652 653
f 612 611 653 654
f 613 612 654 655
f 614 613 655 656
f 615 614 656 657
f 616 615 657 658
f 617 616 658 659
f 618 617 659 660
f 619 618 660 661
f 620 619 661 662
f 621 620 662 663
f 622 621 663 664
f 623 622 664 665
f 624 623 665 666
f 625 624 666 667
f 626 625 667 668
f 627 626 668 669
f 628 627 669 670
f 629 628 670 671
f 630 629 671 672
f 632 631 673 674
f 633 632 674 675
f 634 633 675 676
f 635 634 676 677
f 636 635 677 678
f 637 636 678 679
f 638 637 679 680
f 639 638 680 681
f 640 639 681 682
f 641 640 682 683
f 642 641 683 684
f 643 642 684 685
f 644 643 685 686
f 645 644 686 687
f 646 645 687 688
f 647 646 688 689
f 648 647 689 690
f 649 648 690 691
f 650 649 691 692
f 651 650 692 693
f 652 651 693 694
f 653 652 694 695
f 654 653 695 696
f 655 654 696 697
f 656 655 697 698
f 657 656 698 699
f 658 657 699 700
f 659 658 700 701
f 660 659 701 702
f 661 660 702 703
f 662 661 703 704
f 663 662 704 705
f 664 663 705 706
f 665 664 706 707
f 666 665 707 708
f 667 666 708 709
f 668 667 709 710
f 669 668 710 711
f 670 669 711 712
f 671 670 712 713
f 672 671 713 714
f 674 673 715 716
f 675 674 716 717
f 676 675 717 718
f 677 676 718 719
f 678 677 719 720
f 679 678 720 721
f 680 679 721 722
f 681 680 722 723
f 682 681 723 724
f 683 682 724 725
f 684 683 725 726
f 685 684 726 727
f 686 685 727 728
f 687 686 728 729
f 688 687 729 730
f 689 688 730 731
f 690 689 731 732
f 691 690 732 733
f 692 691 733 734
f 693 692 734 735
f 694 693 735 736
f 695 694 736 737
f 696 695 737 738
f 697 696 738 739
f 698 697 739 740
f 699 698 740 741
f 700 699 741 742
f 701 700 742 743
f 702 701 743 744
f 703 702 744 745
f 704 703 745 746
f 705 704 746 747
f 706 705 747 748
f 707 706 748 749
f 708 707 749 750
f 709 708 750 751
f 710 709 751 752
f 711 710 752 753
f 712 711 753 754
f 713 712 754 755
f 714 713 755 756
f 716 715 757 758
f 717 716 758 759
f 718 717 759 760
f 719 718 760 761
f 720 719 761 762
f 721 720 762 763
f 722 721 763 764
f 723 722 764 765
f 724 723 765 766
f 725 724 766 767
f 726 725 767 768
f 727 726 768 769
f 728 727 769 770
f 729 728 770 771
f 730 729 771 772
f 731 730 772 773
f 732 731 773 774
f 733 732 774 775
f 734 733 775 776
f 735 734 776 777
f 736 735 777 778
f 737 736 778 779
f 738 737 779 780
f 739 738 780 781
f 740 739 781 782
f 741 740 782 783
f 742 741 783 784
f 743 742 784 785
f 744 743 785 786
f 745 744 786 787
f 746 745 787 788
f 747 746 788 789
f 748 747 789 790
f 749 748 790 791
f 750 749 791 792
f 751 750 792 793
f 752 751 793 794
f 753 752 794 795
f 754 753 795 796
f 755 754 796 797
f 756 755 797 798
f 758 757 799 800
f 759 758 800 801
f 760 759 801 802
f 761 760 802 803
f 762 761 803 804
f 763 762 804 805
f 764 763 805 806
f 765 764 806 807
f 766 765 807 808
f 767 766 808 809
f 768 767 809 810
f 769 768 810 811
f 770 769 811 812
f 771 770 812 813
f 772 771 813 814
f 773 772 814 815
f 774 773 815 816
f 775 774 816 817
f 776 775 817 818
f 777 776 818 819
f 778 777 819 820
f 779 778 820 821
f 780 779 821 822
f 781 780 822 823
f 782 781 823 824
f 783 782 824 825
f 784 783 825 826
f 785 784 826 827
f 786 785 827 828
f 787 786 828 829
f 788 787 829 830
f 789 788 830 831
f 790 789 831 832
f 791 790 832 833
f 792 791 833 834
f 793 792 834 835
f 794 793 835 836
f 795 794 836 837
f 796 795 837 838
f 797 796 838 839
f 798 797 839 840
f 800 799 841 842
f 801 800 842 843
f 802 801 843 844
f 803 802 844 845
f 804 803 845 846
f 805 804 846 847
f 806 805 847 848
f 807 806 848 849
f 808 807 849 850
f 809 808 850 851
f 810 809 851 852
f 811 810 852 853
f 812 811 853 854
f 813 812 854 855
f 814 813 855 856
f 815 814 856 857
f 816 815 857 858
f 817 816 858 859
f 818 817 859 860
f 819 818 860 861
f 820 819 861 862
f 821 820 862 863
f 822 821 863 864
f 823 822 864 865
f 824 823 865 866
f 825 824 866 867
f 826 825 867 868
f 827 826 868 869
f 828 827 869 870
f 829 828 870 871
f 830 829 871 872
f 831 830 872 873
f 832 831 873 874
f 833 832 874 875
f 834 833 875 876
f 835 834 876 877
f 836 835 877 878
f 837 836 878 879
f 838 837 879 880
f 839 838 880 881
f 840 839 881 882
f 842 841 883 884
f 843 842 884 885
f 844 843 885 886
f 845 844 886 887
f 846 845 887 888
f 847 846 888 889
f 848 847 889 890
f 849 848 890 891
f 850 849 891 892
f 851 850 892 893
f 852 851 893 894
f 853 852 894 895
f 854 853 895 896
f 855 854 896 897
f 856 855 897 898
f 857 856 898 899
f 858 857 899 900
f 859 858 900 901
f 860 859 901 902
f 861 860 902 903
f 862 861 903 904
f 863 862 904 905
f 864 863 905 906
f 865 864 906 907
f 866 865 907 908
f 867 866 908 909
f 868 867 909 910
f 869 868 910 911
f 870 869 911 912
f 871 870 912 913
f 872 871 913 914
f 873 872 914 915
f 874 873 915 916
f 875 874 916 917
f 876 875 917 918
f 877 876 918 919
f 878 877 919 920
f 879 878 920 921
f 880 879 921 922
f 881 880 922 923
f 882 881 923 924
f 884 883 925 926
f 885 884 926 927
f 886 885 927 928
f 887 886 928 929
f 888 887 929 930
f 889 888 930 931
f 890 889 931 932
f 891 890 932 933
f 892 891 933 934
f 893 892 934 935
f 894 893 935 936
f 895 894 936 937
f 896 895 937 938
f 897 896 938 939
f 898 897 939 940
f 899 898 940 941
f 900 899 941 942
f 901 900 942 943
f 902 901 943 944
f 903 902 944 945
f 904 903 945 946
f 905 904 946 947
f 906 905 947 948
f 907 906 948 949
f 908 907 949 950
f 909 908 950 951
f 910 909 951 952
f 911 910 952 953
f 912 911 953 954
f 913 912 954 955
f 914 913 955 956
f 915 914 956 957
f 916 915 957 958
f 917 916 958 959
f 918 917 959 960
f 919 918 960 961
f 920 919 961 962
f 921 920 962 963
f 922 921 963 964
f 923 922 964 965
f 924 923 965 966
f 926 925 967 968
f 927 926 968 969
f 928 927 969 970
f 929 928 970 971
f 930 929 971 972
f 931 930 972 973
f 932 931 973 974
f 933 932 974 975
f 934 933 975 976
f 935 934 976 977
f 936 935 977 978
f 937 936 978 979
f 938 937 979 980
f 939 938 980 981
f 940 939 981 982
f 941 940 982 983
f 942 941 983 984
f 943 942 984 985
f 944 943 985 986
f 945 944 986 987
f 946 945 987 988
f 947 946 988 989
f 948 947 989 990
f 949 948 990 991
f 950 949 991 992
f 951 950 992 993
f 952 951 993 994
f 953 952 994 995
f 954 953 995 996
f 955 954 996 997
f 956 955 997 998
f 957 956 998 999
f 958 957 999 1000
f 959 958 1000 1001
f 960 959 1001 1002
f 961 960 1002 1003
f 962 961 1003 1004
f 963 962 1004 1005
f 964 963 1005 1006
f 965 964 1006 1007
f 966 965 1007 1008
f 968 967 1009 1010
f 969 968 1010 1011
f 970 969 1011 1012
f 971 970 1012 1013
f 972 971 1013 1014
f 973 972 1014 1015
f 974 973 1015 1016
f 975 974 1016 1017
f 976 975 1017 1018
f 977 976 1018 1019
f 978 977 1019 1020
f 979 978 1020 1021
f 980 979 1021 1022
f 981 980 1022 1023
f 982 981 1023 1024
f 983 982 1024 1025
f 984 983 1025 1026
f 985 984 1026 1027
f 986 985 1027 1028
f 987 986 1028 1029
f 988 987 1029 1030
f 989 988 1030 1031
f 990 989 1031 1032
f 991 990 1032 1033
f 992 991 1033 1034
f 993 992 1034 1035
f 994 993 1035 1036
f 995 994 1036 1037
f 996 995 1037 1038
f 997 996 1038 1039
f 998 997 1039 1040
f 999 998 1040 1041
f 1000 999 1041 1042
f 1001 1000 1042 1043
f 1002 1001 1043 1044
f 1003 1002 1044 1045
f 1004 1003 1045 1046
f 1005 1004 1046 1047
f 1006 1005 1047 1048
f 1007 1006 1048 1049
f 1008 1007 1049 1050
f 1010 1009 1051 1052
f 1011 1010 1052 1053
f 1012 1011 1053 1054
f 1013 1012 1054 1055
f 1014 1013 1055 1056
f 1015 1014 1056 1057
f 1016 1015 1057 1058
f 1017 1016 1058 1059
f 1018 1017 1059 1060
f 1019 1018 1060 1061
f 1020 1019 1061 1062
f 1021 1020 1062 1063
f 1022 1021 1063 1064
f 1023 1022 1064 1065
f 1024 1023 1065 1066
f 1025 1024 1066 1067
f 1026 1025 1067 1068
f 1027 1026 1068 1069
f 1028 1027 1069 1070
f 1029 1028 1070 1071
f 1030 1029 1071 1072
f 1031 1030 1072 1073
f 1032 1031 1073 1074
f 1033 1032 1074 1075
f 1034 1033 1075 1076
f 1035 1034 1076 1077
f 1036 1035 1077 1078
f 1037 1036 1078 1079
f 1038 1037 1079 1080
f 1039 1038 1080 1081
f 1040 1039 1081 1082
f 1041 1040 1082 1083
f 1042 1041 1083 1084
f 1043 1042 1084 1085
f 1044 1043 1085 1086
f 1045 1044 1086 1087
f 1046 1045 1087 1088
f 1047 1046 1088 1089
f 1048 1047 1089 1090
f 1049 1048 1090 1091
f 1050 1049 1091 1092
f 1052 1051 1093 1094
f 1053 1052 1094 1095
f 1054 1053 1095 1096
f 1055 1054 1096 1097
f 1056 1055 1097 1098
f 1057 1056 1098 1099
f 1058 1057 1099 1100
f 1059 1058 1100 1101
f 1060 1059 1101 1102
f 1061 1060 1102 1103
f 1062 1061 1103 1104
f 1063 1062 1104 1105
f 1064 1063 1105 1106
f 1065 1064 1106 1107
f 1066 1065 1107 1108
f 1067 1066 1108 1109
f 1068 1067 1109 1110
f 1069 1068 1110 1111
f 1070 1069 1111 1112
f 1071 1070 1112 1113
f 1072 1071 1113 1114
f 1073 1072 1114 1115
f 1074 1073 1115 1116
f 1075 1074 1116 1117
f 1076 1075 1117 1118
f 1077 1076 1118 1119
f 1078 1077 1119 1120
f 1079 1078 1120 1121
f 1080 1079 1121 1122
f 1081 1080 1122 1123
f 1082 1081 1123 1124
f 1083 1082 1124 1125
f 1084 1083 1125 1126
f 1085 1084 1126 1127
f 1086 1085 1127 1128
f 1087 1086 1128 1129
f 1088 1087 1129 1130
f 1089 1088 1130 1131
f 1090 1089 1131 1132
f 1091 1090 1132 1133
f 1092 1091 1133 1134
f 1094 1093 1135 1136
f 1095 1094 1136 1137
f 1096 1095 1137 1138
f 1097 1096 1138 1139
f 1098 1097 1139 1140
f 1099 1098 1140 1141
f 1100 1099 1141 1142
f 1101 1100 1142 1143
f 1102 1101 1143 1144
f 1103 1102 1144 1145
f 1104 1103 1145 1146
f 1105 1104 1146 1147
f 1106 1105 1147 1148
f 1107 1106 1148 1149
f 1108 1107 1149 1150
f 1109 1108 1150 1151
f 1110 1109 1151 1152
f 1111 1110 1152 1153
f 1112 1111 1153 1154
f 1113 1112 1154 1155
f 1114 1113 1155 1156
f 1115 1114 1156 1157
f 1116 1115 1157 1158
f 1117 1116 1158 1159
f 1118 1117 1159 1160
f 1119 1118 1160 1161
f 1120 1119 1161 1162
f 1121 1120 1162 1163
f 1122 1121 1163 1164
f 1123 1122 1164 1165
f 1124 1123 1165 1166
f 1125 1124 1166 1167
f 1126 1125 1167 1168
f 1127 1126 1168 1169
f 1128 1127 1169 1170
f 1129 1128 1170 1171
f 1130 1129 1171 1172
f 1131 1130 1172 1173
f 1132 1131 1173 1174
f 1133 1132 1174 1175
f 1134 1133 1175 1176
f 1136 1135 1177 1178
f 1137 1136 1178 1179
f 1138 1137 1179 1180
f 1139 1138 1180 1181
f 1140 1139 1181 1182
f 1141 1140 1182 1183
f 1142 1141 1183 1184
f 1143 1142 1184 1185
f 1144 1143 1185 1186
f 1145 1144 1186 1187
f 1146 1145 1187 1188
f 1147 1146 1188 1189
f 1148 1147 1189 1190
f 1149 1148 1190 1191
f 1150 1149 1191 1192
f 1151 1150 1192 1193
f 1152 1151 1193 1194
f 1153 1152 1194 1195
f 1154 1153 1195 1196
f 1155 1154 1196 1197
f 1156 1155 1197 1198
f 1157 1156 1198 1199
f 1158 1157 1199 1200
f 1159 1158 1200 1201
f 1160 1159 1201 1202
f 1161 1160 1202 1203
f 1162 1161 1203 1204
f 1163 1162 1204 1205
f 1164 1163 1205 1206
f 1165 1164 1206 1207
f 1166 1165 1207 1208
f 1167 1166 1208 1209
f 1168 1167 1209 1210
f 1169 1168 1210 1211
f 1170 1169 1211 1212
f 1171 1170 1212 1213
f 1172 1171 1213 1214
f 1173 1172 1214 1215
f 1174 1173 1215 1216
f 1175 1174 1216 1217
f 1176 1175 1217 1218
f 1178 1177 1219 1220
f 1179 1178 1220 1221
f 1180 1179 1221 1222
f 1181 1180 1222 1223
f 1182 1181 1223 1224
f 1183 1182 1224 1225
f 1184 1183 1225 1226
f 1185 1184 1226 1227
f 1186 1185 1227 1228
f 1187 1186 1228 1229
f 1188 1187 1229 1230
f 1189 1188 1230 1231
f 1190 1189 1231 1232
f 1191 1190 1232 1233
f 1192 1191 1233 1234
f 1193 1192 1234 1235
f 1194 1193 1235 1236
f 1195 1194 1236 1237
f 1196 1195 1237 1238
f 1197 1196 1238 1239
f 1198 1197 1239 1240
f 1199 1198 1240 1241
f 1200 1199 1241 1242
f 1201 1200 1242 1243
f 1202 1201 1243 1244
f 1203 1202 1244 1245
f 1204 1203 1245 1246
f 1205 1204 1246 1247
f 1206 1205 1247 1248
f 1207 1206 1248 1249
f 1208 1207 1249 1250
f 1209 1208 1250 1251
f 1210 1209 1251 1252
f 1211 1210 1252 1253
f 1212 1211 1253 1254
f 1213 1212 1254 1255
f 1214 1213 1255 1256
f 1215 1214 1256 1257
f 1216 1215 1257 1258
f 1217 1216 1258 1259
f 1218 1217 1259 1260
f 1220 1219 1261 1262
f 1221 1220 1262 1263
f 1222 1221 1263 1264
f 1223 1222 1264 1265
f 1224 1223 1265 1266
f 1225 1224 1266 1267
f 1226 1225 1267 1268
f 1227 1226 1268 1269
f 1228 1227 1269 1270
f 1229 1228 1270 1271
f 1230 1229 1271 1272
f 1231 1230 1272 1273
f 1232 1231 1273 1274
f 1233 1232 1274 1275
f 1234 1233 1275 1276
f 1235 1234 1276 1277
f 1236 1235 1277 1278
f 1237 1236 1278 1279
f 1238 1237 1279 1280
f 1239 1238 1280 1281
f 1240 1239 1281 1282
f 1241 1240 1282 1283
f 1242 1241 1283 1284
f 1243 1242 1284 1285
f 1244 1243 1285 1286
f 1245 1244 1286 1287
f 1246 1245 1287 1288
f 1247 1246 1288 1289
f 1248 1247 1289 1290
f 1249 1248 1290 1291
f 1250 1249 1291 1292
f 1251 1250 1292 1293
f 1252 1251 1293 1294
f 1253 1252 1294 1295
f 1254 1253 1295 1296
f 1255 1254 1296 1297
f 1256 1255 1297 1298
f 1257 1256 1298 1299
f 1258 1257 1299 1300
f 1259 1258 1300 1301
f 1260 1259 1301 1302
f 1262 1261 1303 1304
f 1263 1262 1304 1305
f 1264 1263 1305 1306
f 1265 1264 1306 1307
f 1266 1265 1307 1308
f 1267 1266 1308 1309
f 1268 1267 1309 1310
f 1269 1268 1310 1311
f 1270 1269 1311 1312
f 1271 1270 1312 1313
f 1272 1271 1313 1314
f 1273 1272 1314 1315
f 1274 1273 1315 1316
f 1275 1274 1316 1317
f 1276 1275 1317 1318
f 1277 1276 1318 1319
f 1278 1277 1319 1320
f 1279 1278 1320 1321
f 1280 1279 1321 1322
f 1281 1280 1322 1323
f 1282 1281 1323 1324
f 1283 1282 1324 1325
f 1284 1283 1325 1326
f 1285 1284 1326 1327
f 1286 1285 1327 1328
f 1287 1286 1328 1329
f 1288 1287 1329 1330
f 1289 1288 1330 1331
f 1290 1289 1331 1332
f 1291 1290 1332 1333
f 1292 1291 1333 1334
f 1293 1292 1334 1335
f 1294 1293 1335 1336
f 1295 1294 1336 1337
f 1296 1295 1337 1338
f 1297 1296 1338 1339
f 1298 1297 1339 1340
f 1299 1298 1340 1341
f 1300 1299 1341 1342
f 1301 1300 1342 1343
f 1302 1301 1343 1344
f 1304 1303 1345 1346
f 1305 1304 1346 1347
f 1306 1305 1347 1348
f 1307 1306 1348 1349
f 1308 1307 1349 1350
f 1309 1308 1350 1351
f 1310 1309 1351 1352
f 1311 1310 1352 1353
f 1312 1311 1353 1354
f 1313 1312 1354 1355
f 1314 1313 1355 1356
f 1315 1314 1356 1357
f 1316 1315 1357 1358
f 1317 1316 1358 1359
f 1318 1317 1359 1360
f 1319 1318 1360 1361
f 1320 1319 1361 1362
f 1321 1320 1362 1363
f 1322 1321 1363 1364
f 1323 1322 1364 1365
f 1324 1323 1365 1366
f 1325 1324 1366 1367
f 1326 1325 1367 1368
f 1327 1326 1368 1369
f 1328 1327 1369 1370
f 1329 1328 1370 1371
f 1330 1329 1371 1372
f 1331 1330 1372 1373
f 1332 1331 1373 1374
f 1333 1332 1374 1375
f 1334 1333 1375 1376
f 1335 1334 1376 1377
f 1336 1335 1377 1378
f 1337 1336 1378 1379
f 1338 1337 1379 1380
f 1339 1338 1380 1381
f 1340 1339 1381 1382
f 1341 1340 1382 1383
f 1342 1341 1383 1384
f 1343 1342 1384 1385
f 1344 1343 1385 1386
f 1346 1345 1387 1388
f 1347 1346 1388 1389
f 1348 1347 1389 1390
f 1349 1348 1390 1391
f 1350 1349 1391 1392
f 1351 1350 1392 1393
f 1352 1351 1393 1394
f 1353 1352 1394 1395
f 1354 1353 1395 1396
f 1355 1354 1396 1397
f 1356 1355 1397 1398
f 1357 1356 1398 1399
f 1358 1357 1399 1400
f 1359 1358 1400 1401
f 1360 1359 1401 1402
f 1361 1360 1402 1403
f 1362 1361 1403 1404
f 1363 1362 1404 1405
f 1364 1363 1405 1406
f 1365 1364 1406 1407
f 1366 1365 1407 1408
f 1367 1366 1408 1409
f 1368 1367 1409 1410
f 1369 1368 1410 1411
f 1370 1369 1411 1412
f 1371 1370 1412 1413
f 1372 1371 1413 1414
f 1373 1372 1414 1415
f 1374 1373 1415 1416
f 1375 1374 1416 1417
f 1376 1375 1417 1418
f 1377 1376 1418 1419
f 1378 1377 1419 1420
f 1379 1378 1420 1421
f 1380 1379 1421 1422
f 1381 1380 1422 1423
f 1382 1381 1423 1424
f 1383 1382 1424 1425
f 1384 1383 1425 1426
f 1385 1384 1426 1427
f 1386 1385 1427 1428
f 1388 1387 1429 1430
f 1389 1388 1430 1431
f 1390 1389 1431 1432
f 1391 1390 1432 1433
f 1392 1391 1433 1434
f 1393 1392 1434 1435
f 1394 1393 1435 1436
f 1395 1394 1436 1437
f 1396 1395 1437 1438
f 1397 1396 1438 1439
f 1398 1397 1439 1440
f 1399 1398 1440 1441
f 1400 1399 1441 1442
f 1401 1400 1442 1443
f 1402 1401 1443 1444
f 1403 1402 1444 1445
f 1404 1403 1445 1446
f 1405 1404 1446 1447
f 1406 1405 1447 1448
f 1407 1406 1448 1449
f 1408 1407 1449 1450
f 1409 1408 1450 1451
f 1410 1409 1451 1452
f 1411 1410 1452 1453
f 1412 1411 1453 1454
f 1413 1412 1454 1455
f 1414 1413 1455 1456
f 1415 1414 1456 1457
f 1416 1415 1457 1458
f 1417 1416 1458 1459
f 1418 1417 1459 1460
f 1419 1418 1460 1461
f 1420 1419 1461 1462
f 1421 1420 1462 1463
f 1422 1421 1463 1464
f 1423 1422 1464 1465
f 1424 1423 1465 1466
f 1425 1424 1466 1467
f 1426 1425 1467 1468
f 1427 1426 1468 1469
f 1428 1427 1469 1470
f 1430 1429 1471 1472
f 1431 1430 1472 1473
f 1432 1431 1473 1474
f 1433 1432 1474 1475
f 1434 1433 1475 1476
f 1435 1434 1476 1477
f 1436 1435 1477 1478
f 1437 1436 1478 1479
f 1438 1437 1479 1480
f 1439 1438 1480 1481
f 1440 1439 1481 1482
f 1441 1440 1482 1483
f 1442 1441 1483 1484
f 1443 1442 1484 1485
f 1444 1443 1485 1486
f 1445 1444 1486 1487
f 1446 1445 1487 1488
f 1447 1446 1488 1489
f 1448 1447 1489 1490
f 1449 1448 1490 1491
f 1450 1449 1491 1492
f 1451 1450 1492 1493
f 1452 1451 1493 1494
f 1453 1452 1494 1495
f 1454 1453 1495 1496
f 1455 1454 1496 1497
f 1456 1455 1497 1498
f 1457 1456 1498 1499
f 1458 1457 1499 1500
f 1459 1458 1500 1501
f 1460 1459 1501 1502
f 1461 1460 1502 1503
f 1462 1461 1503 1504
f 1463 1462 1504 1505
f 1464 1463 1505 1506
f 1465 1464 1506 1507
f 1466 1465 1507 1508
f 1467 1466 1508 1509
f 1468 1467 1509 1510
f 1469 1468 1510 1511
f 1470 1469 1511 1512
f 1472 1471 1513 1514
f 1473 1472 1514 1515
f 1474 1473 1515 1516
f 1475 1474 1516 1517
f 1476 1475 1517 1518
f 1477 1476 1518 1519
f 1478 1477 1519 1520
f 1479 1478 1520 1521
f 1480 1479 1521 1522
f 1481 1480 1522 1523
f 1482 1481 1523 1524
f 1483 1482 1524 1525
f 1484 1483 1525 1526
f 1485 1484 1526 1527
f 1486 1485 1527 1528
f 1487 1486 1528 1529
f 1488 1487 1529 1530
f 1489 1488 1530 1531
f 1490 1489 1531 1532
f 1491 1490 1532 1533
f 1492 1491 1533 1534
f 1493 1492 1534 1535
f 1494 1493 1535 1536
f 1495 1494 1536 1537
f 1496 1495 1537 1538
f 1497 1496 1538 1539
f 1498 1497 1539 1540
f 1499 1498 1540 1541
f 1500 1499 1541 1542
f 1501 1500 1542 1543
f 1502 1501 1543 1544
f 1503 1502 1544 1545
f 1504 1503 1545 1546
f 1505 1504 1546 1547
f 1506 1505 1547 1548
f 1507 1506 1548 1549
f 1508 1507 1549 1550
f 1509 1508 1550 1551
f 1510 1509 1551 1552
f 1511 1510 1552 1553
f 1512 1511 1553 1554
f 1514 1513 1555 1556
f 1515 1514 1556 1557
f 1516 1515 1557 1558
f 1517 1516 1558 1559
f 1518 1517 1559 1560
f 1519 1518 1560 1561
f 1520 1519 1561 1562
f 1521 1520 1562 1563
f 1522 1521 1563 1564
f 1523 1522 1564 1565
f 1524 1523 1565 1566
f 1525 1524 1566 1567
f 1526 1525 1567 1568
f 1527 1526 1568 1569
f 1528 1527 1569 1570
f 1529 1528 1570 1571
f 1530 1529 1571 1572
f 1531 1530 1572 1573
f 1532 1531 1573 1574
f 1533 1532 1574 1575
f 1534 1533 1575 1576
f 1535 1534 1576 1577
f 1536 1535 1577 1578
f 1537 1536 1578 1579
f 1538 1537 1579 1580
f 1539 1538 1580 1581
f 1540 1539 1581 1582
f 1541 1540 1582 1583
f 1542 1541 1583 1584
f 1543 1542 1584 1585
f 1544 1543 1585 1586
f 1545 1544 1586 1587
f 1546 1545 1587 1588
f 1547 1546 1588 1589
f 1548 1547 1589 1590
f 1549 1548 1590 1591
f 1550 1549 1591 1592
f 1551 1550 1592 1593
f 1552 1551 1593 1594
f 1553 1552 1594 1595
f 1554 1553 1595 1596
f 1556 1555 1597 1598
f 1557 1556 1598 1599
f 1558 1557 1599 1600
f 1559 1558 1600 1601
f 1560 1559 1601 1602
f 1561 1560 1602 1603
f 1562 1561 1603 1604
f 1563 1562 1604 1605
f 1564 1563 1605 1606
f 1565 1564 1606 1607
f 1566 1565 1607 1608
f 1567 1566 1608 1609
f 1568 1567 1609 1610
f 1569 1568 1610 1611
f 1570 1569 1611 1612
f 1571 1570 1612 1613
f 1572 1571 1613 1614
f 1573 1572 1614 1615
f 1574 1573 1615 1616
f 1575 1574 1616 1617
f 1576 1575 1617 1618
f 1577 1576 1618 1619
f 1578 1577 1619 1620
f 1579 1578 1620 1621
f 1580 1579 1621 1622
f 1581 1580 1622 1623
f 1582 1581 1623 1624
f 1583 1582 1624 1625
f 1584 1583 1625 1626
f 1585 1584 1626 1627
f 1586 1585 1627 1628
f 1587 1586 1628 1629
f 1588 1587 1629 1630
f 1589 1588 1630 1631
f 1590 1589 1631 1632
f 1591 1590 1632 1633
f 1592 1591 1633 1634
f 1593 1592 1634 1635
f 1594 1593 1635 1636
f 1595 1594 1636 1637
f 1596 1595 1637 1638
f 1598 1597 1639 1640
f 1599 1598 1640 1641
f 1600 1599 1641 1642
f 1601 1600 1642 1643
f 1602 1601 1643 1644
f 1603 1602 1644 1645
f 1604 1603 1645 1646
f 1605 1604 1646 1647
f 1606 1605 1647 1648
f 1607 1606 1648 1649
f 1608 1607 1649 1650
f 1609 1608 1650 1651
f 1610 1609 1651 1652
f 1611 1610 1652 1653
f 1612 1611 1653 1654
f 1613 1612 1654 1655
f 1614 1613 1655 1656
f 1615 1614 1656 1657
f 1616 1615 1657 1658
f 1617 1616 1658 1659
f 1618 1617 1659 1660
f 1619 1618 1660 1661
f 1620 1619 1661 1662
f 1621 1620 1662 1663
f 1622 1621 1663 1664
f 1623 1622 1664 1665
f 1624 1623 1665 1666
f 1625 1624 1666 1667
f 1626 1625 1667 1668
f 1627 1626 1668 1669
f 1628 1627 1669 1670
f 1629 1628 1670 1671
f 1630 1629 1671 1672
f 1631 1630 1672 1673
f 1632 1631 1673 1674
f 1633 1632 1674 1675
f 1634 1633 1675 1676
f 1635 1634 1676 1677
f 1636 1635 1677 1678
f 1637 1636 1678 1679
f 1638 1637 1679 1680
f 1640 1639 1681 1682
f 1641 1640 1682 1683
f 1642 1641 1683 1684
f 1643 1642 1684 1685
f 1644 1643 1685 1686
f 1645 1644 1686 1687
f 1646 1645 1687 1688
f 1647 1646 1688 1689
f 1648 1647 1689 1690
f 1649 1648 1690 1691
f 1650 1649 1691 1692
f 1651 1650 1692 1693
f 1652 1651 1693 1694
f 1653 1652 1694 1695
f 1654 1653 1695 1696
f 1655 1654 1696 1697
f 1656 1655 1697 1698
f 1657 1656 1698 1699
f 1658 1657 1699 1700
f 1659 1658 1700 1701
f 1660 1659 1701 1702
f 1661 1660 1702 1703
f 1662 1661 1703 1704
f 1663 1662 1704 1705
f 1664 1663 1705 1706
f 1665 1664 1706 1707
f 1666 1665 1707 1708
f 1667 1666 1708 1709
f 1668 1667 1709 1710
f 1669 1668 1710 1711
f 1670 1669 1711 1712
f 1671 1670 1712 1713
f 1672 1671 1713 1714
f 1673 1672 1714 1715
f 1674 1673 1715 1716
f 1675 1674 1716 1717
f 1676 1675 1717 1718
f 1677 1676 1718 1719
f 1678 1677 1719 1720
f 1679 1678 1720 1721
f 1680 1679 1721 1722
f 1682 1681 1723 1724
f 1683 1682 1724 1725
f 1684 1683 1725 1726
f 1685 1684 1726 1727
f 1686 1685 1727 1728
f 1687 1686 1728 1729
f 1688 1687 1729 1730
f 1689 1688 1730 1731
f 1690 1689 1731 1732
f 1691 1690 1732 1733
f 1692 1691 1733 1734
f 1693 1692 1734 1735
f 1694 1693 1735 1736
f 1695 1694 1736 1737
f 1696 1695 1737 1738
f 1697 1696 1738 1739
f 1698 1697 1739 1740
f 1699 1698 1740 1741
f 1700 1699 1741 1742
f 1701 1700 1742 1743
f 1702 1701 1743 1744
f 1703 1702 1744 1745
f 1704 1703 1745 1746
f 1705 1704 1746 1747
f 1706 1705 1747 1748
f 1707 1706 1748 1749
f 1708 1707 1749 1750
f 1709 1708 1750 1751
f 1710 1709 1751 1752
f 1711 1710 1752 1753
f 1712 1711 1753 1754
f 1713 1712 1754 1755
f 1714 1713 1755 1756
f 1715 1714 1756 1757
f 1716 1715 1757 1758
f 1717 1716 1758 1759
f 1718 1717 1759 1760
f 1719 1718 1760 1761
f 1720 1719 1761 1762
f 1721 1720 1762 1763
f 1722 1721 1763 1764
