# Blender v2.79 (sub 0) OBJ File: ''
# www.blender.org
v -5.000000 0.000000 5.000000
v -5.000000 0.000000 4.655172
v -5.000000 0.000000 4.310345
v -5.000000 0.000000 3.965517
v -5.000000 0.000000 3.620689
v -5.000000 0.000000 3.275862
v -5.000000 0.000000 2.931035
v -5.000000 0.000000 2.586207
v -5.000000 0.000000 2.241379
v -5.000000 0.000000 1.896552
v -5.000000 0.000000 1.551724
v -5.000000 0.000000 1.206897
v -5.000000 0.000000 0.862069
v -5.000000 0.000000 0.517241
v -5.000000 0.000000 0.172414
v -5.000000 0.000000 -0.172414
v -5.000000 0.000000 -0.517241
v -5.000000 0.000000 -0.862069
v -5.000000 0.000000 -1.206897
v -5.000000 0.000000 -1.551724
v -5.000000 0.000000 -1.896552
v -5.000000 0.000000 -2.241379
v -5.000000 0.000000 -2.586207
v -5.000000 0.000000 -2.931035
v -5.000000 0.000000 -3.275862
v -5.000000 0.000000 -3.620689
v -5.000000 0.000000 -3.965517
v -5.000000 0.000000 -4.310345
v -5.000000 0.000000 -4.655172
v -5.000000 0.000000 -5.000000
v -4.655172 0.000000 5.000000
v -4.655172 0.000000 4.655172
v -4.655172 0.000000 4.310345
v -4.655172 0.000000 3.965517
v -4.655172 0.000000 3.620689
v -4.655172 0.007903 3.275862
v -4.655172 0.033719 2.931035
v -4.655172 0.059014 2.586207
v -4.655172 0.075355 2.241379
v -4.655172 0.085652 1.896552
v -4.655172 0.094626 1.551724
v -4.655172 0.099135 1.206897
v -4.655172 0.112745 0.862069
v -4.655172 0.125191 0.517241
v -4.655172 0.127403 0.172414
v -4.655172 0.125891 -0.172414
v -4.655172 0.127063 -0.517241
v -4.655172 0.118339 -0.862069
v -4.655172 0.112400 -1.206897
v -4.655172 0.120586 -1.551724
v -4.655172 0.120157 -1.896552
v -4.655172 0.105924 -2.241379
v -4.655172 0.079818 -2.586207
v -4.655172 0.044365 -2.931035
v -4.655172 0.011538 -3.275862
v -4.655172 0.000000 -3.620689
v -4.655172 0.000000 -3.965517
v -4.655172 0.000000 -4.310345
v -4.655172 0.000000 -4.655172
v -4.655172 0.000000 -5.000000
v -4.310345 0.000000 5.000000
v -4.310345 0.000000 4.655172
v -4.310345 0.000000 4.310345
v -4.310345 0.004889 3.965517
v -4.310345 0.058095 3.620689
v -4.310345 0.135118 3.275862
v -4.310345 0.216995 2.931035
v -4.310345 0.292507 2.586207
v -4.310345 0.312558 2.241379
v -4.310345 0.323468 1.896552
v -4.310345 0.322123 1.551724
v -4.310345 0.324933 1.206897
v -4.310345 0.340010 0.862069
v -4.310345 0.383904 0.517241
v -4.310345 0.416173 0.172414
v -4.310345 0.428179 -0.172414
v -4.310345 0.396339 -0.517241
v -4.310345 0.388464 -0.862069
v -4.310345 0.382996 -1.206897
v -4.310345 0.414021 -1.551724
v -4.310345 0.443256 -1.896552
v -4.310345 0.429716 -2.241379
v -4.310345 0.386559 -2.586207
v -4.310345 0.299205 -2.931035
v -4.310345 0.198064 -3.275862
v -4.310345 0.083591 -3.620689
v -4.310345 0.007013 -3.965517
v -4.310345 0.000000 -4.310345
v -4.310345 0.000000 -4.655172
v -4.310345 0.000000 -5.000000
v -3.965517 0.000000 5.000000
v -3.965517 0.000000 4.655172
v -3.965517 0.004797 4.310345
v -3.965517 0.078441 3.965517
v -3.965517 0.212657 3.620689
v -3.965517 0.338607 3.275862
v -3.965517 0.480152 2.931035
v -3.965517 0.598713 2.586207
v -3.965517 0.620913 2.241379
v -3.965517 0.622745 1.896552
v -3.965517 0.610557 1.551724
v -3.965517 0.634437 1.206897
v -3.965517 0.638213 0.862069
v -3.965517 0.720320 0.517241
v -3.965517 0.760419 0.172414
v -3.965517 0.817803 -0.172414
v -3.965517 0.765678 -0.517241
v -3.965517 0.774593 -0.862069
v -3.965517 0.773507 -1.206897
v -3.965517 0.824804 -1.551724
v -3.965517 0.863380 -1.896552
v -3.965517 0.846758 -2.241379
v -3.965517 0.776142 -2.586207
v -3.965517 0.654445 -2.931035
v -3.965517 0.504562 -3.275862
v -3.965517 0.300554 -3.620689
v -3.965517 0.113254 -3.965517
v -3.965517 0.006835 -4.310345
v -3.965517 0.000000 -4.655172
v -3.965517 0.000000 -5.000000
v -3.620689 0.000000 5.000000
v -3.620689 0.000000 4.655172
v -3.620689 0.050771 4.310345
v -3.620689 0.193410 3.965517
v -3.620689 0.390373 3.620689
v -3.620689 0.550914 3.275862
v -3.620689 0.704164 2.931035
v -3.620689 0.817021 2.586207
v -3.620689 0.900810 2.241379
v -3.620689 0.906435 1.896552
v -3.620689 0.892264 1.551724
v -3.620689 0.881075 1.206897
v -3.620689 0.997661 0.862069
v -3.620689 1.079807 0.517241
v -3.620689 1.152734 0.172414
v -3.620689 1.213033 -0.172414
v -3.620689 1.206610 -0.517241
v -3.620689 1.126039 -0.862069
v -3.620689 1.154529 -1.206897
v -3.620689 1.208790 -1.551724
v -3.620689 1.204825 -1.896552
v -3.620689 1.257728 -2.241379
v -3.620689 1.173989 -2.586207
v -3.620689 1.012003 -2.931035
v -3.620689 0.793023 -3.275862
v -3.620689 0.544864 -3.620689
v -3.620689 0.277663 -3.965517
v -3.620689 0.076608 -4.310345
v -3.620689 0.000000 -4.655172
v -3.620689 0.000000 -5.000000
v -3.275862 0.000000 5.000000
v -3.275862 0.006804 4.655172
v -3.275862 0.120992 4.310345
v -3.275862 0.328219 3.965517
v -3.275862 0.532803 3.620689
v -3.275862 0.718814 3.275862
v -3.275862 0.865002 2.931035
v -3.275862 1.003448 2.586207
v -3.275862 1.095121 2.241379
v -3.275862 1.179514 1.896552
v -3.275862 1.154867 1.551724
v -3.275862 1.165627 1.206897
v -3.275862 1.324316 0.862069
v -3.275862 1.490073 0.517241
v -3.275862 1.515181 0.172414
v -3.275862 1.499648 -0.172414
v -3.275862 1.580474 -0.517241
v -3.275862 1.632706 -0.862069
v -3.275862 1.565953 -1.206897
v -3.275862 1.596768 -1.551724
v -3.275862 1.673755 -1.896552
v -3.275862 1.712590 -2.241379
v -3.275862 1.498491 -2.586207
v -3.275862 1.325647 -2.931035
v -3.275862 1.039155 -3.275862
v -3.275862 0.787941 -3.620689
v -3.275862 0.452679 -3.965517
v -3.275862 0.170366 -4.310345
v -3.275862 0.010201 -4.655172
v -3.275862 0.000000 -5.000000
v -2.931035 0.000000 5.000000
v -2.931035 0.028739 4.655172
v -2.931035 0.191404 4.310345
v -2.931035 0.437826 3.965517
v -2.931035 0.634397 3.620689
v -2.931035 0.844977 3.275862
v -2.931035 0.986416 2.931035
v -2.931035 1.112559 2.586207
v -2.931035 1.272222 2.241379
v -2.931035 1.392322 1.896552
v -2.931035 1.422493 1.551724
v -2.931035 1.394480 1.206897
v -2.931035 1.602553 0.862069
v -2.931035 1.818915 0.517241
v -2.931035 1.821193 0.172414
v -2.931035 1.771646 -0.172414
v -2.931035 1.861809 -0.517241
v -2.931035 2.028525 -0.862069
v -2.931035 1.960380 -1.206897
v -2.931035 2.022598 -1.551724
v -2.931035 2.071763 -1.896552
v -2.931035 2.146137 -2.241379
v -2.931035 1.944303 -2.586207
v -2.931035 1.777963 -2.931035
v -2.931035 1.408056 -3.275862
v -2.931035 0.994284 -3.620689
v -2.931035 0.605753 -3.965517
v -2.931035 0.265768 -4.310345
v -2.931035 0.041205 -4.655172
v -2.931035 0.000000 -5.000000
v -2.586207 0.000000 5.000000
v -2.586207 0.056326 4.655172
v -2.586207 0.269172 4.310345
v -2.586207 0.543607 3.965517
v -2.586207 0.765036 3.620689
v -2.586207 0.939651 3.275862
v -2.586207 1.114766 2.931035
v -2.586207 1.254023 2.586207
v -2.586207 1.451921 2.241379
v -2.586207 1.670504 1.896552
v -2.586207 1.774068 1.551724
v -2.586207 1.801656 1.206897
v -2.586207 2.005734 0.862069
v -2.586207 2.280863 0.517241
v -2.586207 2.359542 0.172414
v -2.586207 2.291692 -0.172414
v -2.586207 2.279791 -0.517241
v -2.586207 2.438617 -0.862069
v -2.586207 2.444795 -1.206897
v -2.586207 2.331771 -1.551724
v -2.586207 2.506970 -1.896552
v -2.586207 2.582631 -2.241379
v -2.586207 2.450171 -2.586207
v -2.586207 2.174931 -2.931035
v -2.586207 1.798167 -3.275862
v -2.586207 1.225944 -3.620689
v -2.586207 0.744768 -3.965517
v -2.586207 0.353623 -4.310345
v -2.586207 0.075416 -4.655172
v -2.586207 0.000000 -5.000000
v -2.241379 0.000000 5.000000
v -2.241379 0.080267 4.655172
v -2.241379 0.310587 4.310345
v -2.241379 0.597470 3.965517
v -2.241379 0.833368 3.620689
v -2.241379 1.042999 3.275862
v -2.241379 1.256887 2.931035
v -2.241379 1.442389 2.586207
v -2.241379 1.658733 2.241379
v -2.241379 1.968217 1.896552
v -2.241379 2.126575 1.551724
v -2.241379 2.294527 1.206897
v -2.241379 2.473076 0.862069
v -2.241379 2.638575 0.517241
v -2.241379 2.740491 0.172414
v -2.241379 2.716605 -0.172414
v -2.241379 2.647640 -0.517241
v -2.241379 2.873902 -0.862069
v -2.241379 2.857644 -1.206897
v -2.241379 2.788210 -1.551724
v -2.241379 2.819715 -1.896552
v -2.241379 2.785513 -2.241379
v -2.241379 2.659652 -2.586207
v -2.241379 2.328113 -2.931035
v -2.241379 1.998056 -3.275862
v -2.241379 1.387870 -3.620689
v -2.241379 0.869719 -3.965517
v -2.241379 0.424539 -4.310345
v -2.241379 0.106396 -4.655172
v -2.241379 0.000000 -5.000000
v -1.896552 0.000000 5.000000
v -1.896552 0.098385 4.655172
v -1.896552 0.336737 4.310345
v -1.896552 0.700180 3.965517
v -1.896552 1.000912 3.620689
v -1.896552 1.182489 3.275862
v -1.896552 1.444280 2.931035
v -1.896552 1.678434 2.586207
v -1.896552 1.989949 2.241379
v -1.896552 2.257780 1.896552
v -1.896552 2.502205 1.551724
v -1.896552 2.853395 1.206897
v -1.896552 2.928914 0.862069
v -1.896552 3.105736 0.517241
v -1.896552 3.242797 0.172414
v -1.896552 3.216743 -0.172414
v -1.896552 3.219781 -0.517241
v -1.896552 3.196445 -0.862069
v -1.896552 3.075182 -1.206897
v -1.896552 2.900446 -1.551724
v -1.896552 2.886446 -1.896552
v -1.896552 2.886939 -2.241379
v -1.896552 2.728684 -2.586207
v -1.896552 2.419168 -2.931035
v -1.896552 2.014812 -3.275862
v -1.896552 1.466276 -3.620689
v -1.896552 0.967182 -3.965517
v -1.896552 0.478071 -4.310345
v -1.896552 0.126105 -4.655172
v -1.896552 0.000000 -5.000000
v -1.551724 0.000000 5.000000
v -1.551724 0.118470 4.655172
v -1.551724 0.400996 4.310345
v -1.551724 0.803043 3.965517
v -1.551724 1.196830 3.620689
v -1.551724 1.489471 3.275862
v -1.551724 1.727286 2.931035
v -1.551724 1.901282 2.586207
v -1.551724 2.287960 2.241379
v -1.551724 2.691661 1.896552
v -1.551724 2.897820 1.551724
v -1.551724 3.241550 1.206897
v -1.551724 3.368167 0.862069
v -1.551724 3.479485 0.517241
v -1.551724 3.518739 0.172414
v -1.551724 3.484318 -0.172414
v -1.551724 3.486650 -0.517241
v -1.551724 3.385730 -0.862069
v -1.551724 3.213775 -1.206897
v -1.551724 2.990063 -1.551724
v -1.551724 2.876715 -1.896552
v -1.551724 2.729479 -2.241379
v -1.551724 2.615414 -2.586207
v -1.551724 2.397948 -2.931035
v -1.551724 2.100415 -3.275862
v -1.551724 1.539007 -3.620689
v -1.551724 1.010251 -3.965517
v -1.551724 0.525233 -4.310345
v -1.551724 0.143088 -4.655172
v -1.551724 0.000000 -5.000000
v -1.206897 0.000000 5.000000
v -1.206897 0.128306 4.655172
v -1.206897 0.467290 4.310345
v -1.206897 0.866377 3.965517
v -1.206897 1.259353 3.620689
v -1.206897 1.674643 3.275862
v -1.206897 2.079714 2.931035
v -1.206897 2.409218 2.586207
v -1.206897 2.781141 2.241379
v -1.206897 3.178672 1.896552
v -1.206897 3.311206 1.551724
v -1.206897 3.627792 1.206897
v -1.206897 3.861494 0.862069
v -1.206897 4.114309 0.517241
v -1.206897 3.885834 0.172414
v -1.206897 3.823578 -0.172414
v -1.206897 3.734472 -0.517241
v -1.206897 3.437032 -0.862069
v -1.206897 3.158709 -1.206897
v -1.206897 3.092579 -1.551724
v -1.206897 3.071965 -1.896552
v -1.206897 2.953880 -2.241379
v -1.206897 2.853941 -2.586207
v -1.206897 2.552803 -2.931035
v -1.206897 2.172683 -3.275862
v -1.206897 1.655912 -3.620689
v -1.206897 1.067798 -3.965517
v -1.206897 0.572268 -4.310345
v -1.206897 0.156666 -4.655172
v -1.206897 0.000000 -5.000000
v -0.862069 0.000000 5.000000
v -0.862069 0.139462 4.655172
v -0.862069 0.480930 4.310345
v -0.862069 0.909688 3.965517
v -0.862069 1.392201 3.620689
v -0.862069 1.820917 3.275862
v -0.862069 2.227524 2.931035
v -0.862069 2.662664 2.586207
v -0.862069 3.062886 2.241379
v -0.862069 3.373704 1.896552
v -0.862069 3.639984 1.551724
v -0.862069 3.774629 1.206897
v -0.862069 4.294954 0.862069
v -0.862069 4.277574 0.517241
v -0.862069 4.349298 0.172414
v -0.862069 4.373158 -0.172414
v -0.862069 4.283587 -0.517241
v -0.862069 3.876877 -0.862069
v -0.862069 3.540237 -1.206897
v -0.862069 3.447547 -1.551724
v -0.862069 3.391495 -1.896552
v -0.862069 3.406121 -2.241379
v -0.862069 3.178637 -2.586207
v -0.862069 2.643441 -2.931035
v -0.862069 2.310963 -3.275862
v -0.862069 1.785552 -3.620689
v -0.862069 1.202455 -3.965517
v -0.862069 0.606480 -4.310345
v -0.862069 0.161923 -4.655172
v -0.862069 0.000000 -5.000000
v -0.517241 0.000000 5.000000
v -0.517241 0.131583 4.655172
v -0.517241 0.454433 4.310345
v -0.517241 0.853023 3.965517
v -0.517241 1.315942 3.620689
v -0.517241 1.762115 3.275862
v -0.517241 2.242752 2.931035
v -0.517241 2.604654 2.586207
v -0.517241 2.983558 2.241379
v -0.517241 3.523664 1.896552
v -0.517241 3.743141 1.551724
v -0.517241 4.083755 1.206897
v -0.517241 4.513143 0.862069
v -0.517241 4.273408 0.517241
v -0.517241 4.330734 0.172414
v -0.517241 4.432636 -0.172414
v -0.517241 4.381681 -0.517241
v -0.517241 4.047061 -0.862069
v -0.517241 3.822729 -1.206897
v -0.517241 3.764822 -1.551724
v -0.517241 3.855819 -1.896552
v -0.517241 3.753386 -2.241379
v -0.517241 3.361849 -2.586207
v -0.517241 3.036252 -2.931035
v -0.517241 2.521139 -3.275862
v -0.517241 1.906665 -3.620689
v -0.517241 1.363735 -3.965517
v -0.517241 0.659172 -4.310345
v -0.517241 0.179948 -4.655172
v -0.517241 0.000000 -5.000000
v -0.172414 0.000000 5.000000
v -0.172414 0.130553 4.655172
v -0.172414 0.432234 4.310345
v -0.172414 0.845372 3.965517
v -0.172414 1.289591 3.620689
v -0.172414 1.732227 3.275862
v -0.172414 2.311853 2.931035
v -0.172414 2.711894 2.586207
v -0.172414 3.072908 2.241379
v -0.172414 3.493517 1.896552
v -0.172414 3.814523 1.551724
v -0.172414 4.127383 1.206897
v -0.172414 4.239489 0.862069
v -0.172414 4.288880 0.517241
v -0.172414 4.280137 0.172414
v -0.172414 4.521277 -0.172414
v -0.172414 4.435828 -0.517241
v -0.172414 4.468640 -0.862069
v -0.172414 4.379407 -1.206897
v -0.172414 4.308621 -1.551724
v -0.172414 4.009560 -1.896552
v -0.172414 4.023151 -2.241379
v -0.172414 3.713742 -2.586207
v -0.172414 3.254869 -2.931035
v -0.172414 2.748343 -3.275862
v -0.172414 2.000205 -3.620689
v -0.172414 1.369002 -3.965517
v -0.172414 0.731252 -4.310345
v -0.172414 0.183660 -4.655172
v -0.172414 0.000000 -5.000000
v 0.172414 0.000000 5.000000
v 0.172414 0.130838 4.655172
v 0.172414 0.441222 4.310345
v 0.172414 0.882951 3.965517
v 0.172414 1.373587 3.620689
v 0.172414 1.821220 3.275862
v 0.172414 2.378388 2.931035
v 0.172414 2.678905 2.586207
v 0.172414 3.190838 2.241379
v 0.172414 3.660709 1.896552
v 0.172414 3.982183 1.551724
v 0.172414 4.072293 1.206897
v 0.172414 4.230283 0.862069
v 0.172414 4.230820 0.517241
v 0.172414 4.384501 0.172414
v 0.172414 4.668804 -0.172414
v 0.172414 4.857708 -0.517241
v 0.172414 4.768412 -0.862069
v 0.172414 4.783372 -1.206897
v 0.172414 4.638546 -1.551724
v 0.172414 4.367759 -1.896552
v 0.172414 4.112311 -2.241379
v 0.172414 3.827125 -2.586207
v 0.172414 3.279619 -2.931035
v 0.172414 2.698674 -3.275862
v 0.172414 2.142126 -3.620689
v 0.172414 1.352411 -3.965517
v 0.172414 0.684029 -4.310345
v 0.172414 0.189141 -4.655172
v 0.172414 0.000000 -5.000000
v 0.517241 0.000000 5.000000
v 0.517241 0.137507 4.655172
v 0.517241 0.486982 4.310345
v 0.517241 0.917903 3.965517
v 0.517241 1.463659 3.620689
v 0.517241 1.962512 3.275862
v 0.517241 2.346016 2.931035
v 0.517241 2.710340 2.586207
v 0.517241 3.233548 2.241379
v 0.517241 3.768270 1.896552
v 0.517241 4.091467 1.551724
v 0.517241 4.400515 1.206897
v 0.517241 4.459742 0.862069
v 0.517241 4.540104 0.517241
v 0.517241 4.570030 0.172414
v 0.517241 4.866938 -0.172414
v 0.517241 5.127744 -0.517241
v 0.517241 5.067676 -0.862069
v 0.517241 4.896656 -1.206897
v 0.517241 4.622689 -1.551724
v 0.517241 4.548298 -1.896552
v 0.517241 4.271180 -2.241379
v 0.517241 3.913500 -2.586207
v 0.517241 3.286679 -2.931035
v 0.517241 2.708367 -3.275862
v 0.517241 2.018058 -3.620689
v 0.517241 1.305715 -3.965517
v 0.517241 0.676498 -4.310345
v 0.517241 0.205888 -4.655172
v 0.517241 0.000000 -5.000000
v 0.862069 0.000000 5.000000
v 0.862069 0.148758 4.655172
v 0.862069 0.515161 4.310345
v 0.862069 0.990300 3.965517
v 0.862069 1.495489 3.620689
v 0.862069 1.962317 3.275862
v 0.862069 2.349894 2.931035
v 0.862069 2.742287 2.586207
v 0.862069 3.207373 2.241379
v 0.862069 3.748247 1.896552
v 0.862069 4.060348 1.551724
v 0.862069 4.482021 1.206897
v 0.862069 4.900102 0.862069
v 0.862069 4.848681 0.517241
v 0.862069 4.671046 0.172414
v 0.862069 4.926308 -0.172414
v 0.862069 4.895459 -0.517241
v 0.862069 5.041113 -0.862069
v 0.862069 5.185150 -1.206897
v 0.862069 5.025637 -1.551724
v 0.862069 4.742516 -1.896552
v 0.862069 4.533518 -2.241379
v 0.862069 4.092188 -2.586207
v 0.862069 3.473527 -2.931035
v 0.862069 2.725138 -3.275862
v 0.862069 2.042216 -3.620689
v 0.862069 1.324562 -3.965517
v 0.862069 0.709834 -4.310345
v 0.862069 0.219123 -4.655172
v 0.862069 0.000000 -5.000000
v 1.206897 0.000000 5.000000
v 1.206897 0.159819 4.655172
v 1.206897 0.527531 4.310345
v 1.206897 1.005581 3.965517
v 1.206897 1.469849 3.620689
v 1.206897 1.893871 3.275862
v 1.206897 2.308131 2.931035
v 1.206897 2.747619 2.586207
v 1.206897 3.365654 2.241379
v 1.206897 3.844516 1.896552
v 1.206897 4.084720 1.551724
v 1.206897 4.825211 1.206897
v 1.206897 5.077177 0.862069
v 1.206897 5.181484 0.517241
v 1.206897 5.082777 0.172414
v 1.206897 5.191748 -0.172414
v 1.206897 4.868306 -0.517241
v 1.206897 4.932388 -0.862069
v 1.206897 5.139771 -1.206897
v 1.206897 5.023341 -1.551724
v 1.206897 4.819332 -1.896552
v 1.206897 4.314644 -2.241379
v 1.206897 3.783594 -2.586207
v 1.206897 3.345546 -2.931035
v 1.206897 2.676344 -3.275862
v 1.206897 2.093788 -3.620689
v 1.206897 1.318981 -3.965517
v 1.206897 0.747300 -4.310345
v 1.206897 0.214888 -4.655172
v 1.206897 0.000000 -5.000000
v 1.551724 0.000000 5.000000
v 1.551724 0.155066 4.655172
v 1.551724 0.530082 4.310345
v 1.551724 0.920907 3.965517
v 1.551724 1.395215 3.620689
v 1.551724 1.877411 3.275862
v 1.551724 2.326664 2.931035
v 1.551724 2.867746 2.586207
v 1.551724 3.419863 2.241379
v 1.551724 3.857999 1.896552
v 1.551724 4.386290 1.551724
v 1.551724 4.861081 1.206897
v 1.551724 5.176620 0.862069
v 1.551724 5.552785 0.517241
v 1.551724 5.579088 0.172414
v 1.551724 5.751758 -0.172414
v 1.551724 5.344458 -0.517241
v 1.551724 5.100943 -0.862069
v 1.551724 5.051972 -1.206897
v 1.551724 5.165777 -1.551724
v 1.551724 4.650055 -1.896552
v 1.551724 4.221879 -2.241379
v 1.551724 3.759860 -2.586207
v 1.551724 3.500599 -2.931035
v 1.551724 2.904259 -3.275862
v 1.551724 2.224208 -3.620689
v 1.551724 1.428405 -3.965517
v 1.551724 0.755900 -4.310345
v 1.551724 0.211854 -4.655172
v 1.551724 0.000000 -5.000000
v 1.896552 0.000000 5.000000
v 1.896552 0.137124 4.655172
v 1.896552 0.495990 4.310345
v 1.896552 0.882533 3.965517
v 1.896552 1.389258 3.620689
v 1.896552 1.867228 3.275862
v 1.896552 2.525355 2.931035
v 1.896552 2.874928 2.586207
v 1.896552 3.400013 2.241379
v 1.896552 4.005460 1.896552
v 1.896552 4.463265 1.551724
v 1.896552 4.809185 1.206897
v 1.896552 5.037580 0.862069
v 1.896552 5.274942 0.517241
v 1.896552 5.495418 0.172414
v 1.896552 5.860357 -0.172414
v 1.896552 5.659551 -0.517241
v 1.896552 5.114048 -0.862069
v 1.896552 5.209758 -1.206897
v 1.896552 5.110505 -1.551724
v 1.896552 4.600019 -1.896552
v 1.896552 4.200363 -2.241379
v 1.896552 4.070385 -2.586207
v 1.896552 3.608060 -2.931035
v 1.896552 3.077801 -3.275862
v 1.896552 2.246622 -3.620689
v 1.896552 1.481152 -3.965517
v 1.896552 0.783142 -4.310345
v 1.896552 0.196320 -4.655172
v 1.896552 0.000000 -5.000000
v 2.241379 0.000000 5.000000
v 2.241379 0.114762 4.655172
v 2.241379 0.454034 4.310345
v 2.241379 0.895845 3.965517
v 2.241379 1.349117 3.620689
v 2.241379 1.884028 3.275862
v 2.241379 2.376853 2.931035
v 2.241379 2.633496 2.586207
v 2.241379 3.113662 2.241379
v 2.241379 3.574439 1.896552
v 2.241379 3.941766 1.551724
v 2.241379 4.676402 1.206897
v 2.241379 4.955454 0.862069
v 2.241379 5.241797 0.517241
v 2.241379 5.222582 0.172414
v 2.241379 5.251074 -0.172414
v 2.241379 5.325905 -0.517241
v 2.241379 4.964176 -0.862069
v 2.241379 4.913343 -1.206897
v 2.241379 4.808104 -1.551724
v 2.241379 4.341027 -1.896552
v 2.241379 3.970478 -2.241379
v 2.241379 3.767076 -2.586207
v 2.241379 3.761174 -2.931035
v 2.241379 2.994507 -3.275862
v 2.241379 2.127491 -3.620689
v 2.241379 1.405846 -3.965517
v 2.241379 0.726923 -4.310345
v 2.241379 0.171302 -4.655172
v 2.241379 0.000000 -5.000000
v 2.586207 0.000000 5.000000
v 2.586207 0.086248 4.655172
v 2.586207 0.375580 4.310345
v 2.586207 0.767052 3.965517
v 2.586207 1.194870 3.620689
v 2.586207 1.718763 3.275862
v 2.586207 2.154339 2.931035
v 2.586207 2.591837 2.586207
v 2.586207 3.110293 2.241379
v 2.586207 3.307713 1.896552
v 2.586207 3.618054 1.551724
v 2.586207 4.183630 1.206897
v 2.586207 4.532581 0.862069
v 2.586207 4.944640 0.517241
v 2.586207 4.976738 0.172414
v 2.586207 4.775900 -0.172414
v 2.586207 4.816762 -0.517241
v 2.586207 4.621772 -0.862069
v 2.586207 4.691072 -1.206897
v 2.586207 4.449531 -1.551724
v 2.586207 4.344087 -1.896552
v 2.586207 3.889953 -2.241379
v 2.586207 3.651991 -2.586207
v 2.586207 3.259911 -2.931035
v 2.586207 2.551965 -3.275862
v 2.586207 1.894685 -3.620689
v 2.586207 1.201536 -3.965517
v 2.586207 0.607207 -4.310345
v 2.586207 0.128254 -4.655172
v 2.586207 0.000000 -5.000000
v 2.931035 0.000000 5.000000
v 2.931035 0.050553 4.655172
v 2.931035 0.305346 4.310345
v 2.931035 0.650144 3.965517
v 2.931035 1.047068 3.620689
v 2.931035 1.499394 3.275862
v 2.931035 1.964647 2.931035
v 2.931035 2.467227 2.586207
v 2.931035 2.928753 2.241379
v 2.931035 3.080972 1.896552
v 2.931035 3.213485 1.551724
v 2.931035 3.767436 1.206897
v 2.931035 4.078087 0.862069
v 2.931035 4.351961 0.517241
v 2.931035 4.242173 0.172414
v 2.931035 4.226171 -0.172414
v 2.931035 4.081918 -0.517241
v 2.931035 4.159217 -0.862069
v 2.931035 4.321302 -1.206897
v 2.931035 3.898421 -1.551724
v 2.931035 3.669379 -1.896552
v 2.931035 3.467672 -2.241379
v 2.931035 3.081521 -2.586207
v 2.931035 2.686328 -2.931035
v 2.931035 2.121057 -3.275862
v 2.931035 1.549577 -3.620689
v 2.931035 0.959180 -3.965517
v 2.931035 0.431644 -4.310345
v 2.931035 0.063117 -4.655172
v 2.931035 0.000000 -5.000000
v 3.275862 0.000000 5.000000
v 3.275862 0.013284 4.655172
v 3.275862 0.215401 4.310345
v 3.275862 0.525586 3.965517
v 3.275862 0.920940 3.620689
v 3.275862 1.374849 3.275862
v 3.275862 1.736784 2.931035
v 3.275862 2.138549 2.586207
v 3.275862 2.566373 2.241379
v 3.275862 2.698835 1.896552
v 3.275862 2.850940 1.551724
v 3.275862 3.083079 1.206897
v 3.275862 3.269285 0.862069
v 3.275862 3.347144 0.517241
v 3.275862 3.327970 0.172414
v 3.275862 3.383200 -0.172414
v 3.275862 3.280705 -0.517241
v 3.275862 3.418426 -0.862069
v 3.275862 3.508903 -1.206897
v 3.275862 3.218747 -1.551724
v 3.275862 2.933709 -1.896552
v 3.275862 2.790900 -2.241379
v 3.275862 2.474825 -2.586207
v 3.275862 2.145994 -2.931035
v 3.275862 1.697180 -3.275862
v 3.275862 1.130099 -3.620689
v 3.275862 0.666451 -3.965517
v 3.275862 0.256111 -4.310345
v 3.275862 0.015270 -4.655172
v 3.275862 0.000000 -5.000000
v 3.620689 0.000000 5.000000
v 3.620689 0.000000 4.655172
v 3.620689 0.089568 4.310345
v 3.620689 0.325395 3.965517
v 3.620689 0.659208 3.620689
v 3.620689 1.009870 3.275862
v 3.620689 1.453936 2.931035
v 3.620689 1.805908 2.586207
v 3.620689 1.999794 2.241379
v 3.620689 2.083973 1.896552
v 3.620689 2.305059 1.551724
v 3.620689 2.504548 1.206897
v 3.620689 2.536673 0.862069
v 3.620689 2.543753 0.517241
v 3.620689 2.598593 0.172414
v 3.620689 2.507638 -0.172414
v 3.620689 2.642132 -0.517241
v 3.620689 2.622047 -0.862069
v 3.620689 2.526085 -1.206897
v 3.620689 2.374156 -1.551724
v 3.620689 2.213711 -1.896552
v 3.620689 2.091990 -2.241379
v 3.620689 1.883956 -2.586207
v 3.620689 1.564360 -2.931035
v 3.620689 1.190250 -3.275862
v 3.620689 0.775966 -3.620689
v 3.620689 0.397267 -3.965517
v 3.620689 0.109363 -4.310345
v 3.620689 0.000000 -4.655172
v 3.620689 0.000000 -5.000000
v 3.965517 0.000000 5.000000
v 3.965517 0.000000 4.655172
v 3.965517 0.008634 4.310345
v 3.965517 0.133066 3.965517
v 3.965517 0.340336 3.620689
v 3.965517 0.610585 3.275862
v 3.965517 0.926704 2.931035
v 3.965517 1.218693 2.586207
v 3.965517 1.405213 2.241379
v 3.965517 1.412439 1.896552
v 3.965517 1.513532 1.551724
v 3.965517 1.603243 1.206897
v 3.965517 1.704201 0.862069
v 3.965517 1.745958 0.517241
v 3.965517 1.756095 0.172414
v 3.965517 1.728230 -0.172414
v 3.965517 1.845064 -0.517241
v 3.965517 1.783304 -0.862069
v 3.965517 1.748434 -1.206897
v 3.965517 1.665751 -1.551724
v 3.965517 1.549498 -1.896552
v 3.965517 1.469415 -2.241379
v 3.965517 1.295455 -2.586207
v 3.965517 0.975008 -2.931035
v 3.965517 0.696701 -3.275862
v 3.965517 0.407532 -3.620689
v 3.965517 0.154319 -3.965517
v 3.965517 0.009375 -4.310345
v 3.965517 0.000000 -4.655172
v 3.965517 0.000000 -5.000000
v 4.310345 0.000000 5.000000
v 4.310345 0.000000 4.655172
v 4.310345 0.000000 4.310345
v 4.310345 0.008213 3.965517
v 4.310345 0.090899 3.620689
v 4.310345 0.219902 3.275862
v 4.310345 0.384975 2.931035
v 4.310345 0.563600 2.586207
v 4.310345 0.679879 2.241379
v 4.310345 0.718669 1.896552
v 4.310345 0.801812 1.551724
v 4.310345 0.867537 1.206897
v 4.310345 0.901667 0.862069
v 4.310345 0.876473 0.517241
v 4.310345 0.909246 0.172414
v 4.310345 0.966601 -0.172414
v 4.310345 0.958422 -0.517241
v 4.310345 0.946234 -0.862069
v 4.310345 0.916011 -1.206897
v 4.310345 0.880779 -1.551724
v 4.310345 0.792404 -1.896552
v 4.310345 0.751593 -2.241379
v 4.310345 0.654675 -2.586207
v 4.310345 0.448933 -2.931035
v 4.310345 0.251054 -3.275862
v 4.310345 0.098925 -3.620689
v 4.310345 0.008676 -3.965517
v 4.310345 0.000000 -4.310345
v 4.310345 0.000000 -4.655172
v 4.310345 0.000000 -5.000000
v 4.655172 0.000000 5.000000
v 4.655172 0.000000 4.655172
v 4.655172 0.000000 4.310345
v 4.655172 0.000000 3.965517
v 4.655172 0.000000 3.620689
v 4.655172 0.012915 3.275862
v 4.655172 0.058280 2.931035
v 4.655172 0.116180 2.586207
v 4.655172 0.166132 2.241379
v 4.655172 0.202349 1.896552
v 4.655172 0.231587 1.551724
v 4.655172 0.255851 1.206897
v 4.655172 0.274974 0.862069
v 4.655172 0.276918 0.517241
v 4.655172 0.271932 0.172414
v 4.655172 0.294276 -0.172414
v 4.655172 0.281570 -0.517241
v 4.655172 0.276085 -0.862069
v 4.655172 0.264758 -1.206897
v 4.655172 0.242943 -1.551724
v 4.655172 0.213413 -1.896552
v 4.655172 0.184977 -2.241379
v 4.655172 0.128705 -2.586207
v 4.655172 0.066725 -2.931035
v 4.655172 0.014271 -3.275862
v 4.655172 0.000000 -3.620689
v 4.655172 0.000000 -3.965517
v 4.655172 0.000000 -4.310345
v 4.655172 0.000000 -4.655172
v 4.655172 0.000000 -5.000000
v 5.000000 0.000000 5.000000
v 5.000000 0.000000 4.655172
v 5.000000 0.000000 4.310345
v 5.000000 0.000000 3.965517
v 5.000000 0.000000 3.620689
v 5.000000 0.000000 3.275862
v 5.000000 0.000000 2.931035
v 5.000000 0.000000 2.586207
v 5.000000 0.000000 2.241379
v 5.000000 0.000000 1.896552
v 5.000000 0.000000 1.551724
v 5.000000 0.000000 1.206897
v 5.000000 0.000000 0.862069
v 5.000000 0.000000 0.517241
v 5.000000 0.000000 0.172414
v 5.000000 0.000000 -0.172414
v 5.000000 0.000000 -0.517241
v 5.000000 0.000000 -0.862069
v 5.000000 0.000000 -1.206897
v 5.000000 0.000000 -1.551724
v 5.000000 0.000000 -1.896552
v 5.000000 0.000000 -2.241379
v 5.000000 0.000000 -2.586207
v 5.000000 0.000000 -2.931035
v 5.000000 0.000000 -3.275862
v 5.000000 0.000000 -3.620689
v 5.000000 0.000000 -3.965517
v 5.000000 0.000000 -4.310345
v 5.000000 0.000000 -4.655172
v 5.000000 0.000000 -5.000000
s 1
f 2 1 31 32
f 3 2 32 33
f 4 3 33 34
f 5 4 34 35
f 6 5 35 36
f 7 6 36 37
f 8 7 37 38
f 9 8 38 39
f 10 9 39 40
f 11 10 40 41
f 12 11 41 42
f 13 12 42 43
f 14 13 43 44
f 15 14 44 45
f 16 15 45 46
f 17 16 46 47
f 18 17 47 48
f 19 18 48 49
f 20 19 49 50
f 21 20 50 51
f 22 21 51 52
f 23 22 52 53
f 24 23 53 54
f 25 24 54 55
f 26 25 55 56
f 27 26 56 57
f 28 27 57 58
f 29 28 58 59
f 30 29 59 60
f 32 31 61 62
f 33 32 62 63
f 34 33 63 64
f 35 34 64 65
f 36 35 65 66
f 37 36 66 67
f 38 37 67 68
f 39 38 68 69
f 40 39 69 70
f 41 40 70 71
f 42 41 71 72
f 43 42 72 73
f 44 43 73 74
f 45 44 74 75
f 46 45 75 76
f 47 46 76 77
f 48 47 77 78
f 49 48 78 79
f 50 49 79 80
f 51 50 80 81
f 52 51 81 82
f 53 52 82 83
f 54 53 83 84
f 55 54 84 85
f 56 55 85 86
f 57 56 86 87
f 58 57 87 88
f 59 58 88 89
f 60 59 89 90
f 62 61 91 92
f 63 62 92 93
f 64 63 93 94
f 65 64 94 95
f 66 65 95 96
f 67 66 96 97
f 68 67 97 98
f 69 68 98 99
f 70 69 99 100
f 71 70 100 101
f 72 71 101 102
f 73 72 102 103
f 74 73 103 104
f 75 74 104 105
f 76 75 105 106
f 77 76 106 107
f 78 77 107 108
f 79 78 108 109
f 80 79 109 110
f 81 80 110 111
f 82 81 111 112
f 83 82 112 113
f 84 83 113 114
f 85 84 114 115
f 86 85 115 116
f 87 86 116 117
f 88 87 117 118
f 89 88 118 119
f 90 89 119 120
f 92 91 121 122
f 93 92 122 123
f 94 93 123 124
f 95 94 124 125
f 96 95 125 126
f 97 96 126 127
f 98 97 127 128
f 99 98 128 129
f 100 99 129 130
f 101 100 130 131
f 102 101 131 132
f 103 102 132 133
f 104 103 133 134
f 105 104 134 135
f 106 105 135 136
f 107 106 136 137
f 108 107 137 138
f 109 108 138 139
f 110 109 139 140
f 111 110 140 141
f 112 111 141 142
f 113 112 142 143
f 114 113 143 144
f 115 114 144 145
f 116 115 145 146
f 117 116 146 147
f 118 117 147 148
f 119 118 148 149
f 120 119 149 150
f 122 121 151 152
f 123 122 152 153
f 124 123 153 154
f 125 124 154 155
f 126 125 155 156
f 127 126 156 157
f 128 127 157 158
f 129 128 158 159
f 130 129 159 160
f 131 130 160 161
f 132 131 161 162
f 133 132 162 163
f 134 133 163 164
f 135 134 164 165
f 136 135 165 166
f 137 136 166 167
f 138 137 167 168
f 139 138 168 169
f 140 139 169 170
f 141 140 170 171
f 142 141 171 172
f 143 142 172 173
f 144 143 173 174
f 145 144 174 175
f 146 145 175 176
f 147 146 176 177
f 148 147 177 178
f 149 148 178 179
f 150 149 179 180
f 152 151 181 182
f 153 152 182 183
f 154 153 183 184
f 155 154 184 185
f 156 155 185 186
f 157 156 186 187
f 158 157 187 188
f 159 158 188 189
f 160 159 189 190
f 161 160 190 191
f 162 161 191 192
f 163 162 192 193
f 164 163 193 194
f 165 164 194 195
f 166 165 195 196
f 167 166 196 197
f 168 167 197 198
f 169 168 198 199
f 170 169 199 200
f 171 170 200 201
f 172 171 201 202
f 173 172 202 203
f 174 173 203 204
f 175 174 204 205
f 176 175 205 206
f 177 176 206 207
f 178 177 207 208
f 179 178 208 209
f 180 179 209 210
f 182 181 211 212
f 183 182 212 213
f 184 183 213 214
f 185 184 214 215
f 186 185 215 216
f 187 186 216 217
f 188 187 217 218
f 189 188 218 219
f 190 189 219 220
f 191 190 220 221
f 192 191 221 222
f 193 192 222 223
f 194 193 223 224
f 195 194 224 225
f 196 195 225 226
f 197 196 226 227
f 198 197 227 228
f 199 198 228 229
f 200 199 229 230
f 201 200 230 231
f 202 201 231 232
f 203 202 232 233
f 204 203 233 234
f 205 204 234 235
f 206 205 235 236
f 207 206 236 237
f 208 207 237 238
f 209 208 238 239
f 210 209 239 240
f 212 211 241 242
f 213 212 242 243
f 214 213 243 244
f 215 214 244 245
f 216 215 245 246
f 217 216 246 247
f 218 217 247 248
f 219 218 248 249
f 220 219 249 250
f 221 220 250 251
f 222 221 251 252
f 223 222 252 253
f 224 223 253 254
f 225 224 254 255
f 226 225 255 256
f 227 226 256 257
f 228 227 257 258
f 229 228 258 259
f 230 229 259 260
f 231 230 260 261
f 232 231 261 262
f 233 232 262 263
f 234 233 263 264
f 235 234 264 265
f 236 235 265 266
f 237 236 266 267
f 238 237 267 268
f 239 238 268 269
f 240 239 269 270
f 242 241 271 272
f 243 242 272 273
f 244 243 273 274
f 245 244 274 275
f 246 245 275 276
f 247 246 276 277
f 248 247 277 278
f 249 248 278 279
f 250 249 279 280
f 251 250 280 281
f 252 251 281 282
f 253 252 282 283
f 254 253 283 284
f 255 254 284 285
f 256 255 285 286
f 257 256 286 287
f 258 257 287 288
f 259 258 288 289
f 260 259 289 290
f 261 260 290 291
f 262 261 291 292
f 263 262 292 293
f 264 263 293 294
f 265 264 294 295
f 266 265 295 296
f 267 266 296 297
f 268 267 297 298
f 269 268 298 299
f 270 269 299 300
f 272 271 301 302
f 273 272 302 303
f 274 273 303 304
f 275 274 304 305
f 276 275 305 306
f 277 276 306 307
f 278 277 307 308
f 279 278 308 309
f 280 279 309 310
f 281 280 310 311
f 282 281 311 312
f 283 282 312 313
f 284 283 313 314
f 285 284 314 315
f 286 285 315 316
f 287 286 316 317
f 288 287 317 318
f 289 288 318 319
f 290 289 319 320
f 291 290 320 321
f 292 291 321 322
f 293 292 322 323
f 294 293 323 324
f 295 294 324 325
f 296 295 325 326
f 297 296 326 327
f 298 297 327 328
f 299 298 328 329
f 300 299 329 330
f 302 301 331 332
f 303 302 332 333
f 304 303 333 334
f 305 304 334 335
f 306 305 335 336
f 307 306 336 337
f 308 307 337 338
f 309 308 338 339
f 310 309 339 340
f 311 310 340 341
f 312 311 341 342
f 313 312 342 343
f 314 313 343 344
f 315 314 344 345
f 316 315 345 346
f 317 316 346 347
f 318 317 347 348
f 319 318 348 349
f 320 319 349 350
f 321 320 350 351
f 322 321 351 352
f 323 322 352 353
f 324 323 353 354
f 325 324 354 355
f 326 325 355 356
f 327 326 356 357
f 328 327 357 358
f 329 328 358 359
f 330 329 359 360
f 332 331 361 362
f 333 332 362 363
f 334 333 363 364
f 335 334 364 365
f 336 335 365 366
f 337 336 366 367
f 338 337 367 368
f 339 338 368 369
f 340 339 369 370
f 341 340 370 371
f 342 341 371 372
f 343 342 372 373
f 344 343 373 374
f 345 344 374 375
f 346 345 375 376
f 347 346 376 377
f 348 347 377 378
f 349 348 378 379
f 350 349 379 380
f 351 350 380 381
f 352 351 381 382
f 353 352 382 383
f 354 353 383 384
f 355 354 384 385
f 356 355 385 386
f 357 356 386 387
f 358 357 387 388
f 359 358 388 389
f 360 359 389 390
f 362 361 391 392
f 363 362 392 393
f 364 363 393 394
f 365 364 394 395
f 366 365 395 396
f 367 366 396 397
f 368 367 397 398
f 369 368 398 399
f 370 369 399 400
f 371 370 400 401
f 372 371 401 402
f 373 372 402 403
f 374 373 403 404
f 375 374 404 405
f 376 375 405 406
f 377 376 406 407
f 378 377 407 408
f 379 378 408 409
f 380 379 409 410
f 381 380 410 411
f 382 381 411 412
f 383 382 412 413
f 384 383 413 414
f 385 384 414 415
f 386 385 415 416
f 387 386 416 417
f 388 387 417 418
f 389 388 418 419
f 390 389 419 420
f 392 391 421 422
f 393 392 422 423
f 394 393 423 424
f 395 394 424 425
f 396 395 425 426
f 397 396 426 427
f 398 397 427 428
f 399 398 428 429
f 400 399 429 430
f 401 400 430 431
f 402 401 431 432
f 403 402 432 433
f 404 403 433 434
f 405 404 434 435
f 406 405 435 436
f 407 406 436 437
f 408 407 437 438
f 409 408 438 439
f 410 409 439 440
f 411 410 440 441
f 412 411 441 442
f 413 412 442 443
f 414 413 443 444
f 415 414 444 445
f 416 415 445 446
f 417 416 446 447
f 418 417 447 448
f 419 418 448 449
f 420 419 449 450
f 422 421 451 452
f 423 422 452 453
f 424 423 453 454
f 425 424 454 455
f 426 425 455 456
f 427 426 456 457
f 428 427 457 458
f 429 428 458 459
f 430 429 459 460
f 431 430 460 461
f 432 431 461 462
f 433 432 462 463
f 434 433 463 464
f 435 434 464 465
f 436 435 465 466
f 437 436 466 467
f 438 437 467 468
f 439 438 468 469
f 440 439 469 470
f 441 440 470 471
f 442 441 471 472
f 443 442 472 473
f 444 443 473 474
f 445 444 474 475
f 446 445 475 476
f 447 446 476 477
f 448 447 477 478
f 449 448 478 479
f 450 449 479 480
f 452 451 481 482
f 453 452 482 483
f 454 453 483 484
f 455 454 484 485
f 456 455 485 486
f 457 456 486 487
f 458 457 487 488
f 459 458 488 489
f 460 459 489 490
f 461 460 490 491
f 462 461 491 492
f 463 462 492 493
f 464 463 493 494
f 465 464 494 495
f 466 465 495 496
f 467 466 496 497
f 468 467 497 498
f 469 468 498 499
f 470 469 499 500
f 471 470 500 501
f 472 471 501 502
f 473 472 502 503
f 474 473 503 504
f 475 474 504 505
f 476 475 505 506
f 477 476 506 507
f 478 477 507 508
f 479 478 508 509
f 480 479 509 510
f 482 481 511 512
f 483 482 512 513
f 484 483 513 514
f 485 484 514 515
f 486 485 515 516
f 487 486 516 517
f 488 487 517 518
f 489 488 518 519
f 490 489 519 520
f 491 490 520 521
f 492 491 521 522
f 493 492 522 523
f 494 493 523 524
f 495 494 524 525
f 496 495 525 526
f 497 496 526 527
f 498 497 527 528
f 499 498 528 529
f 500 499 529 530
f 501 500 530 531
f 502 501 531 532
f 503 502 532 533
f 504 503 533 534
f 505 504 534 535
f 506 505 535 536
f 507 506 536 537
f 508 507 537 538
f 509 508 538 539
f 510 509 539 540
f 512 511 541 542
f 513 512 542 543
f 514 513 543 544
f 515 514 544 545
f 516 515 545 546
f 517 516 546 547
f 518 517 547 548
f 519 518 548 549
f 520 519 549 550
f 521 520 550 551
f 522 521 551 552
f 523 522 552 553
f 524 523 553 554
f 525 524 554 555
f 526 525 555 556
f 527 526 556 557
f 528 527 557 558
f 529 528 558 559
f 530 529 559 560
f 531 530 560 561
f 532 531 561 562
f 533 532 562 563
f 534 533 563 564
f 535 534 564 565
f 536 535 565 566
f 537 536 566 567
f 538 537 567 568
f 539 538 568 569
f 540 539 569 570
f 542 541 571 572
f 543 542 572 573
f 544 543 573 574
f 545 544 574 575
f 546 545 575 576
f 547 546 576 577
f 548 547 577 578
f 549 548 578 579
f 550 549 579 580
f 551 550 580 581
f 552 551 581 582
f 553 552 582 583
f 554 553 583 584
f 555 554 584 585
f 556 555 585 586
f 557 556 586 587
f 558 557 587 588
f 559 558 588 589
f 560 559 589 590
f 561 560 590 591
f 562 561 591 592
f 563 562 592 593
f 564 563 593 594
f 565 564 594 595
f 566 565 595 596
f 567 566 596 597
f 568 567 597 598
f 569 568 598 599
f 570 569 599 600
f 572 571 601 602
f 573 572 602 603
f 574 573 603 604
f 575 574 604 605
f 576 575 605 606
f 577 576 606 607
f 578 577 607 608
f 579 578 608 609
f 580 579 609 610
f 581 580 610 611
f 582 581 611 612
f 583 582 612 613
f 584 583 613 614
f 585 584 614 615
f 586 585 615 616
f 587 586 616 617
f 588 587 617 618
f 589 588 618 619
f 590 589 619 620
f 591 590 620 621
f 592 591 621 622
f 593 592 622 623
f 594 593 623 624
f 595 594 624 625
f 596 595 625 626
f 597 596 626 627
f 598 597 627 628
f 599 598 628 629
f 600 599 629 630
f 602 601 631 632
f 603 602 632 633
f 604 603 633 634
f 605 604 634 635
f 606 605 635 636
f 607 606 636 637
f 608 607 637 638
f 609 608 638 639
f 610 609 639 640
f 611 610 640 641
f 612 611 641 642
f 613 612 642 643
f 614 613 643 644
f 615 614 644 645
f 616 615 645 646
f 617 616 646 647
f 618 617 647 648
f 619 618 648 649
f 620 619 649 650
f 621 620 650 651
f 622 621 651 652
f 623 622 652 653
f 624 623 653 654
f 625 624 654 655
f 626 625 655 656
f 627 626 656 657
f 628 627 657 658
f 629 628 658 659
f 630 629 659 660
f 632 631 661 662
f 633 632 662 663
f 634 633 663 664
f 635 634 664 665
f 636 635 665 666
f 637 636 666 667
f 638 637 667 668
f 639 638 668 669
f 640 639 669 670
f 641 640 670 671
f 642 641 671 672
f 643 642 672 673
f 644 643 673 674
f 645 644 674 675
f 646 645 675 676
f 647 646 676 677
f 648 647 677 678
f 649 648 678 679
f 650 649 679 680
f 651 650 680 681
f 652 651 681 682
f 653 652 682 683
f 654 653 683 684
f 655 654 684 685
f 656 655 685 686
f 657 656 686 687
f 658 657 687 688
f 659 658 688 689
f 660 659 689 690
f 662 661 691 692
f 663 662 692 693
f 664 663 693 694
f 665 664 694 695
f 666 665 695 696
f 667 666 696 697
f 668 667 697 698
f 669 668 698 699
f 670 669 699 700
f 671 670 700 701
f 672 671 701 702
f 673 672 702 703
f 674 673 703 704
f 675 674 704 705
f 676 675 705 706
f 677 676 706 707
f 678 677 707 708
f 679 678 708 709
f 680 679 709 710
f 681 680 710 711
f 682 681 711 712
f 683 682 712 713
f 684 683 713 714
f 685 684 714 715
f 686 685 715 716
f 687 686 716 717
f 688 687 717 718
f 689 688 718 719
f 690 689 719 720
f 692 691 721 722
f 693 692 722 723
f 694 693 723 724
f 695 694 724 725
f 696 695 725 726
f 697 696 726 727
f 698 697 727 728
f 699 698 728 729
f 700 699 729 730
f 701 700 730 731
f 702 701 731 732
f 703 702 732 733
f 704 703 733 734
f 705 704 734 735
f 706 705 735 736
f 707 706 736 737
f 708 707 737 738
f 709 708 738 739
f 710 709 739 740
f 711 710 740 741
f 712 711 741 742
f 713 712 742 743
f 714 713 743 744
f 715 714 744 745
f 716 715 745 746
f 717 716 746 747
f 718 717 747 748
f 719 718 748 749
f 720 719 749 750
f 722 721 751 752
f 723 722 752 753
f 724 723 753 754
f 725 724 754 755
f 726 725 755 756
f 727 726 756 757
f 728 727 757 758
f 729 728 758 759
f 730 729 759 760
f 731 730 760 761
f 732 731 761 762
f 733 732 762 763
f 734 733 763 764
f 735 734 764 765
f 736 735 765 766
f 737 736 766 767
f 738 737 767 768
f 739 738 768 769
f 740 739 769 770
f 741 740 770 771
f 742 741 771 772
f 743 742 772 773
f 744 743 773 774
f 745 744 774 775
f 746 745 775 776
f 747 746 776 777
f 748 747 777 778
f 749 748 778 779
f 750 749 779 780
f 752 751 781 782
f 753 752 782 783
f 754 753 783 784
f 755 754 784 785
f 756 755 785 786
f 757 756 786 787
f 758 757 787 788
f 759 758 788 789
f 760 759 789 790
f 761 760 790 791
f 762 761 791 792
f 763 762 792 793
f 764 763 793 794
f 765 764 794 795
f 766 765 795 796
f 767 766 796 797
f 768 767 797 798
f 769 768 798 799
f 770 769 799 800
f 771 770 800 801
f 772 771 801 802
f 773 772 802 803
f 774 773 803 804
f 775 774 804 805
f 776 775 805 806
f 777 776 806 807
f 778 777 807 808
f 779 778 808 809
f 780 779 809 810
f 782 781 811 812
f 783 782 812 813
f 784 783 813 814
f 785 784 814 815
f 786 785 815 816
f 787 786 816 817
f 788 787 817 818
f 789 788 818 819
f 790 789 819 820
f 791 790 820 821
f 792 791 821 822
f 793 792 822 823
f 794 793 823 824
f 795 794 824 825
f 796 795 825 826
f 797 796 826 827
f 798 797 827 828
f 799 798 828 829
f 800 799 829 830
f 801 800 830 831
f 802 801 831 832
f 803 802 832 833
f 804 803 833 834
f 805 804 834 835
f 806 805 835 836
f 807 806 836 837
f 808 807 837 838
f 809 808 838 839
f 810 809 839 840
f 812 811 841 842
f 813 812 842 843
f 814 813 843 844
f 815 814 844 845
f 816 815 845 846
f 817 816 846 847
f 818 817 847 848
f 819 818 848 849
f 820 819 849 850
f 821 820 850 851
f 822 821 851 852
f 823 822 852 853
f 824 823 853 854
f 825 824 854 855
f 826 825 855 856
f 827 826 856 857
f 828 827 857 858
f 829 828 858 859
f 830 829 859 860
f 831 830 860 861
f 832 831 861 862
f 833 832 862 863
f 834 833 863 864
f 835 834 864 865
f 836 835 865 866
f 837 836 866 867
f 838 837 867 868
f 839 838 868 869
f 840 839 869 870
f 842 841 871 872
f 843 842 872 873
f 844 843 873 874
f 845 844 874 875
f 846 845 875 876
f 847 846 876 877
f 848 847 877 878
f 849 848 878 879
f 850 849 879 880
f 851 850 880 881
f 852 851 881 882
f 853 852 882 883
f 854 853 883 884
f 855 854 884 885
f 856 855 885 886
f 857 856 886 887
f 858 857 887 888
f 859 858 888 889
f 860 859 889 890
f 861 860 890 891
f 862 861 891 892
f 863 862 892 893
f 864 863 893 894
f 865 864 894 895
f 866 865 895 896
f 867 866 896 897
f 868 867 897 898
f 869 868 898 899
f 870 869 899 900
