# Blender v2.79 (sub 0) OBJ File: ''
# www.blender.org
v -5.000000 0.000000 5.000000
v -5.000000 0.000000 3.888889
v -5.000000 0.000000 2.777778
v -5.000000 0.000000 1.666667
v -5.000000 0.000000 0.555556
v -5.000000 0.000000 -0.555556
v -5.000000 0.000000 -1.666667
v -5.000000 0.000000 -2.777778
v -5.000000 0.000000 -3.888889
v -5.000000 0.000000 -5.000000
v -3.888889 0.000000 5.000000
v -3.888889 0.130809 3.888889
v -3.888889 0.606550 2.777778
v -3.888889 0.673500 1.666667
v -3.888889 0.797319 0.555556
v -3.888889 0.857988 -0.555556
v -3.888889 0.944318 -1.666667
v -3.888889 0.807114 -2.777778
v -3.888889 0.193011 -3.888889
v -3.888889 0.000000 -5.000000
v -2.777778 0.000000 5.000000
v -2.777778 0.555704 3.888889
v -2.777778 1.108490 2.777778
v -2.777778 1.580816 1.666667
v -2.777778 2.014431 0.555556
v -2.777778 2.053340 -0.555556
v -2.777778 2.174804 -1.666667
v -2.777778 2.115960 -2.777778
v -2.777778 0.758582 -3.888889
v -2.777778 0.000000 -5.000000
v -1.666667 0.000000 5.000000
v -1.666667 0.867948 3.888889
v -1.666667 1.700210 2.777778
v -1.666667 2.690696 1.666667
v -1.666667 3.257279 0.555556
v -1.666667 3.430414 -0.555556
v -1.666667 2.878423 -1.666667
v -1.666667 2.587592 -2.777778
v -1.666667 1.102043 -3.888889
v -1.666667 0.000000 -5.000000
v -0.555556 0.000000 5.000000
v -0.555556 0.951587 3.888889
v -0.555556 2.423148 2.777778
v -0.555556 3.589247 1.666667
v -0.555556 4.293491 0.555556
v -0.555556 4.324513 -0.555556
v -0.555556 3.808453 -1.666667
v -0.555556 3.092672 -2.777778
v -0.555556 1.491247 -3.888889
v -0.555556 0.000000 -5.000000
v 0.555556 0.000000 5.000000
v 0.555556 1.044939 3.888889
v 0.555556 2.523566 2.777778
v 0.555556 3.906243 1.666667
v 0.555556 4.595562 0.555556
v 0.555556 5.162334 -0.555556
v 0.555556 4.517138 -1.666667
v 0.555556 3.598950 -2.777778
v 0.555556 1.437593 -3.888889
v 0.555556 0.000000 -5.000000
v 1.666667 0.000000 5.000000
v 1.666667 1.009819 3.888889
v 1.666667 2.601629 2.777778
v 1.666667 4.300538 1.666667
v 1.666667 5.399282 0.555556
v 1.666667 5.254037 -0.555556
v 1.666667 5.057830 -1.666667
v 1.666667 3.798805 -2.777778
v 1.666667 1.633871 -3.888889
v 1.666667 0.000000 -5.000000
v 2.777778 0.000000 5.000000
v 2.777778 0.806865 3.888889
v 2.777778 2.264556 2.777778
v 2.777778 3.347683 1.666667
v 2.777778 4.628267 0.555556
v 2.777778 4.358540 -0.555556
v 2.777778 4.084038 -1.666667
v 2.777778 3.166448 -2.777778
v 2.777778 1.184315 -3.888889
v 2.777778 0.000000 -5.000000
v 3.888889 0.000000 5.000000
v 3.888889 0.220457 3.888889
v 3.888889 1.210306 2.777778
v 3.888889 1.621691 1.666667
v 3.888889 1.942155 0.555556
v 3.888889 2.030217 -0.555556
v 3.888889 1.761805 -1.666667
v 3.888889 1.235829 -2.777778
v 3.888889 0.260478 -3.888889
v 3.888889 0.000000 -5.000000
v 5.000000 0.000000 5.000000
v 5.000000 0.000000 3.888889
v 5.000000 0.000000 2.777778
v 5.000000 0.000000 1.666667
v 5.000000 0.000000 0.555556
v 5.000000 0.000000 -0.555556
v 5.000000 0.000000 -1.666667
v 5.000000 0.000000 -2.777778
v 5.000000 0.000000 -3.888889
v 5.000000 0.000000 -5.000000
s 1
f 2 1 11 12
f 3 2 12 13
f 4 3 13 14
f 5 4 14 15
f 6 5 15 16
f 7 6 16 17
f 8 7 17 18
f 9 8 18 19
f 10 9 19 20
f 12 11 21 22
f 13 12 22 23
f 14 13 23 24
f 15 14 24 25
f 16 15 25 26
f 17 16 26 27
f 18 17 27 28
f 19 18 28 29
f 20 19 29 30
f 22 21 31 32
f 23 22 32 33
f 24 23 33 34
f 25 24 34 35
f 26 25 35 36
f 27 26 36 37
f 28 27 37 38
f 29 28 38 39
f 30 29 39 40
f 32 31 41 42
f 33 32 42 43
f 34 33 43 44
f 35 34 44 45
f 36 35 45 46
f 37 36 46 47
f 38 37 47 48
f 39 38 48 49
f 40 39 49 50
f 42 41 51 52
f 43 42 52 53
f 44 43 53 54
f 45 44 54 55
f 46 45 55 56
f 47 46 56 57
f 48 47 57 58
f 49 48 58 59
f 50 49 59 60
f 52 51 61 62
f 53 52 62 63
f 54 53 63 64
f 55 54 64 65
f 56 55 65 66
f 57 56 66 67
f 58 57 67 68
f 59 58 68 69
f 60 59 69 70
f 62 61 71 72
f 63 62 72 73
f 64 63 73 74
f 65 64 74 75
f 66 65 75 76
f 67 66 76 77
f 68 67 77 78
f 69 68 78 79
f 70 69 79 80
f 72 71 81 82
f 73 72 82 83
f 74 73 83 84
f 75 74 84 85
f 76 75 85 86
f 77 76 86 87
f 78 77 87 88
f 79 78 88 89
f 80 79 89 90
f 82 81 91 92
f 83 82 92 93
f 84 83 93 94
f 85 84 94 95
f 86 85 95 96
f 87 86 96 97
f 88 87 97 98
f 89 88 98 99
f 90 89 99 100
