mountain 20 0.25 20 12 10
mountain 20 0.25 20.0433189448253 1 10
mountain 20 0.25 20.541554321216 1 10
mountain 20 0.25 20 1 10
mountain 20 0.25 20 2 10
mountain 20 0.25 20 1 10
mountain 20 0.25 20 1 10
mountain 20 0.25 21.3161507894147 1 10
mountain 20 0.25 21.6440440131606 1 10
mountain 20 0.25 20.0433189448253 1 10
mountain 20 0.25 20 1 10
mountain 20 0.25 20.9305005778848 1 10
mountain 20 0.25 21.0687604636317 1 10
mountain 20 0.25 20 2 10
mountain 20 0.25 20 1 10
mountain 20 0.25 20 1 10
mountain 20 0.25 20 1 10
mountain 20 0.25 20 2 10
mountain 20 0.25 20.0433189448253 1 10
mountain 20 0.25 20 1 10
mountain 20 0.25 21.2220443510215 1 10
mountain 20 0.25 20.9273588007061 2 10
mountain 20 0.25 21.4627966273284 2 10
mountain 20 0.25 20.0433189448253 1 10
mountain 20 0.25 20 1 10
mountain 20 0.25 21.2376702220345 1 10
mountain 20 0.25 20 2 10
mountain 20 0.25 21.6010565130753 1 10
mountain 20 0.25 20 1 10
mountain 20 0.25 20 1 10
mountain 20 0.25 20 2 10
mountain 20 0.25 21.0465984730109 1 10
mountain 20 0.25 20.0012334669509 2 10
mountain 20 0.25 21.0817673827007 4 10
mountain 20 0.25 20 2 10
mountain 20 0.25 21.6880761161199 3 10
mountain 20 0.25 20 3 10
mountain 20 0.25 21.2159582196393 3 10
mountain 20 0.25 21.3374446728026 3 10
mountain 20 0.25 20.2263691511898 3 10
mountain 20 0.25 22.081000591434 2 10
mountain 20 0.25 20 2 10
mountain 20 0.25 20.4565469766331 2 10
mountain 20 0.25 20.0012334669509 2 10
mountain 20 0.25 20 2 10
mountain 20 0.25 22.4790898969622 2 10
mountain 20 0.25 20 2 10
mountain 20 0.25 20 2 10
mountain 20 0.25 20 2 10
mountain 20 0.25 20.2316306942159 2 10
mountain 20 0.25 20.0012334669509 3 10
mountain 20 0.25 20 2 10
mountain 20 0.25 20 2 10
mountain 20 0.25 20.6510260411212 3 10
mountain 20 0.25 21.3540201593825 2 10
mountain 20 0.25 20 2 10
mountain 20 0.25 20.0012334669509 3 10
mountain 20 0.25 20.0012334669509 2 10
mountain 20 0.25 20 3 10
mountain 20 0.25 20 4 10
mountain 20 0.25 21.4624388466012 4 10
mountain 20 0.25 20 2 10
mountain 20 0.25 20.4378532084226 2 10
mountain 20 0.25 20 2 10
mountain 20 0.25 20 3 10
mountain 20 0.25 21.0955087520452 3 10
mountain 20 0.25 22.4458197112176 2 10
mountain 20 0.25 20.1050171722411 4 10
mountain 20 0.25 20.4378532084226 3 10
mountain 20 0.25 21.4421787109043 5 10
mountain 20 0.25 22.5185534093474 3 10
mountain 20 0.25 20.7725441097272 3 10
mountain 20 0.25 20 2 10
mountain 20 0.25 20.2700686743237 3 10
mountain 20 0.25 20.4897133606171 3 10
mountain 20 0.25 20 3 10
mountain 20 0.25 20 3 10
mountain 20 0.25 21.4094455770037 3 10
mountain 20 0.25 20 3 10
mountain 20 0.25 20 3 10
mountain 20 0.25 20.1050171722411 3 10
mountain 20 0.25 22.4458197112176 2 10
mountain 20 0.25 20 2 10
mountain 20 0.25 21.8883038432821 4 10
mountain 20 0.25 20 4 10
mountain 20 0.25 21.4094455770037 3 10
mountain 20 0.25 21.0955087520452 6 10
mountain 20 0.25 20.2605626342111 3 10
mountain 20 0.25 20 4 10
mountain 20 0.25 20 3 10
mountain 20 0.25 20.1923403213688 3 10
mountain 20 0.25 20.554717618793 4 10
mountain 20 0.25 20.0128764798888 5 10
mountain 20 0.25 20.2965696078843 3 10
mountain 20 0.25 22.1125459261983 3 10
mountain 20 0.25 20 4 10
mountain 20 0.25 22.1125459261983 4 10
mountain 20 0.25 20.3227671983922 3 10
mountain 20 0.25 20.5507175197236 3 10
mountain 20 0.25 20.5893152509426 5 10
mountain 20 0.25 20.0128764798888 4 10
mountain 20 0.25 20.0128764798888 4 10
mountain 20 0.25 20 4 10
mountain 20 0.25 20.791237061903 8 10
mountain 20 0.25 20 3 10
mountain 20 0.25 20.0930174763824 4 10
mountain 20 0.25 20.442121268925 3 10
mountain 20 0.25 22.4756102632313 3 10
mountain 20 0.25 21.8895649596644 5 10
mountain 20 0.25 20.5273787275281 3 10
mountain 20 0.25 21.9817032755731 4 10
mountain 20 0.25 20 4 10
mountain 20 0.25 20 3 10
mountain 20 0.25 21.7945975894009 6 10
mountain 20 0.25 22.3663550889994 5 10
mountain 20 0.25 20.3483602389439 3 10
mountain 20 0.25 20.0128764798888 4 10
mountain 20 0.25 20 3 10
mountain 20 0.25 20 4 10
mountain 20 0.25 20.791237061903 3 10
mountain 20 0.25 20 5 10
mountain 20 0.25 21.2044597656926 4 10
mountain 20 0.25 20.437832615906 4 10
mountain 20 0.25 20.214446623249 5 10
mountain 20 0.25 22.3713411338498 4 10
mountain 20 0.25 20.3443255901925 4 10
mountain 20 0.25 20.2069061918171 6 10
mountain 20 0.25 20.214446623249 5 10
mountain 20 0.25 20 7 10
mountain 20 0.25 20.2091236983766 5 10
mountain 20 0.25 21.4833251790291 4 10
mountain 20 0.25 22.3030459220381 5 10
mountain 20 0.25 20 5 10
mountain 20 0.25 20.244304561132 4 10
mountain 20 0.25 20.0002353281243 4 10
mountain 20 0.25 20 4 10
mountain 20 0.25 20 5 10
mountain 20 0.25 20.2069061918171 6 10
mountain 20 0.25 20 8 10
mountain 20 0.25 20.394776606619 5 10
mountain 20 0.25 20.0002353281243 5 10
mountain 20 0.25 22.054614542736 6 10
mountain 20 0.25 21.0975056154635 5 10
mountain 20 0.25 20.214446623249 6 10
mountain 20 0.25 20 6 10
mountain 20 0.25 22.3833649907091 7 10
mountain 20 0.25 20 4 10
mountain 20 0.25 20.1757800360683 8 10
mountain 20 0.25 20.0002353281243 5 10
mountain 20 0.25 21.3437143362329 5 10
mountain 20 0.25 22.4287363541689 7 10
mountain 20 0.25 21.7395077165581 8 10
mountain 20 0.25 22.5573668117608 8 10
mountain 20 0.25 20 7 10
mountain 20 0.25 20.8838858715704 6 10
mountain 20 0.25 20.2244885010804 8 10
mountain 20 0.25 21.6188387473874 7 10
mountain 20 0.25 20.583415788135 4 10
mountain 20 0.25 20.1418701947442 6 10
mountain 20 0.25 22.3061110877961 8 10
mountain 20 0.25 20 6 10
mountain 20 0.25 21.4911451025542 4 10
mountain 20 0.25 20.1073849121741 6 10
mountain 20 0.25 20.2745914821392 7 10
mountain 20 0.25 20.8871287416645 6 10
mountain 20 0.25 20 5 10
mountain 20 0.25 20 7 10
mountain 20 0.25 21.8172187855079 6 10
mountain 20 0.25 20.0565963454156 5 10
mountain 20 0.25 20 5 10
mountain 20 0.25 22.4194841535804 10 10
mountain 20 0.25 20.1418701947442 5 10
mountain 20 0.25 20 4 10
mountain 20 0.25 21.6188387473874 10 10
mountain 20 0.25 22.0584248033829 7 10
mountain 20 0.25 20 5 10
mountain 20 0.25 20.1418701947442 5 10
mountain 20 0.25 21.4871846153185 5 10
mountain 20 0.25 20 6 10
mountain 20 0.25 20.3190212793407 6 10
mountain 20 0.25 20.7904874494387 5 10
mountain 20 0.25 21.1893746998575 7 10
mountain 20 0.25 20.9427629730555 5 10
mountain 20 0.25 20.610727884058 4 10
mountain 20 0.25 21.1683687528277 4 10
mountain 20 0.25 20 5 10
mountain 20 0.25 21.6150500754724 4 10
mountain 20 0.25 22.021757072544 4 10
mountain 20 0.25 21.0225988513345 7 10
mountain 20 0.25 21.1781815314728 6 10
mountain 20 0.25 20 6 10
mountain 20 0.25 21.2415540945188 7 10
mountain 20 0.25 20.7425903968475 6 10
mountain 20 0.25 21.7009709740809 6 10
mountain 20 0.25 20 6 10
mountain 20 0.25 22.5252215425566 8 10
mountain 20 0.25 20.1043788397852 7 10
mountain 20 0.25 21.8086032602786 8 10
mountain 20 0.25 20.1043788397852 4 10
mountain 20 0.25 20 5 10
mountain 20 0.25 22.4199271316086 5 10
mountain 20 0.25 20.4461649820157 5 10
mountain 20 0.25 20 6 10
mountain 20 0.25 21.0694912847981 6 10
mountain 20 0.25 20.1973785528616 5 10
mountain 20 0.25 20.2965135656007 5 10
mountain 20 0.25 20.1043788397852 6 10
mountain 20 0.25 20 4 10
mountain 20 0.25 20.0893158817669 8 10
mountain 20 0.25 20.6316099073465 6 10
mountain 20 0.25 20.0433189448253 14 10
mountain 20 0.25 20 1 10
mountain 20 0.25 20 1 10
mountain 20 0.25 20.0332787430209 1 10
mountain 20 0.25 20 1 10
mountain 20 0.25 20 1 10
mountain 20 0.25 20 1 10
mountain 20 0.25 21.0687604636317 1 10
mountain 20 0.25 20 2 10
mountain 20 0.25 20.0433189448253 1 10
mountain 20 0.25 20 1 10
mountain 20 0.25 20 1 10
mountain 20 0.25 21.0687604636317 1 10
mountain 20 0.25 20.0433189448253 1 10
mountain 20 0.25 21.0687604636317 1 10
mountain 20 0.25 20 1 10
mountain 20 0.25 21.0687604636317 1 10
mountain 20 0.25 20 1 10
mountain 20 0.25 20.0433189448253 1 10
mountain 20 0.25 20 1 10
mountain 20 0.25 20.9305005778848 1 10
mountain 20 0.25 20 1 10
mountain 20 0.25 21.487193627819 1 10
mountain 20 0.25 21.3161507894147 1 10
mountain 20 0.25 22.221164638165 1 10
mountain 20 0.25 20.7403836070538 1 10
mountain 20 0.25 20 1 10
mountain 20 0.25 20 1 10
mountain 20 0.25 20 1 10
mountain 20 0.25 20 1 10
mountain 20 0.25 20 2 10
mountain 20 0.25 21.7998177197751 2 10
mountain 20 0.25 21.5187163694915 2 10
mountain 20 0.25 20.8414534389621 2 10
mountain 20 0.25 20.0012334669509 2 10
mountain 20 0.25 20.0012334669509 2 10
mountain 20 0.25 20 1 10
mountain 20 0.25 20.0012334669509 1 10
mountain 20 0.25 21.0678877218993 1 10
mountain 20 0.25 20 2 10
mountain 20 0.25 20 1 10
mountain 20 0.25 21.2009020008262 3 10
mountain 20 0.25 20 2 10
mountain 20 0.25 20 3 10
mountain 20 0.25 20.635969822308 3 10
mountain 20 0.25 20 3 10
mountain 20 0.25 20.0012334669509 2 10
mountain 20 0.25 20 2 10
mountain 20 0.25 20 2 10
mountain 20 0.25 20.0012334669509 2 10
mountain 20 0.25 20 3 10
mountain 20 0.25 20.4565469766331 2 10
mountain 20 0.25 20.0012334669509 2 10
mountain 20 0.25 20.4565469766331 2 10
mountain 20 0.25 20.9580054607483 3 10
mountain 20 0.25 20 2 10
mountain 20 0.25 21.8160642471268 2 10
mountain 20 0.25 22.2448348040874 1 10
mountain 20 0.25 20.3753855670149 2 10
mountain 20 0.25 20.0012334669509 2 10
mountain 20 0.25 22.4074546144896 2 10
mountain 20 0.25 20 2 10
mountain 20 0.25 20 2 10
mountain 20 0.25 20.4897133606171 3 10
mountain 20 0.25 20 3 10
mountain 20 0.25 20 2 10
mountain 20 0.25 20 2 10
mountain 20 0.25 20.5648055273713 2 10
mountain 20 0.25 20 1 10
mountain 20 0.25 20 3 10
mountain 20 0.25 20 2 10
mountain 20 0.25 20 3 10
mountain 20 0.25 22.2276464895315 2 10
mountain 20 0.25 21.4450430365589 2 10
mountain 20 0.25 20 2 10
mountain 20 0.25 20 2 10
mountain 20 0.25 20.7206839575327 2 10
mountain 20 0.25 20.7988146507669 2 10
mountain 20 0.25 20 2 10
mountain 20 0.25 22.5096828269756 2 10
mountain 20 0.25 20.1050171722411 2 10
mountain 20 0.25 21.3837095277794 2 10
mountain 20 0.25 20.8334913005015 3 10
mountain 20 0.25 21.7401043746635 3 10
mountain 20 0.25 20.1050171722411 3 10
mountain 20 0.25 20 3 10
mountain 20 0.25 20.7725441097272 2 10
mountain 20 0.25 21.6891738037536 2 10
mountain 20 0.25 20.3533112517651 2 10
mountain 20 0.25 20 2 10
mountain 20 0.25 20.9452295909665 3 10
mountain 20 0.25 20.5960103489463 2 10
mountain 20 0.25 22.1212528359663 3 10
mountain 20 0.25 21.907783870397 2 10
mountain 20 0.25 20 3 10
mountain 20 0.25 21.0466455080072 2 10
mountain 20 0.25 20.296569613413 2 10
mountain 20 0.25 20 2 10
mountain 20 0.25 20.8934713045705 3 10
mountain 20 0.25 21.8914538736252 2 10
mountain 20 0.25 20 3 10
mountain 20 0.25 20.8430276874339 4 10
mountain 20 0.25 20.533793369364 4 10
mountain 20 0.25 20.124935864185 1 10
mountain 20 0.25 20 3 10
mountain 20 0.25 21.8119742119002 3 10
mountain 20 0.25 22.3041568342023 2 10
mountain 20 0.25 22.0026891356062 3 10
mountain 20 0.25 20 2 10
mountain 20 0.25 20.5216009306499 4 10
mountain 20 0.25 20.3312768407107 3 10
mountain 20 0.25 22.0061417213414 3 10
mountain 20 0.25 20.0128764798888 3 10
mountain 20 0.25 20.676834586764 3 10
mountain 20 0.25 20 3 10
mountain 20 0.25 20 3 10
mountain 20 0.25 21.01626837914 3 10
mountain 20 0.25 20 4 10
mountain 20 0.25 20.3483602389439 2 10
mountain 20 0.25 20 3 10
mountain 20 0.25 20 5 10
mountain 20 0.25 20 3 10
mountain 20 0.25 21.3321676830631 4 10
mountain 20 0.25 20 5 10
mountain 20 0.25 22.3833649907091 5 10
mountain 20 0.25 21.7057885426895 5 10
mountain 20 0.25 22.2181634917779 6 10
mountain 20 0.25 20 3 10
mountain 20 0.25 20 6 10
mountain 20 0.25 20.214446623249 6 10
mountain 20 0.25 21.391185581138 5 10
mountain 20 0.25 20.9257959864281 6 10
mountain 20 0.25 21.4110745163355 5 10
mountain 20 0.25 21.2181092844365 5 10
mountain 20 0.25 21.3469387908156 4 10
mountain 20 0.25 20.2069061918171 4 10
mountain 20 0.25 22.5019367772256 5 10
mountain 20 0.25 20.2670314845561 4 10
mountain 20 0.25 20.1757800360683 5 10
mountain 20 0.25 20.0002353281243 5 10
mountain 20 0.25 20.0361050604671 3 10
mountain 20 0.25 21.5965135386756 4 10
mountain 20 0.25 21.0433274259734 5 10
mountain 20 0.25 22.153266812124 11 10
mountain 20 0.25 21.2577895033816 6 10
mountain 20 0.25 20.0002353281243 7 10
mountain 20 0.25 20 4 10
mountain 20 0.25 21.2181092844365 6 10
mountain 20 0.25 20 3 10
mountain 20 0.25 20.437832615906 5 10
mountain 20 0.25 20 7 10
mountain 20 0.25 22.6952369621876 8 10
mountain 20 0.25 22.3406944239701 6 10
mountain 20 0.25 21.7395077165581 5 10
mountain 20 0.25 20.1418701947442 5 10
mountain 20 0.25 21.4201393089636 5 10
mountain 20 0.25 20.3136336276549 6 10
mountain 20 0.25 22.5573668117608 7 10
mountain 20 0.25 21.7300590700281 6 10
mountain 20 0.25 20.8440464639064 6 10
mountain 20 0.25 20 7 10
mountain 20 0.25 20.3136336276549 5 10
mountain 20 0.25 20 7 10
mountain 20 0.25 20.3357088237211 4 10
mountain 20 0.25 22.3406944239701 5 10
mountain 20 0.25 20.4030180731397 4 10
mountain 20 0.25 20 5 10
mountain 20 0.25 20 5 10
mountain 20 0.25 20.0565963454156 7 10
mountain 20 0.25 21.0575967777037 5 10
mountain 20 0.25 20 6 10
mountain 20 0.25 20 4 10
mountain 20 0.25 22.3406944239701 8 10
mountain 20 0.25 20.3190212793407 6 10
mountain 20 0.25 20 6 10
mountain 20 0.25 21.7282804277036 5 10
mountain 20 0.25 20 6 10
mountain 20 0.25 20.1418701947442 10 10
mountain 20 0.25 21.9758680156159 8 10
mountain 20 0.25 21.3511202578968 6 10
mountain 20 0.25 22.3415129779657 7 10
mountain 20 0.25 20.0088912415638 6 10
mountain 20 0.25 20.7904874494387 6 10
mountain 20 0.25 21.778877440211 6 10
mountain 20 0.25 22.8365627078841 5 10
mountain 20 0.25 20.2965135656007 8 10
mountain 20 0.25 20 6 10
mountain 20 0.25 20 6 10
mountain 20 0.25 21.1893746998575 5 10
mountain 20 0.25 20.2190177736268 5 10
mountain 20 0.25 20.1942753747641 5 10
mountain 20 0.25 20 6 10
mountain 20 0.25 22.13588501821 5 10
mountain 20 0.25 20 5 10
mountain 20 0.25 21.8868259645271 5 10
mountain 20 0.25 20 4 10
mountain 20 0.25 20 4 10
mountain 20 0.25 20.2802103184846 4 10
mountain 20 0.25 22.5237613608387 7 10
mountain 20 0.25 20.1891268776764 7 10
mountain 20 0.25 21.8086191386654 6 10
mountain 20 0.25 20.287872760867 6 10
mountain 20 0.25 22.2066541151297 3 10
mountain 20 0.25 21.778877440211 6 10
mountain 20 0.25 20 6 10
mountain 20 0.25 22.4398352123287 5 10
mountain 20 0.25 22.3832704699366 4 10
mountain 20 0.25 22.13588501821 4 10
mountain 20 0.25 21.4646351921893 4 10
mountain 20 0.25 20.116355717606 7 10
mountain 20 0.25 20.8049959645039 7 10
mountain 20 0.25 20 6 10
mountain 20 0.25 21.1194965606187 8 10
mountain 20 0.25 20.0004948507778 5 10
mountain 20 0.25 20 8 10
mountain 20 0.25 22.2587187637207 7 10
mountain 20 0.25 23.2112698748266 9 10
mountain 20 0.25 20.8049959645039 11 10
mountain 20 0.25 20.0766326418867 7 10
mountain 20 0.25 20 6 10
mountain 20 0.25 21.2520680555506 6 10
mountain 20 0.25 20.1275699393813 6 10
mountain 20 0.25 20.213675702796 7 10
mountain 20 0.25 20.1260700057776 6 10
mountain 20 0.25 20.1275699393813 7 10
mountain 20 0.25 21.0954823105661 10 10
mountain 20 0.25 20.0766326838042 8 10
mountain 20 0.25 20 5 10
mountain 20 0.25 20 4 10
mountain 20 0.25 20.1973642566177 5 10
mountain 20 0.25 21.8772162466219 8 10
mountain 20 0.25 20.3064635891727 8 10
mountain 20 0.25 20.0766326418867 8 10
mountain 20 0.25 20.0004948507778 8 10
mountain 20 0.25 22.2028050749699 7 10
mountain 20 0.25 22.4233437639226 6 10
mountain 20 0.25 22.2876805075219 6 10
mountain 20 0.25 20.9811609698934 7 10
mountain 20 0.25 20 7 10
mountain 20 0.25 22.9044169837381 7 10
mountain 20 0.25 20 5 10
mountain 20 0.25 20.0433189448253 15 10
mountain 20 0.25 21.3161507894147 1 10
mountain 20 0.25 20 1 10
mountain 20 0.25 20 1 10
mountain 20 0.25 21.0687604636317 1 10
mountain 20 0.25 21.0687604636317 1 10
mountain 20 0.25 20.0433189448253 1 10
mountain 20 0.25 20 2 10
mountain 20 0.25 20 1 10
mountain 20 0.25 20.0433189448253 1 10
mountain 20 0.25 21.0687604636317 1 10
mountain 20 0.25 20 1 10
mountain 20 0.25 20 1 10
mountain 20 0.25 20.0433189448253 1 10
mountain 20 0.25 20 1 10
mountain 20 0.25 20 1 10
mountain 20 0.25 20 2 10
mountain 20 0.25 20.5756149942689 1 10
mountain 20 0.25 20 2 10
mountain 20 0.25 20 1 10
mountain 20 0.25 20.0332787430209 1 10
mountain 20 0.25 20.0433189448253 2 10
mountain 20 0.25 20.9305005778848 2 10
mountain 20 0.25 20 2 10
mountain 20 0.25 21.5879852751025 2 10
mountain 20 0.25 20.3835576309294 1 10
mountain 20 0.25 21.5669958400223 1 10
mountain 20 0.25 20 1 10
mountain 20 0.25 21.3161507894147 1 10
mountain 20 0.25 20 2 10
mountain 20 0.25 21.5795022245493 1 10
mountain 20 0.25 20.0012334669509 2 10
mountain 20 0.25 20 3 10
mountain 20 0.25 20.3205224494108 2 10
mountain 20 0.25 20 1 10
mountain 20 0.25 20 1 10
mountain 20 0.25 20.7023281706464 2 10
mountain 20 0.25 20 2 10
mountain 20 0.25 21.0678877218993 3 10
mountain 20 0.25 20.4869278375188 2 10
mountain 20 0.25 20.7023281706464 1 10
mountain 20 0.25 20.3957288978182 3 10
mountain 20 0.25 20.4565469766331 2 10
mountain 20 0.25 20.635969822308 3 10
mountain 20 0.25 20 2 10
mountain 20 0.25 20.4565469766331 3 10
mountain 20 0.25 21.2439928701645 2 10
mountain 20 0.25 20.0012334669509 1 10
mountain 20 0.25 20 3 10
mountain 20 0.25 22.1774094874443 2 10
mountain 20 0.25 20.635969822308 1 10
mountain 20 0.25 20.0012334669509 2 10
mountain 20 0.25 20 2 10
mountain 20 0.25 20.0012334669509 2 10
mountain 20 0.25 21.0817673827007 2 10
mountain 20 0.25 20.0012334669509 2 10
mountain 20 0.25 20.0012334669509 2 10
mountain 20 0.25 20.4565469766331 2 10
mountain 20 0.25 21.2009020008262 1 10
mountain 20 0.25 21.2009020008262 1 10
mountain 20 0.25 21.0955087520452 2 10
mountain 20 0.25 20 2 10
mountain 20 0.25 21.7401043746635 3 10
mountain 20 0.25 20.1050171722411 4 10
mountain 20 0.25 20.2022291390859 2 10
mountain 20 0.25 21.1799662807048 2 10
mountain 20 0.25 20.3074355327643 2 10
mountain 20 0.25 20.0821647635845 4 10
mountain 20 0.25 20.5338307371009 3 10
mountain 20 0.25 20 2 10
mountain 20 0.25 20 2 10
mountain 20 0.25 20 3 10
mountain 20 0.25 21.4094455770037 2 10
mountain 20 0.25 20 3 10
mountain 20 0.25 20 2 10
mountain 20 0.25 20.688107223482 2 10
mountain 20 0.25 20 4 10
mountain 20 0.25 20.7206839575327 2 10
mountain 20 0.25 20.3074355327643 2 10
mountain 20 0.25 20 2 10
mountain 20 0.25 20 3 10
mountain 20 0.25 20 4 10
mountain 20 0.25 20.1050171722411 3 10
mountain 20 0.25 21.3272975490198 3 10
mountain 20 0.25 20.3533112976363 3 10
mountain 20 0.25 20 2 10
mountain 20 0.25 21.5949417092225 2 10
mountain 20 0.25 21.6206267635845 4 10
mountain 20 0.25 20.1050171722411 2 10
mountain 20 0.25 20 2 10
mountain 20 0.25 22.0061417213414 4 10
mountain 20 0.25 21.7260589594211 3 10
mountain 20 0.25 20.5164924877466 3 10
mountain 20 0.25 20.4681147842465 5 10
mountain 20 0.25 20.6118503325979 4 10
mountain 20 0.25 20 4 10
mountain 20 0.25 20.8430276874339 4 10
mountain 20 0.25 20 5 10
mountain 20 0.25 20 4 10
mountain 20 0.25 20.0128764798888 3 10
mountain 20 0.25 20 5 10
mountain 20 0.25 22.1125459261983 4 10
mountain 20 0.25 20.7912370563743 4 10
mountain 20 0.25 20 5 10
mountain 20 0.25 21.8584361244478 4 10
mountain 20 0.25 20 4 10
mountain 20 0.25 20 6 10
mountain 20 0.25 21.8154267976355 5 10
mountain 20 0.25 20 3 10
mountain 20 0.25 20.0128764798888 5 10
mountain 20 0.25 20.302984255249 3 10
mountain 20 0.25 20.554717618793 4 10
mountain 20 0.25 22.5460433685407 4 10
mountain 20 0.25 20 4 10
mountain 20 0.25 20.4455738546602 4 10
mountain 20 0.25 20.2202976325239 3 10
mountain 20 0.25 20.0128764798888 8 10
mountain 20 0.25 20.0128764798888 15 10
mountain 20 0.25 20 4 10
mountain 20 0.25 20.3483602389439 3 10
mountain 20 0.25 22.547997910503 19 10
mountain 20 0.25 20.3442048434183 31 10
mountain 20 0.25 21.4111383690048 6 10
mountain 20 0.25 21.078752328375 5 10
mountain 20 0.25 20.0964724866683 5 10
mountain 20 0.25 20.4567187228527 4 10
mountain 20 0.25 20 6 10
mountain 20 0.25 20.1342361224898 5 10
mountain 20 0.25 20 4 10
mountain 20 0.25 20 6 10
mountain 20 0.25 20.0002353281243 7 10
mountain 20 0.25 22.3126747129818 4 10
mountain 20 0.25 22.4350765921242 5 10
mountain 20 0.25 22.0151332160919 4 10
mountain 20 0.25 22.0976365645005 5 10
mountain 20 0.25 20 4 10
mountain 20 0.25 20.2069061919179 4 10
mountain 20 0.25 20.214446623249 5 10
mountain 20 0.25 21.7378141135974 3 10
mountain 20 0.25 20 4 10
mountain 20 0.25 20.0002353281243 5 10
mountain 20 0.25 20.2965044518155 4 10
mountain 20 0.25 20 3 10
mountain 20 0.25 20.214446623249 4 10
mountain 20 0.25 20.0002353281243 5 10
mountain 20 0.25 21.4110745163355 4 10
mountain 20 0.25 20.0002353281243 5 10
mountain 20 0.25 21.0433274259734 3 10
mountain 20 0.25 20.0002353281243 5 10
mountain 20 0.25 20.214446623249 4 10
mountain 20 0.25 20.583415788135 4 10
mountain 20 0.25 20 4 10
mountain 20 0.25 20.1418701947442 3 10
mountain 20 0.25 20.8963624064889 3 10
mountain 20 0.25 20.0666145467022 3 10
mountain 20 0.25 20.8440464639064 5 10
mountain 20 0.25 20.132948157984 5 10
mountain 20 0.25 20 4 10
mountain 20 0.25 20.0064933643568 5 10
mountain 20 0.25 22.3745002309925 4 10
mountain 20 0.25 22.0137458680735 6 10
mountain 20 0.25 20.1418701947442 4 10
mountain 20 0.25 20 4 10
mountain 20 0.25 20.2130683830872 5 10
mountain 20 0.25 21.6253032167867 5 10
mountain 20 0.25 20.1856176387937 5 10
mountain 20 0.25 20.583415788135 7 10
mountain 20 0.25 21.7300590700281 6 10
mountain 20 0.25 20.1418701947442 3 10
mountain 20 0.25 22.4676340650235 4 10
mountain 20 0.25 20 4 10
mountain 20 0.25 20 4 10
mountain 20 0.25 20 4 10
mountain 20 0.25 20 4 10
mountain 20 0.25 20 4 10
mountain 20 0.25 21.6527623719669 6 10
mountain 20 0.25 22.647066981328 5 10
mountain 20 0.25 21.5665228048049 4 10
mountain 20 0.25 20.1919731758029 4 10
mountain 20 0.25 22.4442679554626 4 10
mountain 20 0.25 20.929651906937 7 10
mountain 20 0.25 20.5687623789341 4 10
mountain 20 0.25 20.8257420926712 5 10
mountain 20 0.25 20.0216060988268 6 10
mountain 20 0.25 20.7311826990482 4 10
mountain 20 0.25 22.7524529270839 5 10
mountain 20 0.25 20.7904874494387 8 10
mountain 20 0.25 20.1804203301823 6 10
mountain 20 0.25 20 4 10
mountain 20 0.25 22.9648398205805 6 10
