mountain 100 180 20 15 3 2 0 0.5 0.7 2 6 1 18 19 21.6 86.87 20 0.25 20.0433189448253 15 10
mountain 100 180 20 15 3 2 0 0.5 0.7 2 1 0 42 47 25.09 89.9 20 0.25 21.3161507894147 1 10
mountain 100 180 20 15 3 2 0 0.5 0.7 2 1 0 58 67 27.44 92.93 20 0.25 20 1 10
mountain 100 180 20 15 3 2 0 0.5 0.7 1 1 0 64 77 20.58 80.81 20 0.25 20 1 10
mountain 100 180 20 15 3 2 0 0.5 0.7 2 1 0 75 93 24.83 53.54 20 0.25 21.0687604636317 1 10
mountain 100 180 20 15 3 2 0 0.5 0.7 1 0 0 75 93 21.6 43.43 20 0.25 21.0687604636317 1 10
mountain 100 180 20 15 3 2 0 0.5 0.7 1 0 0 85 113 23.29 56.57 20 0.25 20.0433189448253 1 10
mountain 100 180 20 15 3 2 0 0.5 0.7 1 0 0 86 117 22.24 85.86 20 0.25 20 2 10
mountain 100 180 20 15 3 2 0 0.5 0.7 2 1 0 88 122 23.63 77.78 20 0.25 20 1 10
mountain 100 180 20 15 3 2 0 0.5 0.7 2 1 0 92 134 24.44 77.78 20 0.25 20.0433189448253 1 10
mountain 100 180 20 15 3 2 0 0.5 0.7 2 0 0 93 139 23.61 94.95 20 0.25 21.0687604636317 1 10
mountain 100 180 20 15 3 2 0 0.5 0.7 2 1 0 96 144 27.87 67.68 20 0.25 20 1 10
mountain 100 180 20 15 3 2 0 0.5 0.7 1 0 0 96 144 21.22 90.91 20 0.25 20 1 10
mountain 100 180 20 15 3 2 0 0.5 0.7 2 1 0 96 145 20.74 63.64 20 0.25 20.0433189448253 1 10
mountain 100 180 20 15 3 2 0 0.5 0.7 2 1 1 97 152 29.2 56.57 20 0.25 20 1 10
mountain 100 180 20 15 3 2 0 0.5 0.7 1 0 0 97 152 20 85.86 20 0.25 20 1 10
mountain 100 180 20 15 3 2 0 0.5 0.7 2 1 0 97 152 23.23 74.75 20 0.25 20 2 10
mountain 100 180 20 15 3 2 0 0.5 0.7 1 0 0 97 152 22.96 80.81 20 0.25 20.5756149942689 1 10
mountain 100 180 20 15 3 2 0 0.5 0.7 1 0 0 97 152 21.63 58.59 20 0.25 20 2 10
mountain 100 180 20 15 3 2 0 0.5 0.7 2 0 1 97 158 22.31 92.93 20 0.25 20 1 10
mountain 100 180 20 15 3 2 0 0.5 0.7 2 1 0 97 158 22.62 93.94 20 0.25 20.0332787430209 1 10
mountain 100 180 20 15 3 2 0 0.5 0.7 2 1 0 97 158 21.6 88.89 20 0.25 20.0433189448253 2 10
mountain 100 180 20 15 3 2 0 0.5 0.7 1 0 0 97 158 20.93 88.89 20 0.25 20.9305005778848 2 10
mountain 100 180 20 15 3 2 0 0.5 0.7 1 0 0 97 159 22.06 80.81 20 0.25 20 2 10
mountain 100 180 20 15 3 2 0 0.5 0.7 2 1 0 97 160 23.37 93.94 20 0.25 21.5879852751025 2 10
mountain 100 180 20 15 3 2 0 0.5 0.7 1 0 0 97 162 20.03 88.89 20 0.25 20.3835576309294 1 10
mountain 100 180 20 15 3 2 0 0.5 0.7 1 0 0 97 162 21.63 90.91 20 0.25 21.5669958400223 1 10
mountain 100 180 20 15 3 2 0 0.5 0.7 2 0 1 97 162 22.34 91.92 20 0.25 20 1 10
mountain 100 180 20 15 3 2 0 0.5 0.7 2 1 1 97 162 21.73 75.76 20 0.25 21.3161507894147 1 10
mountain 100 180 20 15 3 2 0 0.5 0.7 2 1 0 97 162 23.04 84.85 20 0.25 20 2 10
mountain 144 264 20 15 3 2 0 0.5 0.7 2 1 2 39 41 24.52 89.51 20 0.25 21.5795022245493 1 10
mountain 144 264 20 15 3 2 0 0.5 0.7 2 1 1 81 95 24.49 50.35 20 0.25 20.0012334669509 2 10
mountain 144 264 20 15 3 2 0 0.5 0.7 1 1 0 90 109 26.92 44.06 20 0.25 20 3 10
mountain 144 264 20 15 3 2 0 0.5 0.7 1 0 0 101 123 21.78 67.83 20 0.25 20.3205224494108 2 10
mountain 144 264 20 15 3 2 0 0.5 0.7 1 0 0 112 135 20 50.35 20 0.25 20 1 10
mountain 144 264 20 15 3 2 0 0.5 0.7 2 1 1 116 148 24.54 89.51 20 0.25 20 1 10
mountain 144 264 20 15 3 2 0 0.5 0.7 1 0 0 120 158 20.99 91.61 20 0.25 20.7023281706464 2 10
mountain 144 264 20 15 3 2 0 0.5 0.7 2 3 0 122 165 34.94 86.71 20 0.25 20 2 10
mountain 144 264 20 15 3 2 0 0.5 0.7 1 0 0 125 177 21.07 86.01 20 0.25 21.0678877218993 3 10
mountain 144 264 20 15 3 2 0 0.5 0.7 2 1 1 132 194 29.35 53.15 20 0.25 20.4869278375188 2 10
mountain 144 264 20 15 3 2 0 0.5 0.7 1 0 0 134 203 22.29 79.72 20 0.25 20.7023281706464 1 10
mountain 144 264 20 15 3 2 0 0.5 0.7 1 0 0 134 205 20.4 58.04 20 0.25 20.3957288978182 3 10
mountain 144 264 20 15 3 2 0 0.5 0.7 1 1 0 134 207 22.27 74.83 20 0.25 20.4565469766331 2 10
mountain 144 264 20 15 3 2 0 0.5 0.7 1 0 0 134 208 21.34 79.72 20 0.25 20.635969822308 3 10
mountain 144 264 20 15 3 2 0 0.5 0.7 2 1 0 135 214 24.97 68.53 20 0.25 20 2 10
mountain 144 264 20 15 3 2 0 0.5 0.7 1 0 0 135 215 21.2 84.62 20 0.25 20.4565469766331 3 10
mountain 144 264 20 15 3 2 0 0.5 0.7 1 1 0 135 217 22.52 71.33 20 0.25 21.2439928701645 2 10
mountain 144 264 20 15 3 2 0 0.5 0.7 2 1 1 135 219 20.84 46.15 20 0.25 20.0012334669509 1 10
mountain 144 264 20 15 3 2 0 0.5 0.7 2 1 2 135 221 23.85 89.51 20 0.25 20 3 10
mountain 144 264 20 15 3 2 0 0.5 0.7 1 0 0 135 221 21.89 61.54 20 0.25 22.1774094874443 2 10
mountain 144 264 20 15 3 2 0 0.5 0.7 2 1 0 135 225 22.59 57.34 20 0.25 20.635969822308 1 10
mountain 144 264 20 15 3 2 0 0.5 0.7 1 0 0 135 225 21.08 60.14 20 0.25 20.0012334669509 2 10
mountain 144 264 20 15 3 2 0 0.5 0.7 1 1 0 135 229 23.83 92.31 20 0.25 20 2 10
mountain 144 264 20 15 3 2 0 0.5 0.7 1 0 0 135 229 20 90.21 20 0.25 20.0012334669509 2 10
mountain 144 264 20 15 3 2 0 0.5 0.7 1 1 0 135 232 21.08 69.93 20 0.25 21.0817673827007 2 10
mountain 144 264 20 15 3 2 0 0.5 0.7 1 0 0 135 232 20 68.53 20 0.25 20.0012334669509 2 10
mountain 144 264 20 15 3 2 0 0.5 0.7 1 1 0 135 232 20 91.61 20 0.25 20.0012334669509 2 10
mountain 144 264 20 15 3 2 0 0.5 0.7 1 0 0 135 232 23.71 86.01 20 0.25 20.4565469766331 2 10
mountain 144 264 20 15 3 2 0 0.5 0.7 1 0 0 135 232 21.89 85.31 20 0.25 21.2009020008262 1 10
mountain 144 264 20 15 3 2 0 0.5 0.7 1 0 0 135 233 22.58 72.03 20 0.25 21.2009020008262 1 10
mountain 196 364 20 15 3 2 0 0.5 0.7 2 3 3 43 47 23.29 80.51 20 0.25 21.0955087520452 2 10
mountain 196 364 20 15 3 2 0 0.5 0.7 2 3 2 61 71 23.51 60 20 0.25 20 2 10
mountain 196 364 20 15 3 2 0 0.5 0.7 2 3 1 84 101 27.45 63.08 20 0.25 21.7401043746635 3 10
mountain 196 364 20 15 3 2 0 0.5 0.7 2 3 1 105 137 26.44 86.67 20 0.25 20.1050171722411 4 10
mountain 196 364 20 15 3 2 0 0.5 0.7 2 1 0 105 143 22.97 81.03 20 0.25 20.2022291390859 2 10
mountain 196 364 20 15 3 2 0 0.5 0.7 2 2 1 120 163 22.53 64.1 20 0.25 21.1799662807048 2 10
mountain 196 364 20 15 3 2 0 0.5 0.7 1 0 0 124 169 22.51 72.31 20 0.25 20.3074355327643 2 10
mountain 196 364 20 15 3 2 0 0.5 0.7 1 1 0 148 198 20.08 62.56 20 0.25 20.0821647635845 4 10
mountain 196 364 20 15 3 2 0 0.5 0.7 1 1 0 155 213 21.74 86.15 20 0.25 20.5338307371009 3 10
mountain 196 364 20 15 3 2 0 0.5 0.7 2 1 2 166 234 21.74 85.13 20 0.25 20 2 10
mountain 196 364 20 15 3 2 0 0.5 0.7 2 1 2 166 235 23.65 47.18 20 0.25 20 2 10
mountain 196 364 20 15 3 2 0 0.5 0.7 1 1 0 170 244 21.77 92.82 20 0.25 20 3 10
mountain 196 364 20 15 3 2 0 0.5 0.7 1 1 0 170 246 21.41 87.69 20 0.25 21.4094455770037 2 10
mountain 196 364 20 15 3 2 0 0.5 0.7 2 2 0 173 256 24.83 72.31 20 0.25 20 3 10
mountain 196 364 20 15 3 2 0 0.5 0.7 2 1 0 175 259 24.25 73.33 20 0.25 20 2 10
mountain 196 364 20 15 3 2 0 0.5 0.7 2 1 0 177 267 22.64 51.79 20 0.25 20.688107223482 2 10
mountain 196 364 20 15 3 2 0 0.5 0.7 2 3 1 178 276 22.03 67.18 20 0.25 20 4 10
mountain 196 364 20 15 3 2 0 0.5 0.7 1 0 0 181 287 20.44 83.08 20 0.25 20.7206839575327 2 10
mountain 196 364 20 15 3 2 0 0.5 0.7 2 1 1 182 291 20.31 83.08 20 0.25 20.3074355327643 2 10
mountain 196 364 20 15 3 2 0 0.5 0.7 1 0 0 187 303 25.02 85.64 20 0.25 20 2 10
mountain 196 364 20 15 3 2 0 0.5 0.7 1 1 0 189 306 20 40.51 20 0.25 20 3 10
mountain 196 364 20 15 3 2 0 0.5 0.7 2 4 0 189 308 32.19 88.21 20 0.25 20 4 10
mountain 196 364 20 15 3 2 0 0.5 0.7 1 1 0 189 308 21.8 50.26 20 0.25 20.1050171722411 3 10
mountain 196 364 20 15 3 2 0 0.5 0.7 1 2 0 189 309 34.01 43.59 20 0.25 21.3272975490198 3 10
mountain 196 364 20 15 3 2 0 0.5 0.7 1 1 0 189 315 23.61 75.9 20 0.25 20.3533112976363 3 10
mountain 196 364 20 15 3 2 0 0.5 0.7 1 0 0 189 315 24.44 54.36 20 0.25 20 2 10
mountain 196 364 20 15 3 2 0 0.5 0.7 1 1 0 189 315 22.27 80.51 20 0.25 21.5949417092225 2 10
mountain 196 364 20 15 3 2 0 0.5 0.7 1 1 0 189 315 23.34 45.13 20 0.25 21.6206267635845 4 10
mountain 196 364 20 15 3 2 0 0.5 0.7 2 2 2 189 317 28.08 68.21 20 0.25 20.1050171722411 2 10
mountain 196 364 20 15 3 2 0 0.5 0.7 2 3 2 189 319 25.31 85.64 20 0.25 20 2 10
mountain 256 480 20 15 3 2 0 0.5 0.7 2 4 2 47 50 31.42 74.9 20 0.25 22.0061417213414 4 10
mountain 256 480 20 15 3 2 0 0.5 0.7 2 3 1 71 80 22.72 79.22 20 0.25 21.7260589594211 3 10
mountain 256 480 20 15 3 2 0 0.5 0.7 2 3 1 90 105 24.13 74.51 20 0.25 20.5164924877466 3 10
mountain 256 480 20 15 3 2 0 0.5 0.7 2 3 1 101 123 21.86 52.16 20 0.25 20.4681147842465 5 10
mountain 256 480 20 15 3 2 0 0.5 0.7 2 3 2 132 160 20.3 83.14 20 0.25 20.6118503325979 4 10
mountain 256 480 20 15 3 2 0 0.5 0.7 1 1 0 139 170 24 61.18 20 0.25 20 4 10
mountain 256 480 20 15 3 2 0 0.5 0.7 2 3 0 159 192 22.13 36.08 20 0.25 20.8430276874339 4 10
mountain 256 480 20 15 3 2 0 0.5 0.7 1 1 0 159 197 22.56 86.67 20 0.25 20 5 10
mountain 256 480 20 15 3 2 0 0.5 0.7 1 2 0 168 212 23.26 75.69 20 0.25 20 4 10
mountain 256 480 20 15 3 2 0 0.5 0.7 1 1 0 179 229 22.48 83.53 20 0.25 20.0128764798888 3 10
mountain 256 480 20 15 3 2 0 0.5 0.7 2 3 0 189 246 23.86 83.92 20 0.25 20 5 10
mountain 256 480 20 15 3 2 0 0.5 0.7 2 2 2 201 281 21.86 57.25 20 0.25 22.1125459261983 4 10
mountain 256 480 20 15 3 2 0 0.5 0.7 1 1 0 201 285 25.77 70.59 20 0.25 20.7912370563743 4 10
mountain 256 480 20 15 3 2 0 0.5 0.7 1 2 0 207 300 25.18 54.9 20 0.25 20 5 10
mountain 256 480 20 15 3 2 0 0.5 0.7 2 3 1 217 321 22.55 83.53 20 0.25 21.8584361244478 4 10
mountain 256 480 20 15 3 2 0 0.5 0.7 2 3 1 225 333 21.55 83.53 20 0.25 20 4 10
mountain 256 480 20 15 3 2 0 0.5 0.7 2 3 0 225 335 21.85 48.63 20 0.25 20 6 10
mountain 256 480 20 15 3 2 0 0.5 0.7 1 1 0 225 337 24.14 80.39 20 0.25 21.8154267976355 5 10
mountain 256 480 20 15 3 2 0 0.5 0.7 1 1 0 228 341 20 38.04 20 0.25 20 3 10
mountain 256 480 20 15 3 2 0 0.5 0.7 1 1 0 237 354 20.39 84.71 20 0.25 20.0128764798888 5 10
mountain 256 480 20 15 3 2 0 0.5 0.7 2 3 0 237 360 20.3 79.61 20 0.25 20.302984255249 3 10
mountain 256 480 20 15 3 2 0 0.5 0.7 1 1 0 237 362 22.89 74.9 20 0.25 20.554717618793 4 10
mountain 256 480 20 15 3 2 0 0.5 0.7 2 3 1 241 372 22.9 43.53 20 0.25 22.5460433685407 4 10
mountain 256 480 20 15 3 2 0 0.5 0.7 2 5 0 241 374 27.34 81.96 20 0.25 20 4 10
mountain 256 480 20 15 3 2 0 0.5 0.7 2 3 0 241 382 24.31 69.02 20 0.25 20.4455738546602 4 10
mountain 256 480 20 15 3 2 0 0.5 0.7 2 2 0 241 386 22.54 83.92 20 0.25 20.2202976325239 3 10
mountain 256 480 20 15 3 2 0 0.5 0.7 2 3 2 242 394 22.96 38.82 20 0.25 20.0128764798888 8 10
mountain 256 480 20 15 3 2 0 0.5 0.7 1 1 0 242 394 22.31 53.73 20 0.25 20.0128764798888 15 10
mountain 256 480 20 15 3 2 0 0.5 0.7 2 3 1 242 395 23.02 39.22 20 0.25 20 4 10
mountain 256 480 20 15 3 2 0 0.5 0.7 2 3 1 242 395 23.4 82.35 20 0.25 20.3483602389439 3 10
mountain 324 612 20 15 3 2 0 0.5 0.7 2 6 1 54 56 27.57 80.5 20 0.25 22.547997910503 19 10
mountain 324 612 20 15 3 2 0 0.5 0.7 2 9 1 125 138 25.17 77.09 20 0.25 20.3442048434183 31 10
mountain 324 612 20 15 3 2 0 0.5 0.7 1 2 0 133 153 23.05 73.37 20 0.25 21.4111383690048 6 10
mountain 324 612 20 15 3 2 0 0.5 0.7 2 4 0 148 176 25.77 83.28 20 0.25 21.078752328375 5 10
mountain 324 612 20 15 3 2 0 0.5 0.7 1 1 0 154 192 22.42 49.85 20 0.25 20.0964724866683 5 10
mountain 324 612 20 15 3 2 0 0.5 0.7 2 4 1 185 231 20.46 75.54 20 0.25 20.4567187228527 4 10
mountain 324 612 20 15 3 2 0 0.5 0.7 2 6 1 216 279 30.56 67.49 20 0.25 20 6 10
mountain 324 612 20 15 3 2 0 0.5 0.7 2 6 2 235 315 29.98 78.02 20 0.25 20.1342361224898 5 10
mountain 324 612 20 15 3 2 0 0.5 0.7 1 2 0 243 330 23.19 73.99 20 0.25 20 4 10
mountain 324 612 20 15 3 2 0 0.5 0.7 2 4 2 261 367 22.52 76.47 20 0.25 20 6 10
mountain 324 612 20 15 3 2 0 0.5 0.7 1 2 0 268 382 24.43 31.58 20 0.25 20.0002353281243 7 10
mountain 324 612 20 15 3 2 0 0.5 0.7 2 4 3 271 400 26.02 68.42 20 0.25 22.3126747129818 4 10
mountain 324 612 20 15 3 2 0 0.5 0.7 2 4 1 271 412 24.42 72.45 20 0.25 22.4350765921242 5 10
mountain 324 612 20 15 3 2 0 0.5 0.7 2 6 2 276 427 32.84 76.47 20 0.25 22.0151332160919 4 10
mountain 324 612 20 15 3 2 0 0.5 0.7 1 1 0 276 428 22.66 70.9 20 0.25 22.0976365645005 5 10
mountain 324 612 20 15 3 2 0 0.5 0.7 2 6 1 279 436 23.26 45.51 20 0.25 20 4 10
mountain 324 612 20 15 3 2 0 0.5 0.7 2 4 0 280 445 24.85 83.9 20 0.25 20.2069061919179 4 10
mountain 324 612 20 15 3 2 0 0.5 0.7 2 4 2 281 452 23.81 82.04 20 0.25 20.214446623249 5 10
mountain 324 612 20 15 3 2 0 0.5 0.7 1 1 0 282 455 23.36 76.16 20 0.25 21.7378141135974 3 10
mountain 324 612 20 15 3 2 0 0.5 0.7 2 3 0 286 461 23.62 42.72 20 0.25 20 4 10
mountain 324 612 20 15 3 2 0 0.5 0.7 2 3 1 297 480 20.09 55.11 20 0.25 20.0002353281243 5 10
mountain 324 612 20 15 3 2 0 0.5 0.7 2 4 2 298 491 27.2 70.59 20 0.25 20.2965044518155 4 10
mountain 324 612 20 15 3 2 0 0.5 0.7 1 1 0 299 493 21.84 30.65 20 0.25 20 3 10
mountain 324 612 20 15 3 2 0 0.5 0.7 1 1 0 299 498 23.63 82.04 20 0.25 20.214446623249 4 10
mountain 324 612 20 15 3 2 0 0.5 0.7 1 1 0 299 499 25.4 78.64 20 0.25 20.0002353281243 5 10
mountain 324 612 20 15 3 2 0 0.5 0.7 2 3 0 299 502 22.56 72.45 20 0.25 21.4110745163355 4 10
mountain 324 612 20 15 3 2 0 0.5 0.7 1 1 0 299 502 20 81.42 20 0.25 20.0002353281243 5 10
mountain 324 612 20 15 3 2 0 0.5 0.7 2 4 1 303 511 28.36 41.18 20 0.25 21.0433274259734 3 10
mountain 324 612 20 15 3 2 0 0.5 0.7 1 1 0 303 511 22.5 77.09 20 0.25 20.0002353281243 5 10
mountain 324 612 20 15 3 2 0 0.5 0.7 2 4 0 303 511 26.49 60.99 20 0.25 20.214446623249 4 10
mountain 400 760 20 15 3 2 0 0.5 0.7 1 1 0 37 37 22.39 72.93 20 0.25 20.583415788135 4 10
mountain 400 760 20 15 3 2 0 0.5 0.7 2 4 1 103 106 27.61 67.92 20 0.25 20 4 10
mountain 400 760 20 15 3 2 0 0.5 0.7 2 3 2 149 160 23.69 71.68 20 0.25 20.1418701947442 3 10
mountain 400 760 20 15 3 2 0 0.5 0.7 1 1 0 182 199 23.15 41.85 20 0.25 20.8963624064889 3 10
mountain 400 760 20 15 3 2 0 0.5 0.7 1 1 0 190 212 22.64 77.94 20 0.25 20.0666145467022 3 10
mountain 400 760 20 15 3 2 0 0.5 0.7 1 1 0 193 218 20.81 52.88 20 0.25 20.8440464639064 5 10
mountain 400 760 20 15 3 2 0 0.5 0.7 1 2 0 216 252 24.85 53.13 20 0.25 20.132948157984 5 10
mountain 400 760 20 15 3 2 0 0.5 0.7 2 3 3 272 335 25.33 68.67 20 0.25 20 4 10
mountain 400 760 20 15 3 2 0 0.5 0.7 1 2 0 276 342 23.38 60.15 20 0.25 20.0064933643568 5 10
mountain 400 760 20 15 3 2 0 0.5 0.7 1 2 0 300 375 22.21 71.68 20 0.25 22.3745002309925 4 10
mountain 400 760 20 15 3 2 0 0.5 0.7 2 5 0 306 386 22.33 67.67 20 0.25 22.0137458680735 6 10
mountain 400 760 20 15 3 2 0 0.5 0.7 1 1 0 310 392 25.76 35.09 20 0.25 20.1418701947442 4 10
mountain 400 760 20 15 3 2 0 0.5 0.7 1 1 0 323 424 23.29 74.44 20 0.25 20 4 10
mountain 400 760 20 15 3 2 0 0.5 0.7 2 3 1 333 441 23.36 76.94 20 0.25 20.2130683830872 5 10
mountain 400 760 20 15 3 2 0 0.5 0.7 2 6 0 336 455 32.01 74.69 20 0.25 21.6253032167867 5 10
mountain 400 760 20 15 3 2 0 0.5 0.7 2 3 0 340 469 24.18 71.93 20 0.25 20.1856176387937 5 10
mountain 400 760 20 15 3 2 0 0.5 0.7 2 5 2 347 490 22.74 68.42 20 0.25 20.583415788135 7 10
mountain 400 760 20 15 3 2 0 0.5 0.7 2 3 3 362 516 22.18 70.43 20 0.25 21.7300590700281 6 10
mountain 400 760 20 15 3 2 0 0.5 0.7 2 3 1 366 535 26.45 58.9 20 0.25 20.1418701947442 3 10
mountain 400 760 20 15 3 2 0 0.5 0.7 2 3 1 367 546 24.88 29.07 20 0.25 22.4676340650235 4 10
mountain 400 760 20 15 3 2 0 0.5 0.7 1 1 0 369 549 20 79.45 20 0.25 20 4 10
mountain 400 760 20 15 3 2 0 0.5 0.7 2 2 2 378 571 21.39 43.61 20 0.25 20 4 10
mountain 400 760 20 15 3 2 0 0.5 0.7 2 4 0 378 577 25.17 55.89 20 0.25 20 4 10
mountain 400 760 20 15 3 2 0 0.5 0.7 2 2 1 379 584 23.28 55.64 20 0.25 20 4 10
mountain 400 760 20 15 3 2 0 0.5 0.7 1 1 0 379 591 22.68 76.19 20 0.25 20 4 10
mountain 400 760 20 15 3 2 0 0.5 0.7 2 8 1 382 604 33.43 60.65 20 0.25 21.6527623719669 6 10
mountain 400 760 20 15 3 2 0 0.5 0.7 2 3 2 383 613 27.5 77.44 20 0.25 22.647066981328 5 10
mountain 400 760 20 15 3 2 0 0.5 0.7 2 2 4 384 623 24.09 78.7 20 0.25 21.5665228048049 4 10
mountain 400 760 20 15 3 2 0 0.5 0.7 2 3 1 384 625 24.19 33.08 20 0.25 20.1919731758029 4 10
mountain 400 760 20 15 3 2 0 0.5 0.7 2 4 1 385 637 24.17 75.44 20 0.25 22.4442679554626 4 10
mountain 484 924 20 15 3 2 0 0.5 0.7 2 6 1 41 42 21.24 73.29 20 0.25 20.929651906937 7 10
mountain 484 924 20 15 3 2 0 0.5 0.7 2 4 0 90 94 22.83 80.12 20 0.25 20.5687623789341 4 10
mountain 484 924 20 15 3 2 0 0.5 0.7 2 3 2 113 126 23.86 63.77 20 0.25 20.8257420926712 5 10
mountain 484 924 20 15 3 2 0 0.5 0.7 1 2 0 137 157 22.14 42.86 20 0.25 20.0216060988268 6 10
mountain 484 924 20 15 3 2 0 0.5 0.7 2 6 1 199 236 27.68 77.43 20 0.25 20.7311826990482 4 10
mountain 484 924 20 15 3 2 0 0.5 0.7 1 1 0 213 254 24.45 40.79 20 0.25 22.7524529270839 5 10
mountain 484 924 20 15 3 2 0 0.5 0.7 2 8 5 306 379 32.97 67.7 20 0.25 20.7904874494387 8 10
mountain 484 924 20 15 3 2 0 0.5 0.7 1 2 0 306 383 22.1 72.67 20 0.25 20.1804203301823 6 10
mountain 484 924 20 15 3 2 0 0.5 0.7 1 1 0 319 396 20 71.43 20 0.25 20 4 10
